 AIMInt (Version 19.02.13, Professional)
 Portions Copyright (c) 1997-2019 by Todd A. Keith
 AIMInt is a component of the AIMAll package ( http://aim.tkgristmill.com )

 TP:  64-bit Linux

 Licensed To:  Research Group of Fernando Cortes Guzman, UNAM, fercor@unam.mx

 AIMInt is a heavily modified and extended version of the PROAIMV program
 developed by members of R.F.W. Bader's research group

 Much of the Quantum Theory of Atoms in Molecules (QTAIM) is described in the book:
   "Atoms in Molecules - A Quantum Theory"
   R.F.W. Bader, Oxford University Press, Oxford, 1990

 For additional references see:  http://aim.tkgristmill.com/references.html

 Current Directory:  /home/david/David/proyecto_spin/noab/hexaaqua/def2/pbe0/opt_scan/int

 Inp File:  co24_pbe0_noab_atomicfiles/co1.inp
 Wfx File:  co24_pbe0_noab.wfx
 Out File:  co24_pbe0_noab_atomicfiles/co1.int

 Wfx Title:   Title Card Required                                                           
 Job Title:   Title Card Required                                                           
 
<Atom>
Co1     
</Atom>
<Nuclei of Molecule>
    19
Co1       27.0           2.2041927371E-06   9.0067274381E-06   1.5994888739E-04
O2         8.0          -3.9710288842E+00   7.5862695923E-01   3.7016386514E-04
H3         1.0          -5.3078930692E+00  -4.7977630322E-01  -4.1714354005E-03
H4         1.0          -4.7666507510E+00   2.3980484526E+00   5.0451846509E-03
O5         8.0          -1.5708440197E-04  -1.4727506729E-03   3.8810331640E+00
H6         1.0           1.4486152318E+00  -2.7855154895E-01   4.9539214408E+00
H7         1.0          -1.4489782173E+00   2.7495472538E-01   4.9540234107E+00
O8         8.0           1.5388048799E-04   1.4897930081E-03  -3.8809556589E+00
H9         1.0           1.4488435144E+00  -2.7556248545E-01  -4.9539617398E+00
H10        1.0          -1.4484822138E+00   2.7916436450E-01  -4.9538736556E+00
O11        8.0          -7.6701928306E-01  -3.9425021009E+00  -1.9307273063E-03
H12        1.0          -9.4871956386E-01  -5.0081890244E+00  -1.4691753147E+00
H13        1.0          -9.6767942473E-01  -5.0062814524E+00   1.4642294948E+00
O14        8.0           7.6702798206E-01   3.9425068657E+00   1.0003982092E-03
H15        1.0           9.6758100986E-01   5.0052834881E+00   1.4679019122E+00
H16        1.0           9.4884835295E-01   5.0091933676E+00  -1.4655033395E+00
O17        8.0           3.9710170595E+00  -7.5866307490E-01   1.1555099371E-04
H18        1.0           4.7665858388E+00  -2.3981129784E+00   3.6653053111E-03
H19        1.0           5.3079204159E+00   4.7970068167E-01  -3.4830106504E-03
</Nuclei of Molecule>
<Total Number of CPs of DelSqRho>
    96
</Total Number of CPs of DelSqRho>
<Number of (3,+3) CPs of DelSqRho>
    15
</Number of (3,+3) CPs of DelSqRho>
<Number of (3,+1) CPs of DelSqRho>
    37
</Number of (3,+1) CPs of DelSqRho>
<Number of (3,-1) CPs of DelSqRho>
    32
</Number of (3,-1) CPs of DelSqRho>
<Number of (3,-3) CPs of DelSqRho>
    12
</Number of (3,-3) CPs of DelSqRho>
<Number of Degenerate CPs of DelSqRho>
     0
</Number of Degenerate CPs of DelSqRho>
<CP of DelSqRho>
CP# = 1       
Type = (3,+3)
Coords =  2.20419272782817E-06  9.00672742524682E-06  1.59948887033093E-04
DistFromNuc =  3.5695897234E-13
Rho =  1.2999319277E+04
DelSqRho = -2.2775787758E+09
GradDelSqRho = -7.1525573730E-07  2.3841857910E-06  6.1392784119E-06
HessDelSqRho_EigVals =  1.8696978317E+15  1.8696978354E+15  1.8696978417E+15
HessDelSqRho_EigVec1 = -3.5563093716E-05 -4.2255475707E-04  9.9999991009E-01
HessDelSqRho_EigVec2 =  2.0204448948E-01  9.7937625406E-01  4.2102546008E-04
HessDelSqRho_EigVec3 =  9.7937634391E-01 -2.0204448629E-01 -5.0545210665E-05
</CP of DelSqRho>
<CP of DelSqRho>
CP# = 2       
Type = (3,-1)
Coords =  2.04990089035835E-02  1.06094375207495E-01  1.05031319393705E-01
DistFromNuc =  1.5057300143E-01
Rho =  1.2109307317E+02
DelSqRho = -8.1769529312E+03
GradDelSqRho = -4.3655745685E-11 -1.0186340660E-10 -3.6379788071E-11
HessDelSqRho_EigVals = -9.5197270501E+04 -1.0292610643E+04  1.6147555845E+07
HessDelSqRho_EigVec1 =  9.8208165044E-01 -1.8845134247E-01 -1.3127798227E-03
HessDelSqRho_EigVec2 = -1.3034032790E-01 -6.8424440841E-01  7.1751027065E-01
HessDelSqRho_EigVec3 =  1.3611403600E-01  7.0448256265E-01  6.9654668769E-01
</CP of DelSqRho>
<CP of DelSqRho>
CP# = 3       
Type = (3,-1)
Coords = -2.04964590126548E-02 -1.06154417626870E-01  1.04951937099695E-01
DistFromNuc =  1.5057300109E-01
Rho =  1.2109307283E+02
DelSqRho = -8.1769529244E+03
GradDelSqRho = -1.5916157281E-11  7.2759576142E-11  2.1827872843E-11
HessDelSqRho_EigVals = -9.5196888652E+04 -1.0292644015E+04  1.6147555871E+07
HessDelSqRho_EigVec1 =  9.8209827771E-01 -1.8836488589E-01  1.2816679722E-03
HessDelSqRho_EigVec2 =  1.3020206255E-01  6.8373405262E-01  7.1802170454E-01
HessDelSqRho_EigVec3 =  1.3612639648E-01  7.0500100358E-01 -6.9601953215E-01
</CP of DelSqRho>
<CP of DelSqRho>
CP# = 4       
Type = (3,+1)
Coords =  2.83937116569678E-02  1.47891791956770E-01  2.30006805186346E-04
DistFromNuc =  1.5058353420E-01
Rho =  1.2111487156E+02
DelSqRho = -8.2043855866E+03
GradDelSqRho =  4.1836756282E-11  1.6007106751E-10  3.6379788071E-12
HessDelSqRho_EigVals = -9.0913969671E+04  9.9869266616E+03  1.6144083270E+07
HessDelSqRho_EigVec1 =  9.8206465770E-01 -1.8854443962E-01 -4.8783546924E-05
HessDelSqRho_EigVec2 = -3.9844339559E-05 -4.6627341252E-04  9.9999989050E-01
HessDelSqRho_EigVec3 =  1.8854444172E-01  9.8206454822E-01  4.6542306794E-04
</CP of DelSqRho>
<CP of DelSqRho>
CP# = 5       
Type = (3,+1)
Coords = -2.83892804126085E-02 -1.47873793545302E-01  1.18601636978752E-04
DistFromNuc =  1.5058353404E-01
Rho =  1.2111487192E+02
DelSqRho = -8.2043861675E+03
GradDelSqRho =  3.6379788071E-11  2.0372681320E-10  7.2759576142E-12
HessDelSqRho_EigVals = -9.0913555706E+04  9.9870211715E+03  1.6144083522E+07
HessDelSqRho_EigVec1 =  9.8206468285E-01 -1.8854425594E-01 -1.4916163039E-04
HessDelSqRho_EigVec2 =  9.4750735037E-05 -2.9759735868E-04  9.9999995123E-01
HessDelSqRho_EigVec3 =  1.8854429114E-01  9.8206464909E-01  2.7439514883E-04
</CP of DelSqRho>
<CP of DelSqRho>
CP# = 6       
Type = (3,+3)
Coords = -7.61108489897759E-02  1.30007371677127E-01  2.15197671964107E-04
DistFromNuc =  1.5064121218E-01
Rho =  1.2142957766E+02
DelSqRho = -8.4280573010E+03
GradDelSqRho =  1.1641532183E-10 -9.4587448984E-11  9.0949470177E-12
HessDelSqRho_EigVals =  5.9136566440E+03  1.0273978878E+05  1.6130303827E+07
HessDelSqRho_EigVec1 = -3.0604793912E-05 -4.4265143925E-04  9.9999990156E-01
HessDelSqRho_EigVec2 =  8.6316133346E-01  5.0492816316E-01  2.4992407747E-04
HessDelSqRho_EigVec3 = -5.0492822409E-01  8.6316125614E-01  3.6662638419E-04
</CP of DelSqRho>
<CP of DelSqRho>
CP# = 7       
Type = (3,+1)
Coords = -5.78709327715840E-06 -4.57646873757359E-05  1.50730369304698E-01
DistFromNuc =  1.5057043059E-01
Rho =  1.2114036847E+02
DelSqRho = -8.2079632055E+03
GradDelSqRho =  0.0000000000E+00 -4.3655745685E-11  1.1641532183E-10
HessDelSqRho_EigVals = -8.9125709710E+04  1.0618228979E+04  1.6152120412E+07
HessDelSqRho_EigVec1 =  9.8164237608E-01 -1.9073081865E-01 -1.7314430074E-05
HessDelSqRho_EigVec2 =  1.9073081206E-01  9.8164230883E-01  3.6720562322E-04
HessDelSqRho_EigVec3 = -5.3040852018E-05 -3.6376699580E-04  9.9999993243E-01
</CP of DelSqRho>
<CP of DelSqRho>
CP# = 8       
Type = (3,+3)
Coords =  9.68632524667878E-02 -2.05527055341502E-02  1.13674065950265E-01
DistFromNuc =  1.5063300255E-01
Rho =  1.2143894346E+02
DelSqRho = -8.4261882019E+03
GradDelSqRho =  1.0186340660E-10  9.8225427791E-11  4.3655745685E-11
HessDelSqRho_EigVals =  5.5300655506E+03  1.0120439625E+05  1.6134884401E+07
HessDelSqRho_EigVec1 =  1.8765282351E-01  9.8207480007E-01  1.7762457470E-02
HessDelSqRho_EigVec2 =  7.4280227457E-01 -1.3005456874E-01 -6.5675763417E-01
HessDelSqRho_EigVec3 =  6.4267503352E-01 -1.3643641823E-01  7.5389250233E-01
</CP of DelSqRho>
<CP of DelSqRho>
CP# = 9       
Type = (3,+3)
Coords = -9.68659427607562E-02  2.04968597936044E-02  1.13681361727941E-01
DistFromNuc =  1.5063300167E-01
Rho =  1.2143891756E+02
DelSqRho = -8.4261628376E+03
GradDelSqRho = -2.9103830457E-11  1.4551915228E-11 -2.9103830457E-11
HessDelSqRho_EigVals =  5.5119025072E+03  1.0119970390E+05  1.6134882091E+07
HessDelSqRho_EigVec1 =  1.8764482952E-01  9.8208774118E-01 -1.7119771569E-02
HessDelSqRho_EigVec2 =  7.4276349811E-01 -1.3046985854E-01  6.5671911948E-01
HessDelSqRho_EigVec3 = -6.4272218246E-01  1.3594588863E-01  7.5394092045E-01
</CP of DelSqRho>
<CP of DelSqRho>
CP# = 10      
Type = (3,+3)
Coords =  9.68447578097337E-02 -2.06105937763198E-02 -1.13359453570279E-01
DistFromNuc =  1.5063300717E-01
Rho =  1.2143890633E+02
DelSqRho = -8.4261640644E+03
GradDelSqRho = -2.6193447411E-10 -4.3655745685E-11  8.0035533756E-11
HessDelSqRho_EigVals =  5.5145117025E+03  1.0120029801E+05  1.6134877659E+07
HessDelSqRho_EigVec1 =  1.8751729596E-01  9.8208872893E-01 -1.8411741352E-02
HessDelSqRho_EigVec2 =  7.4294286165E-01 -1.2954395146E-01  6.5669952716E-01
HessDelSqRho_EigVec3 = -6.4255207419E-01  1.3682139140E-01  7.5392754215E-01
</CP of DelSqRho>
<CP of DelSqRho>
CP# = 11      
Type = (3,+3)
Coords = -9.68325790219449E-02  2.07062913772240E-02 -1.13351947575152E-01
DistFromNuc =  1.5063300923E-01
Rho =  1.2143892908E+02
DelSqRho = -8.4261882554E+03
GradDelSqRho = -1.0277290130E-10  6.5483618528E-11 -2.1100277081E-10
HessDelSqRho_EigVals =  5.5324110900E+03  1.0120472451E+05  1.6134878691E+07
HessDelSqRho_EigVec1 =  1.8751925221E-01  9.8207533096E-01  1.9093830472E-02
HessDelSqRho_EigVec2 =  7.4298700525E-01 -1.2909879106E-01 -6.5673724744E-01
HessDelSqRho_EigVec3 =  6.4250045921E-01 -1.3733734546E-01  7.5387771784E-01
</CP of DelSqRho>
<CP of DelSqRho>
CP# = 12      
Type = (3,-3)
Coords = -2.61510968289642E-01  5.03282660729646E-02  1.70327003410154E-04
DistFromNuc =  2.6631028397E-01
Rho =  2.9669230402E+01
DelSqRho =  2.7407728845E+03
GradDelSqRho =  5.6843418861E-12  8.3559825725E-12  3.1832314562E-12
HessDelSqRho_EigVals = -1.0352754220E+06 -3.1096152716E+04 -3.0708476435E+04
HessDelSqRho_EigVec1 =  9.8198747938E-01 -1.8894599447E-01 -3.8998793035E-05
HessDelSqRho_EigVec2 =  1.8894599775E-01  9.8198747296E-01  1.1349818594E-04
HessDelSqRho_EigVec3 =  1.6851298607E-05 -1.1882246339E-04  9.9999999280E-01
</CP of DelSqRho>
<CP of DelSqRho>
CP# = 13      
Type = (3,-3)
Coords =  2.61515371505576E-01 -5.03102726534373E-02  1.49747420116007E-04
DistFromNuc =  2.6631028268E-01
Rho =  2.9669230896E+01
DelSqRho =  2.7407729350E+03
GradDelSqRho =  9.0949470177E-12 -4.2064129957E-12 -1.0587086763E-12
HessDelSqRho_EigVals = -1.0352754591E+06 -3.1096153779E+04 -3.0708481247E+04
HessDelSqRho_EigVec1 =  9.8198745561E-01 -1.8894611813E-01 -3.8300273352E-05
HessDelSqRho_EigVec2 =  1.8894609571E-01  9.8198719181E-01  7.2665675159E-04
HessDelSqRho_EigVec3 = -9.9688594550E-05 -7.2080450171E-04  9.9999973525E-01
</CP of DelSqRho>
<CP of DelSqRho>
CP# = 14      
Type = (3,+3)
Coords = -1.18885439698960E-01 -9.25029814314560E-02  2.48331425492355E-04
DistFromNuc =  1.5064112199E-01
Rho =  1.2142970806E+02
DelSqRho = -8.4284991494E+03
GradDelSqRho = -2.9103830457E-11 -5.0931703299E-11  1.4551915228E-11
HessDelSqRho_EigVals =  6.3942879482E+03  1.0282173321E+05  1.6130329371E+07
HessDelSqRho_EigVec1 =  1.1319982101E-04  8.1082819946E-04  9.9999966487E-01
HessDelSqRho_EigVec2 = -6.1442560388E-01  7.8897455739E-01 -5.7017014248E-04
HessDelSqRho_EigVec3 =  7.8897475529E-01  6.1442533343E-01 -5.8750538478E-04
</CP of DelSqRho>
<CP of DelSqRho>
CP# = 15      
Type = (3,+1)
Coords = -8.42248522618603E-02  9.50242945234858E-02  8.12110530950355E-02
DistFromNuc =  1.5063659398E-01
Rho =  1.2142571116E+02
DelSqRho = -8.4183776092E+03
GradDelSqRho =  4.3655745685E-11  4.3655745685E-11  4.7293724492E-11
HessDelSqRho_EigVals = -5.4990973615E+03  1.0524083516E+05  1.6131971999E+07
HessDelSqRho_EigVec1 =  1.3129219632E-01  7.0822247580E-01 -6.9367375902E-01
HessDelSqRho_EigVec2 =  8.1884647215E-01  3.1694573267E-01  4.7857690875E-01
HessDelSqRho_EigVec3 = -5.5879586096E-01  6.3084572385E-01  5.3831297445E-01
</CP of DelSqRho>
<CP of DelSqRho>
CP# = 16      
Type = (3,+1)
Coords =  8.42132885069672E-02 -9.51313846538868E-02  8.10807988823333E-02
DistFromNuc =  1.5063659833E-01
Rho =  1.2142567859E+02
DelSqRho = -8.4183594634E+03
GradDelSqRho =  3.3651303966E-11  1.5461409930E-11  7.2759576142E-12
HessDelSqRho_EigVals = -5.5124794351E+03  1.0523900441E+05  1.6131967365E+07
HessDelSqRho_EigVec1 =  1.3119373719E-01  7.0716501535E-01  6.9477035371E-01
HessDelSqRho_EigVec2 = -8.1893460853E-01 -3.1765130357E-01  4.7795790221E-01
HessDelSqRho_EigVec3 = -5.5868981579E-01  6.3167657104E-01 -5.3744804337E-01
</CP of DelSqRho>
<CP of DelSqRho>
CP# = 17      
Type = (3,+1)
Coords = -1.13263547064468E-01 -5.56969782357252E-02  8.23730686770861E-02
DistFromNuc =  1.5063626467E-01
Rho =  1.2142494802E+02
DelSqRho = -8.4177006034E+03
GradDelSqRho = -2.9103830457E-11 -1.4551915228E-11  3.6379788071E-11
HessDelSqRho_EigVals = -5.8496672008E+03  1.0508303134E+05  1.6132061861E+07
HessDelSqRho_EigVec1 =  1.4364933592E-01  7.1613571818E-01  6.8301866844E-01
HessDelSqRho_EigVec2 =  6.4375683358E-01 -5.9181169067E-01  4.8511448340E-01
HessDelSqRho_EigVec3 =  7.5162624190E-01  3.7001156189E-01 -5.4603061870E-01
</CP of DelSqRho>
<CP of DelSqRho>
CP# = 18      
Type = (3,+1)
Coords = -8.42077418156958E-02  9.51516644935515E-02 -8.07593761540468E-02
DistFromNuc =  1.5063657424E-01
Rho =  1.2142575031E+02
DelSqRho = -8.4183954076E+03
GradDelSqRho =  5.4569682106E-11 -1.4551915228E-10  1.6734702513E-10
HessDelSqRho_EigVals = -5.5015168931E+03  1.0524902062E+05  1.6131996125E+07
HessDelSqRho_EigVec1 =  1.3118274533E-01  7.0714489145E-01  6.9479291146E-01
HessDelSqRho_EigVec2 = -8.1894150065E-01 -3.1766590374E-01  4.7793638919E-01
HessDelSqRho_EigVec3 = -5.5868229419E-01  6.3169175718E-01 -5.3743801324E-01
</CP of DelSqRho>
<CP of DelSqRho>
CP# = 19      
Type = (3,+1)
Coords =  8.42273684507893E-02 -9.50117546599887E-02 -8.08866623467660E-02
DistFromNuc =  1.5063657120E-01
Rho =  1.2142577914E+02
DelSqRho = -8.4184123647E+03
GradDelSqRho = -1.3687895262E-10 -1.0186340660E-10 -5.0931703299E-11
HessDelSqRho_EigVals = -5.4884034021E+03  1.0525062140E+05  1.6131999419E+07
HessDelSqRho_EigVec1 =  1.3128161664E-01  7.0817764201E-01 -6.9372153239E-01
HessDelSqRho_EigVec2 =  8.1885672669E-01  3.1697332479E-01  4.7854108760E-01
HessDelSqRho_EigVec3 = -5.5878331962E-01  6.3088219085E-01  5.3828325534E-01
</CP of DelSqRho>
<CP of DelSqRho>
CP# = 20      
Type = (3,+1)
Coords =  1.00891390593641E-05  6.39173385561222E-05 -1.50410477184067E-01
DistFromNuc =  1.5057043629E-01
Rho =  1.2114035787E+02
DelSqRho = -8.2079665562E+03
GradDelSqRho =  2.1827872843E-11 -1.4551915228E-11  3.0559021980E-10
HessDelSqRho_EigVals = -8.9124689083E+04  1.0622523949E+04  1.6152116137E+07
HessDelSqRho_EigVec1 =  9.8162290539E-01 -1.9083100188E-01 -1.8208825042E-05
HessDelSqRho_EigVec2 =  1.9083099557E-01  9.8162283781E-01  3.6797968908E-04
HessDelSqRho_EigVec3 = -5.2347734228E-05 -3.6469209973E-04  9.9999993213E-01
</CP of DelSqRho>
<CP of DelSqRho>
CP# = 21      
Type = (3,-1)
Coords =  8.20134826200532E-02  4.24734369944405E-01  4.13990185772990E-01
DistFromNuc =  5.9864258862E-01
Rho =  3.6680950354E+00
DelSqRho = -2.1871116150E+01
GradDelSqRho = -1.4210854715E-14  1.4832579609E-13  1.8829382498E-13
HessDelSqRho_EigVals = -8.7077850188E+02 -8.2654146593E+01  7.1228804992E+03
HessDelSqRho_EigVec1 =  9.8209567656E-01 -1.8837838499E-01 -1.2907916352E-03
HessDelSqRho_EigVec2 = -1.2934457160E-01 -6.7927752824E-01  7.2239325954E-01
HessDelSqRho_EigVec3 =  1.3696008131E-01  7.0929234008E-01  6.9148124517E-01
</CP of DelSqRho>
<CP of DelSqRho>
CP# = 22      
Type = (3,-1)
Coords = -8.20164434078196E-02 -4.25025644628065E-01  4.13670983454755E-01
DistFromNuc =  5.9864253868E-01
Rho =  3.6680963443E+00
DelSqRho = -2.1871157637E+01
GradDelSqRho =  1.1191048088E-13  2.3447910280E-13 -2.2737367544E-13
HessDelSqRho_EigVals = -8.7077833158E+02 -8.2653128234E+01  7.1228877250E+03
HessDelSqRho_EigVec1 =  9.8211115045E-01 -1.8829794238E-01  1.2542171035E-03
HessDelSqRho_EigVec2 =  1.2921388710E-01  6.7875981608E-01  7.2290309410E-01
HessDelSqRho_EigVec3 =  1.3697247733E-01  7.0980912714E-01 -6.9094829292E-01
</CP of DelSqRho>
<CP of DelSqRho>
CP# = 23      
Type = (3,-1)
Coords =  8.20134805962720E-02  4.25034740408591E-01 -4.13361276709131E-01
DistFromNuc =  5.9864223687E-01
Rho =  3.6681029301E+00
DelSqRho = -2.1871394851E+01
GradDelSqRho =  1.4210854715E-13  2.6290081223E-13 -3.6326497366E-13
HessDelSqRho_EigVals = -8.7077645278E+02 -8.2646579654E+01  7.1229297396E+03
HessDelSqRho_EigVec1 =  9.8211076541E-01 -1.8830002850E-01  1.2424749953E-03
HessDelSqRho_EigVec2 =  1.2922682650E-01  6.7877433535E-01  7.2288714817E-01
HessDelSqRho_EigVec3 =  1.3696303074E-01  7.0979468929E-01 -6.9096499714E-01
</CP of DelSqRho>
<CP of DelSqRho>
CP# = 24      
Type = (3,-1)
Coords = -8.20018161807539E-02 -4.24708354261295E-01 -4.13679573065327E-01
DistFromNuc =  5.9864233563E-01
Rho =  3.6681005911E+00
DelSqRho = -2.1871313294E+01
GradDelSqRho =  1.4210854715E-14 -2.1316282073E-13 -3.3750779949E-14
HessDelSqRho_EigVals = -8.7077768809E+02 -8.2647493633E+01  7.1229152154E+03
HessDelSqRho_EigVec1 =  9.8209523737E-01 -1.8838075764E-01 -1.2786271964E-03
HessDelSqRho_EigVec2 = -1.2935771559E-01 -6.7929044945E-01  7.2237875571E-01
HessDelSqRho_EigVec3 =  1.3695081655E-01  7.0927933527E-01  6.9149641966E-01
</CP of DelSqRho>
<CP of DelSqRho>
CP# = 25      
Type = (3,-1)
Coords =  5.02777589760427E-02  2.61913943859109E-01  2.58488761649888E-04
DistFromNuc =  2.6668677735E-01
Rho =  2.9538539321E+01
DelSqRho =  2.6388591642E+03
GradDelSqRho = -1.0686562746E-11 -4.8885340220E-12 -1.3642420527E-12
HessDelSqRho_EigVals = -1.0222475415E+06 -2.5250441236E+04  2.7395503641E+03
HessDelSqRho_EigVec1 =  1.8852232268E-01  9.8206883542E-01  3.6925171423E-04
HessDelSqRho_EigVec2 =  9.8206890462E-01 -1.8852230130E-01 -9.2203636310E-05
HessDelSqRho_EigVec3 =  2.0938134808E-05 -3.8001307020E-04  9.9999992758E-01
</CP of DelSqRho>
<CP of DelSqRho>
CP# = 26      
Type = (3,-1)
Coords = -5.02733431794269E-02 -2.61895935615160E-01  6.16828505019232E-05
DistFromNuc =  2.6668678097E-01
Rho =  2.9538537928E+01
DelSqRho =  2.6388590551E+03
GradDelSqRho =  6.8212102633E-13  0.0000000000E+00 -3.6379788071E-12
HessDelSqRho_EigVals = -1.0222474462E+06 -2.5250431723E+04  2.7395530049E+03
HessDelSqRho_EigVec1 =  1.8852228586E-01  9.8206884270E-01  3.6869076522E-04
HessDelSqRho_EigVec2 =  9.8206891142E-01 -1.8852226063E-01 -1.0233740351E-04
HessDelSqRho_EigVec3 =  3.0995958892E-05 -3.8137261969E-04  9.9999992680E-01
</CP of DelSqRho>
<CP of DelSqRho>
CP# = 27      
Type = (3,-3)
Coords =  3.58217200855566E-02  1.85397882467452E-01  1.88386228757843E-01
DistFromNuc =  2.6661058756E-01
Rho =  2.9490176546E+01
DelSqRho =  2.6631228182E+03
GradDelSqRho =  1.7053025658E-12  9.5496943686E-12  8.1854523160E-12
HessDelSqRho_EigVals = -1.0254163950E+06 -2.6442635358E+04 -2.7524481444E+03
HessDelSqRho_EigVec1 =  1.3433826842E-01  6.9527328480E-01  7.0607952037E-01
HessDelSqRho_EigVec2 =  9.8207597626E-01 -1.8848132035E-01 -1.2524926183E-03
HessDelSqRho_EigVec3 = -1.3221197561E-01 -6.9359199197E-01  7.0813144414E-01
</CP of DelSqRho>
<CP of DelSqRho>
CP# = 28      
Type = (3,-3)
Coords =  3.58274058474602E-02  1.85540409333307E-01 -1.87924721081609E-01
DistFromNuc =  2.6661055775E-01
Rho =  2.9490188229E+01
DelSqRho =  2.6631220710E+03
GradDelSqRho = -6.8212102633E-12  1.0004441720E-11  1.2732925825E-11
HessDelSqRho_EigVals = -1.0254165804E+06 -2.6442608457E+04 -2.7524713738E+03
HessDelSqRho_EigVec1 =  1.3436116452E-01  6.9580795938E-01 -7.0554826988E-01
HessDelSqRho_EigVec2 =  9.8209143065E-01 -1.8840096081E-01  1.2246649010E-03
HessDelSqRho_EigVec3 =  1.3207384036E-01  6.9307745716E-01  7.0866080678E-01
</CP of DelSqRho>
<CP of DelSqRho>
CP# = 29      
Type = (3,-3)
Coords = -3.58190489623200E-02 -1.85381770243167E-01 -1.88064091924569E-01
DistFromNuc =  2.6661056225E-01
Rho =  2.9490186352E+01
DelSqRho =  2.6631220475E+03
GradDelSqRho = -1.9610979507E-12 -9.3223206932E-12 -1.0686562746E-11
HessDelSqRho_EigVals = -1.0254164498E+06 -2.6442637415E+04 -2.7524837381E+03
HessDelSqRho_EigVec1 =  1.3434636507E-01  6.9528041665E-01  7.0607095707E-01
HessDelSqRho_EigVec2 =  9.8207502418E-01 -1.8848625219E-01 -1.2568280223E-03
HessDelSqRho_EigVec3 = -1.3221082057E-01 -6.9358350251E-01  7.0813997484E-01
</CP of DelSqRho>
<CP of DelSqRho>
CP# = 30      
Type = (3,-1)
Coords = -1.16236181063043E-05 -8.84297805839858E-05  2.66816628906000E-01
DistFromNuc =  2.6665669818E-01
Rho =  2.9557603523E+01
DelSqRho =  2.6384770008E+03
GradDelSqRho =  5.6843418861E-13  2.0463630790E-12  2.0008883439E-11
HessDelSqRho_EigVals = -1.0232591457E+06 -2.4850541263E+04  2.7620271474E+03
HessDelSqRho_EigVec1 = -5.1897935342E-05 -3.6540281131E-04  9.9999993189E-01
HessDelSqRho_EigVec2 =  9.8165125540E-01 -1.9068511326E-01 -1.8731204354E-05
HessDelSqRho_EigVec3 =  1.9068510712E-01  9.8165118757E-01  3.6859429213E-04
</CP of DelSqRho>
<CP of DelSqRho>
CP# = 31      
Type = (3,-1)
Coords =  1.60023276533070E-05  1.06355388953903E-04 -2.66496781268723E-01
DistFromNuc =  2.6665674828E-01
Rho =  2.9557584639E+01
DelSqRho =  2.6384748309E+03
GradDelSqRho =  1.3642420527E-12  1.5916157281E-12  8.1854523160E-12
HessDelSqRho_EigVals = -1.0232575549E+06 -2.4850478790E+04  2.7621199295E+03
HessDelSqRho_EigVec1 = -5.1765537644E-05 -3.6507979038E-04  9.9999993202E-01
HessDelSqRho_EigVec2 =  9.8164953428E-01 -1.9069397339E-01 -1.8802901191E-05
HessDelSqRho_EigVec3 =  1.9069396729E-01  9.8164946658E-01  3.6825178226E-04
</CP of DelSqRho>
<CP of DelSqRho>
CP# = 32      
Type = (3,-1)
Coords = -1.53341358085864E-01  1.63288114275681E-01  1.45629451040076E-01
DistFromNuc =  2.6708742222E-01
Rho =  3.0187280517E+01
DelSqRho =  2.4460270792E+03
GradDelSqRho = -2.7284841053E-12  2.7284841053E-12 -4.5474735089E-13
HessDelSqRho_EigVals = -1.0030720943E+06 -1.4078036880E+03  2.8314265161E+04
HessDelSqRho_EigVec1 = -5.7447963257E-01  6.1113954889E-01  5.4450124292E-01
HessDelSqRho_EigVec2 =  1.3355326849E-01  7.2629882805E-01 -6.7428001368E-01
HessDelSqRho_EigVec3 =  8.0754979799E-01  3.1464021382E-01  4.9886356813E-01
</CP of DelSqRho>
<CP of DelSqRho>
CP# = 33      
Type = (3,-1)
Coords =  1.53315303800323E-01 -1.63504868218020E-01  1.45397637443128E-01
DistFromNuc =  2.6708740140E-01
Rho =  3.0187240266E+01
DelSqRho =  2.4460404734E+03
GradDelSqRho = -2.0463630790E-12  1.9326762413E-12 -2.2737367544E-12
HessDelSqRho_EigVals = -1.0030730821E+06 -1.4115019715E+03  2.8314072140E+04
HessDelSqRho_EigVec1 = -5.7436574340E-01  6.1201830601E-01 -5.4363368725E-01
HessDelSqRho_EigVec2 =  1.3344802282E-01  7.2522285750E-01  6.7545794256E-01
HessDelSqRho_EigVec3 = -8.0764820189E-01 -3.1541306261E-01  4.9821579855E-01
</CP of DelSqRho>
<CP of DelSqRho>
CP# = 34      
Type = (3,-1)
Coords = -1.53310452361120E-01  1.63524167221735E-01 -1.45077045068575E-01
DistFromNuc =  2.6708755640E-01
Rho =  3.0187185962E+01
DelSqRho =  2.4460366001E+03
GradDelSqRho =  8.4128259914E-12 -7.6738615462E-12  4.0927261580E-12
HessDelSqRho_EigVals = -1.0030695761E+06 -1.4111934477E+03  2.8314253187E+04
HessDelSqRho_EigVec1 = -5.7436396601E-01  6.1202272105E-01 -5.4363059468E-01
HessDelSqRho_EigVec2 =  1.3344720933E-01  7.2521791660E-01  6.7546340816E-01
HessDelSqRho_EigVec3 = -8.0764960031E-01 -3.1541585623E-01  4.9821176297E-01
</CP of DelSqRho>
<CP of DelSqRho>
CP# = 35      
Type = (3,-1)
Coords =  1.53345242495959E-01 -1.63271634974786E-01 -1.45308661081154E-01
DistFromNuc =  2.6708757335E-01
Rho =  3.0187227600E+01
DelSqRho =  2.4460232464E+03
GradDelSqRho =  2.2737367544E-13  9.0949470177E-13 -7.9012352217E-12
HessDelSqRho_EigVals = -1.0030686582E+06 -1.4074987950E+03  2.8314443346E+04
HessDelSqRho_EigVec1 = -5.7447759479E-01  6.1114492180E-01  5.4449736238E-01
HessDelSqRho_EigVec2 =  1.3355256038E-01  7.2629288181E-01 -6.7428655886E-01
HessDelSqRho_EigVec3 =  8.0755136474E-01  3.1464350366E-01  4.9885895692E-01
</CP of DelSqRho>
<CP of DelSqRho>
CP# = 36      
Type = (3,-1)
Coords =  2.02652154435507E-01  9.25253957714857E-02  1.47496995792714E-01
DistFromNuc =  2.6708517362E-01
Rho =  3.0185969676E+01
DelSqRho =  2.4466040361E+03
GradDelSqRho = -8.4128259914E-12  1.2505552149E-12  1.4779288904E-12
HessDelSqRho_EigVals = -1.0031600452E+06 -1.5070431794E+03  2.8271239043E+04
HessDelSqRho_EigVec1 =  7.5899781304E-01  3.4609107561E-01  5.5149187409E-01
HessDelSqRho_EigVec2 = -1.4797543584E-01 -7.3316633999E-01  6.6375476518E-01
HessDelSqRho_EigVec3 = -6.3405487948E-01  5.8539566559E-01  5.0525867089E-01
</CP of DelSqRho>
<CP of DelSqRho>
CP# = 37      
Type = (3,-1)
Coords = -2.02630039147901E-01 -9.24928090785757E-02  1.47530513666046E-01
DistFromNuc =  2.6708518366E-01
Rho =  3.0186009273E+01
DelSqRho =  2.4465921443E+03
GradDelSqRho =  2.6147972676E-12 -9.3223206932E-12 -5.7411853049E-12
HessDelSqRho_EigVals = -1.0031593535E+06 -1.5035193205E+03  2.8271197161E+04
HessDelSqRho_EigVec1 =  7.5893145266E-01  3.4603659436E-01 -5.5161737239E-01
HessDelSqRho_EigVec2 =  1.4808149066E-01  7.3320771348E-01  6.6368540817E-01
HessDelSqRho_EigVec3 = -6.3410955070E-01  5.8537605371E-01 -5.0521278038E-01
</CP of DelSqRho>
<CP of DelSqRho>
CP# = 38      
Type = (3,-1)
Coords =  2.02635742250666E-01  9.25165961050997E-02 -1.47204924881135E-01
DistFromNuc =  2.6708502552E-01
Rho =  3.0186064063E+01
DelSqRho =  2.4465945875E+03
GradDelSqRho = -1.5006662579E-11 -1.2619238987E-11  8.5265128291E-13
HessDelSqRho_EigVals = -1.0031622764E+06 -1.5038910363E+03  2.8271080278E+04
HessDelSqRho_EigVec1 =  7.5893648348E-01  3.4605901856E-01 -5.5159638298E-01
HessDelSqRho_EigVec2 =  1.4807393610E-01  7.3318211845E-01  6.6371536868E-01
HessDelSqRho_EigVec3 = -6.3410529370E-01  5.8539485551E-01 -5.0519633773E-01
</CP of DelSqRho>
<CP of DelSqRho>
CP# = 39      
Type = (3,-1)
Coords = -2.02648973027461E-01 -9.25128935753056E-02 -1.47171652033056E-01
DistFromNuc =  2.6708500949E-01
Rho =  3.0186026585E+01
DelSqRho =  2.4466064895E+03
GradDelSqRho =  0.0000000000E+00 -9.0949470177E-13  2.2737367544E-12
HessDelSqRho_EigVals = -1.0031630533E+06 -1.5074159447E+03  2.8271112916E+04
HessDelSqRho_EigVec1 =  7.5900261884E-01  3.4611250655E-01  5.5147181016E-01
HessDelSqRho_EigVec2 = -1.4796811427E-01 -7.3314196479E-01  6.6378332053E-01
HessDelSqRho_EigVec3 = -6.3405083530E-01  5.8541352245E-01  5.0524305634E-01
</CP of DelSqRho>
<CP of DelSqRho>
CP# = 40      
Type = (3,+1)
Coords =  2.13221758805107E-01  1.60915292066504E-01  1.43433152704394E-04
DistFromNuc =  2.6712059337E-01
Rho =  3.0197941848E+01
DelSqRho =  2.4371221181E+03
GradDelSqRho = -1.0857093002E-11 -2.2737367544E-12 -8.5265128291E-13
HessDelSqRho_EigVals = -1.0017586244E+06  1.7401153496E+03  2.7715544870E+04
HessDelSqRho_EigVec1 =  7.9850785689E-01  6.0198438396E-01 -6.2808848816E-05
HessDelSqRho_EigVec2 =  2.9708567481E-05  6.4929132959E-05  9.9999999745E-01
HessDelSqRho_EigVec3 = -6.0198438651E-01  7.9850785672E-01 -3.3962329116E-05
</CP of DelSqRho>
<CP of DelSqRho>
CP# = 41      
Type = (3,+1)
Coords = -1.38361212246054E-01  2.28501631694560E-01  3.30304454856021E-04
DistFromNuc =  2.6712046663E-01
Rho =  3.0197239383E+01
DelSqRho =  2.4375538591E+03
GradDelSqRho =  9.0949470177E-13 -1.1368683772E-11  2.0463630790E-12
HessDelSqRho_EigVals = -1.0017776072E+06  1.6094864684E+03  2.7690614314E+04
HessDelSqRho_EigVec1 = -5.1839718192E-01  8.5513972803E-01  6.3822398984E-04
HessDelSqRho_EigVec2 = -1.4562519850E-04 -8.3461851895E-04  9.9999964110E-01
HessDelSqRho_EigVec3 =  8.5513995379E-01  5.1839690292E-01  5.5719378084E-04
</CP of DelSqRho>
<CP of DelSqRho>
CP# = 42      
Type = (3,+1)
Coords =  1.38365595744890E-01 -2.28483611134255E-01 -3.26545348909975E-05
DistFromNuc =  2.6712046278E-01
Rho =  3.0197240778E+01
DelSqRho =  2.4375538953E+03
GradDelSqRho =  5.0022208598E-12  3.6379788071E-12  2.0463630790E-12
HessDelSqRho_EigVals = -1.0017776758E+06  1.6094848807E+03  2.7690609721E+04
HessDelSqRho_EigVec1 = -5.1839712768E-01  8.5513969578E-01  7.2022218856E-04
HessDelSqRho_EigVec2 = -1.7860729970E-04 -9.5050126533E-04  9.9999953232E-01
HessDelSqRho_EigVec3 =  8.5513998042E-01  5.1839675660E-01  6.4547131774E-04
</CP of DelSqRho>
<CP of DelSqRho>
CP# = 43      
Type = (3,+1)
Coords = -2.13217335448099E-01 -1.60897292795942E-01  1.94763261383479E-04
DistFromNuc =  2.6712059172E-01
Rho =  3.0197942403E+01
DelSqRho =  2.4371220859E+03
GradDelSqRho =  1.8189894035E-11  3.1832314562E-12  1.3642420527E-12
HessDelSqRho_EigVals = -1.0017586342E+06  1.7401188172E+03  2.7715541159E+04
HessDelSqRho_EigVec1 =  7.9850782505E-01  6.0198441555E-01 -1.2953880498E-04
HessDelSqRho_EigVec2 =  4.0054847097E-05  1.6205518252E-04  9.9999998607E-01
HessDelSqRho_EigVec3 = -6.0198442815E-01  7.9850781911E-01 -1.0528993761E-04
</CP of DelSqRho>
<CP of DelSqRho>
CP# = 44      
Type = (3,-3)
Coords = -3.58212316325133E-02 -1.85520324329434E-01  1.88247038820905E-01
DistFromNuc =  2.6661058613E-01
Rho =  2.9490177205E+01
DelSqRho =  2.6631227166E+03
GradDelSqRho =  8.5265128291E-13 -9.9760200101E-12 -1.0913936421E-11
HessDelSqRho_EigVals = -1.0254164313E+06 -2.6442593959E+04 -2.7524356974E+03
HessDelSqRho_EigVec1 =  1.3435297098E-01  6.9580016038E-01 -7.0555752140E-01
HessDelSqRho_EigVec2 =  9.8209240048E-01 -1.8839593247E-01  1.2204699480E-03
HessDelSqRho_EigVec3 =  1.3207496397E-01  6.9308665363E-01  7.0865160301E-01
</CP of DelSqRho>
<CP of DelSqRho>
CP# = 45      
Type = (3,+1)
Coords =  1.74910631682024E-01 -3.73360474818869E-02  1.98533471737379E-01
DistFromNuc =  2.6709486264E-01
Rho =  3.0199625937E+01
DelSqRho =  2.4405867359E+03
GradDelSqRho =  2.2737367544E-12 -2.0463630790E-12  7.5033312896E-12
HessDelSqRho_EigVals = -1.0027147148E+06  1.3477328527E+03  2.7311435300E+04
HessDelSqRho_EigVec1 =  6.5512827249E-01 -1.3986277771E-01  7.4245898876E-01
HessDelSqRho_EigVec2 =  1.8764629852E-01  9.8204465366E-01  1.9420732895E-02
HessDelSqRho_EigVec3 =  7.3184411812E-01 -1.2659660985E-01 -6.6960995000E-01
</CP of DelSqRho>
<CP of DelSqRho>
CP# = 46      
Type = (3,+1)
Coords = -1.74919057242153E-01  3.72232026385620E-02  1.98546671663089E-01
DistFromNuc =  2.6709480686E-01
Rho =  3.0199593360E+01
DelSqRho =  2.4406065604E+03
GradDelSqRho = -2.7284841053E-12 -3.6948222260E-12 -4.5474735089E-13
HessDelSqRho_EigVals = -1.0027169690E+06  1.3428975302E+03  2.7310317192E+04
HessDelSqRho_EigVec1 = -6.5517644798E-01  1.3937298864E-01  7.4250858046E-01
HessDelSqRho_EigVec2 =  1.8764107765E-01  9.8205836843E-01 -1.8766645194E-02
HessDelSqRho_EigVec3 =  7.3180232850E-01 -1.2702964626E-01  6.6957361132E-01
</CP of DelSqRho>
<CP of DelSqRho>
CP# = 47      
Type = (3,+1)
Coords =  1.74918982492738E-01 -3.72277297728298E-02 -1.98226541750993E-01
DistFromNuc =  2.6709483998E-01
Rho =  3.0199580406E+01
DelSqRho =  2.4406050779E+03
GradDelSqRho =  9.0949470177E-12 -2.2737367544E-12 -3.8653524825E-12
HessDelSqRho_EigVals = -1.0027158685E+06  1.3429668983E+03  2.7310333508E+04
HessDelSqRho_EigVec1 = -6.5516001675E-01  1.3945586258E-01  7.4250751838E-01
HessDelSqRho_EigVec2 =  1.8762875951E-01  9.8205833201E-01 -1.8891297700E-02
HessDelSqRho_EigVec3 =  7.3182019722E-01 -1.2693894168E-01  6.6957128375E-01
</CP of DelSqRho>
<CP of DelSqRho>
CP# = 48      
Type = (3,+1)
Coords = -1.74901731449672E-01  3.73767129952203E-02 -1.98213308613266E-01
DistFromNuc =  2.6709489225E-01
Rho =  3.0199614248E+01
DelSqRho =  2.4405852810E+03
GradDelSqRho = -2.2737367544E-12  4.5474735089E-13 -2.7284841053E-12
HessDelSqRho_EigVals = -1.0027136718E+06  1.3477971418E+03  2.7311447839E+04
HessDelSqRho_EigVec1 =  6.5511181019E-01 -1.3994602714E-01  7.4245782752E-01
HessDelSqRho_EigVec2 =  1.8763370622E-01  9.8204457179E-01  1.9546132899E-02
HessDelSqRho_EigVec3 =  7.3186208294E-01 -1.2650521138E-01 -6.6960758885E-01
</CP of DelSqRho>
<CP of DelSqRho>
CP# = 49      
Type = (3,-1)
Coords =  5.99863061948423E-01 -1.15451918914505E-01  1.36167678791455E-04
DistFromNuc =  6.1087173333E-01
Rho =  3.5522947554E+00
DelSqRho = -8.2819655712E+00
GradDelSqRho =  4.2632564146E-14  3.5527136788E-15 -5.6843418861E-14
HessDelSqRho_EigVals = -9.1603580750E+02 -9.0859623754E+02  5.5506951190E+03
HessDelSqRho_EigVec1 =  1.8900471075E-01  9.8197515833E-01 -1.4169442260E-03
HessDelSqRho_EigVec2 =  3.0594181547E-04  1.3840659273E-03  9.9999899538E-01
HessDelSqRho_EigVec3 =  9.8197613297E-01 -1.8900495438E-01 -3.8832282431E-05
</CP of DelSqRho>
<CP of DelSqRho>
CP# = 50      
Type = (3,-1)
Coords = -5.99858642839341E-01  1.15470101264860E-01  1.83358439992856E-04
DistFromNuc =  6.1087175471E-01
Rho =  3.5522943321E+00
DelSqRho = -8.2819539021E+00
GradDelSqRho =  1.7763568394E-13 -9.4146912488E-14  4.6185277824E-14
HessDelSqRho_EigVals = -9.1603559196E+02 -9.0859642266E+02  5.5506925856E+03
HessDelSqRho_EigVec1 =  1.8900473851E-01  9.8197358691E-01  2.2546448780E-03
HessDelSqRho_EigVec2 = -3.8834905406E-04 -2.2212810643E-03  9.9999745754E-01
HessDelSqRho_EigVec3 =  9.8197609849E-01 -1.8900513356E-01 -3.8484133124E-05
</CP of DelSqRho>
<CP of DelSqRho>
CP# = 51      
Type = (3,+1)
Coords =  1.12222079230552E-01  5.84811789684808E-01  3.68916039666665E-04
DistFromNuc =  5.9547261816E-01
Rho =  3.7486115855E+00
DelSqRho = -2.5292584659E+01
GradDelSqRho =  3.5527136788E-14  3.9790393203E-13 -3.5527136788E-15
HessDelSqRho_EigVals = -8.6331818568E+02  8.1720423784E+01  7.5951735705E+03
HessDelSqRho_EigVec1 =  9.8208049720E-01 -1.8846189660E-01 -1.0267858401E-04
HessDelSqRho_EigVec2 =  3.4787723522E-05 -3.6354421549E-04  9.9999993331E-01
HessDelSqRho_EigVec3 =  1.8846192136E-01  9.8208043528E-01  3.5047352355E-04
</CP of DelSqRho>
<CP of DelSqRho>
CP# = 52      
Type = (3,+1)
Coords = -1.12217717282089E-01 -5.84793808738292E-01 -6.75806496938257E-05
DistFromNuc =  5.9547266564E-01
Rho =  3.7486106026E+00
DelSqRho = -2.5292547467E+01
GradDelSqRho =  1.7053025658E-13 -2.8421709430E-14 -2.8421709430E-14
HessDelSqRho_EigVals = -8.6331897031E+02  8.1720178262E+01  7.5951662196E+03
HessDelSqRho_EigVec1 =  9.8208048768E-01 -1.8846195170E-01 -9.2145491278E-05
HessDelSqRho_EigVec2 =  1.8398190367E-05 -3.9306066668E-04  9.9999992258E-01
HessDelSqRho_EigVec3 =  1.8846197332E-01  9.8208041334E-01  3.8254985235E-04
</CP of DelSqRho>
<CP of DelSqRho>
CP# = 53      
Type = (3,+1)
Coords = -2.86114016652458E-05 -2.08754727083898E-04  5.94851542528641E-01
DistFromNuc =  5.9469163431E-01
Rho =  3.7705091984E+00
DelSqRho = -2.5980435818E+01
GradDelSqRho = -5.6843418861E-14  3.0198066270E-14  5.8264504332E-13
HessDelSqRho_EigVals = -8.5357875180E+02  9.0165814471E+01  7.7183961045E+03
HessDelSqRho_EigVec1 =  9.8166427311E-01 -1.9061808553E-01 -1.8901878296E-05
HessDelSqRho_EigVec2 =  1.9061807942E-01  9.8166420499E-01  3.6939049688E-04
HessDelSqRho_EigVec3 = -5.1857211999E-05 -3.6622049335E-04  9.9999993160E-01
</CP of DelSqRho>
<CP of DelSqRho>
CP# = 54      
Type = (3,+1)
Coords =  3.31909989087943E-05  2.27093136128027E-04 -5.94532349519042E-01
DistFromNuc =  5.9469233920E-01
Rho =  3.7704932907E+00
DelSqRho = -2.5979953719E+01
GradDelSqRho =  2.1316282073E-14  3.2862601529E-14  3.9257486151E-13
HessDelSqRho_EigVals = -8.5357539316E+02  9.0154066940E+01  7.7182853128E+03
HessDelSqRho_EigVec1 =  9.8166928782E-01 -1.9059225852E-01 -1.8737744149E-05
HessDelSqRho_EigVec2 =  1.9059225232E-01  9.8166921948E-01  3.6997793197E-04
HessDelSqRho_EigVec3 = -5.2120662984E-05 -3.6676724184E-04  9.9999993138E-01
</CP of DelSqRho>
<CP of DelSqRho>
CP# = 55      
Type = (3,+3)
Coords =  3.73267916462666E-01 -7.91126602645184E-02  4.25551726848464E-01
DistFromNuc =  5.7144176860E-01
Rho =  4.6365763271E+00
DelSqRho = -6.2354334359E+01
GradDelSqRho = -8.5265128291E-14  1.4210854715E-14 -1.6697754290E-13
HessDelSqRho_EigVals =  5.8825984695E+01  1.1857920166E+03  1.2242375294E+04
HessDelSqRho_EigVec1 =  1.8787486346E-01  9.8203209813E-01  1.7776217993E-02
HessDelSqRho_EigVec2 =  7.3307803234E-01 -1.2815579508E-01 -6.6796159372E-01
HessDelSqRho_EigVec3 =  6.5368160000E-01 -1.3852454812E-01  7.4398341069E-01
</CP of DelSqRho>
<CP of DelSqRho>
CP# = 56      
Type = (3,+3)
Coords = -3.73293686989506E-01  7.88427049975837E-02  4.25581325491997E-01
DistFromNuc =  5.7144371729E-01
Rho =  4.6365095562E+00
DelSqRho = -6.2350437978E+01
GradDelSqRho =  1.4210854715E-14 -6.3948846218E-14  1.9184653866E-13
HessDelSqRho_EigVals =  5.8617899350E+01  1.1857209841E+03  1.2241933720E+04
HessDelSqRho_EigVec1 =  1.8787170204E-01  9.8204467795E-01 -1.7101873714E-02
HessDelSqRho_EigVec2 =  7.3303368179E-01 -1.2860262857E-01  6.6792438591E-01
HessDelSqRho_EigVec3 = -6.5373224254E-01  1.3802034067E-01  7.4403262067E-01
</CP of DelSqRho>
<CP of DelSqRho>
CP# = 57      
Type = (3,+3)
Coords =  3.73330545460288E-01 -7.86598571359754E-02 -4.25263895462690E-01
DistFromNuc =  5.7144403740E-01
Rho =  4.6364985075E+00
DelSqRho = -6.2349989846E+01
GradDelSqRho =  4.8316906032E-13 -1.0125233985E-13 -8.3844042820E-13
HessDelSqRho_EigVals =  5.8607607794E+01  1.1857137960E+03  1.2241855519E+04
HessDelSqRho_EigVec1 =  1.8791178908E-01  9.8204439926E-01 -1.6672054813E-02
HessDelSqRho_EigVec2 =  7.3297293569E-01 -1.2891318404E-01  6.6793118398E-01
HessDelSqRho_EigVec3 = -6.5378883065E-01  1.3773230872E-01  7.4403627335E-01
</CP of DelSqRho>
<CP of DelSqRho>
CP# = 58      
Type = (3,+3)
Coords = -3.73296383573195E-01  7.89631530029252E-02 -4.25234504262874E-01
DistFromNuc =  5.7144206497E-01
Rho =  4.6365661790E+00
DelSqRho = -6.2353925566E+01
GradDelSqRho =  1.1084466678E-12 -2.1316282073E-13  1.1084466678E-12
HessDelSqRho_EigVals =  5.8816527002E+01  1.1857858923E+03  1.2242302594E+04
HessDelSqRho_EigVec1 =  1.8791619120E-01  9.8203200983E-01  1.7338879978E-02
HessDelSqRho_EigVec2 =  7.3301629979E-01 -1.2847219149E-01 -6.6796856233E-01
HessDelSqRho_EigVec3 =  6.5373894586E-01 -1.3823178972E-01  7.4398747501E-01
</CP of DelSqRho>
<CP of DelSqRho>
CP# = 59      
Type = (3,+1)
Coords = -3.24868153438338E-01  3.63093382028206E-01  3.00075919084784E-01
DistFromNuc =  5.7211939491E-01
Rho =  4.6144387497E+00
DelSqRho = -6.1149365876E+01
GradDelSqRho =  1.7053025658E-13 -2.4158453016E-13 -9.9475983006E-14
HessDelSqRho_EigVals = -5.6674984368E+01  1.2194239286E+03  1.2089672785E+04
HessDelSqRho_EigVec1 = -1.3060732876E-01 -6.9833425635E-01  7.0375492331E-01
HessDelSqRho_EigVec2 =  8.1201693014E-01  3.3191842275E-01  4.8006110633E-01
HessDelSqRho_EigVec3 = -5.6883233983E-01  6.3416041114E-01  5.2370826049E-01
</CP of DelSqRho>
<CP of DelSqRho>
CP# = 60      
Type = (3,+1)
Coords =  3.24813623937605E-01 -3.63544301465540E-01  2.99574212885459E-01
DistFromNuc =  5.7212093807E-01
Rho =  4.6143785555E+00
DelSqRho = -6.1146409369E+01
GradDelSqRho =  2.7000623959E-13 -3.7836400679E-13  8.5265128291E-14
HessDelSqRho_EigVals = -5.6822265826E+01  1.2193816109E+03  1.2089320018E+04
HessDelSqRho_EigVec1 =  1.3049700480E-01  6.9724610783E-01  7.0485345772E-01
HessDelSqRho_EigVec2 =  8.1210769455E-01  3.3264218602E-01 -4.7940616239E-01
HessDelSqRho_EigVec3 = -5.6872807580E-01  6.3497798482E-01 -5.2283012021E-01
</CP of DelSqRho>
<CP of DelSqRho>
CP# = 61      
Type = (3,+1)
Coords = -3.24814704119863E-01  3.63537305920639E-01 -2.99280859163011E-01
DistFromNuc =  5.7212205496E-01
Rho =  4.6143357232E+00
DelSqRho = -6.1144524756E+01
GradDelSqRho = -2.8421709430E-13  4.2632564146E-13 -4.4231285301E-13
HessDelSqRho_EigVals = -5.6857626982E+01  1.2193303456E+03  1.2089052438E+04
HessDelSqRho_EigVec1 =  1.3050617232E-01  6.9730598456E-01  7.0479252471E-01
HessDelSqRho_EigVec2 =  8.1209970894E-01  3.3260341090E-01 -4.7944659118E-01
HessDelSqRho_EigVec3 = -5.6873737500E-01  6.3493254362E-01 -5.2287518905E-01
</CP of DelSqRho>
<CP of DelSqRho>
CP# = 62      
Type = (3,+1)
Coords =  3.24878862692129E-01 -3.63046886740096E-01 -2.99785743126025E-01
DistFromNuc =  5.7212047960E-01
Rho =  4.6143973008E+00
DelSqRho = -6.1147528919E+01
