 AIMInt (Version 19.02.13, Professional)
 Portions Copyright (c) 1997-2019 by Todd A. Keith
 AIMInt is a component of the AIMAll package ( http://aim.tkgristmill.com )

 TP:  64-bit Linux

 Licensed To:  Research Group of Fernando Cortes Guzman, UNAM, fercor@unam.mx

 AIMInt is a heavily modified and extended version of the PROAIMV program
 developed by members of R.F.W. Bader's research group

 Much of the Quantum Theory of Atoms in Molecules (QTAIM) is described in the book:
   "Atoms in Molecules - A Quantum Theory"
   R.F.W. Bader, Oxford University Press, Oxford, 1990

 For additional references see:  http://aim.tkgristmill.com/references.html

 Current Directory:  /home/lillian/David/proyecto_spin/noab/hexaaqua/def2/pbe0/opt_scan/int

 Inp File:  cr25_pbe0_noab_atomicfiles/cr1.inp
 Wfx File:  cr25_pbe0_noab.wfx
 Out File:  cr25_pbe0_noab_atomicfiles/cr1.int

 Wfx Title:   Title Card Required                                                           
 Job Title:   Title Card Required                                                           
 
<Atom>
Cr1     
</Atom>
<Nuclei of Molecule>
    19
Cr1       24.0          -8.5921271722E-06  -9.2299817434E-07   4.5378002793E-05
O2         8.0           4.4934208065E+00  -4.7182679488E-04  -1.9229468372E-04
H3         1.0           5.6012464760E+00   1.4474330389E+00   2.2648549121E-02
H4         1.0           5.6010637988E+00  -1.4485136749E+00  -2.3063579721E-02
O5         8.0           8.0197545910E-05  -7.2009453948E-02   3.9469441556E+00
H6         1.0          -1.4748666846E+00  -9.2726175616E-02   5.0199215784E+00
H7         1.0           1.4751062148E+00  -8.9877160875E-02   5.0198643395E+00
O8         8.0          -3.0202228684E-05   7.2007740023E-02  -3.9468567107E+00
H9         1.0          -1.4750126412E+00   9.2984258859E-02  -5.0197806401E+00
H10        1.0           1.4749646384E+00   8.9617255073E-02  -5.0198230955E+00
O11        8.0           5.2067253172E-04   3.9529850772E+00   7.1894231614E-02
H12        1.0          -5.3910239668E-03   5.0584387381E+00  -1.3776891437E+00
H13        1.0           6.4639724189E-03   5.0050133544E+00   1.5606967067E+00
O14        8.0          -6.0776199035E-04  -3.9529863105E+00  -7.1820665898E-02
H15        1.0          -6.4305355447E-03  -5.0584473839E+00   1.3777579216E+00
H16        1.0           5.3365734125E-03  -5.0050070550E+00  -1.5606280671E+00
O17        8.0          -4.4933877057E+00   4.7686573589E-04  -7.8355513537E-05
H18        1.0          -5.6010297999E+00   1.4483988271E+00   2.9516748433E-02
H19        1.0          -5.6012128303E+00  -1.4473086038E+00  -2.9633272610E-02
</Nuclei of Molecule>
<Total Number of CPs of DelSqRho>
    65
</Total Number of CPs of DelSqRho>
<Number of (3,+3) CPs of DelSqRho>
     9
</Number of (3,+3) CPs of DelSqRho>
<Number of (3,+1) CPs of DelSqRho>
    20
</Number of (3,+1) CPs of DelSqRho>
<Number of (3,-1) CPs of DelSqRho>
    26
</Number of (3,-1) CPs of DelSqRho>
<Number of (3,-3) CPs of DelSqRho>
    10
</Number of (3,-3) CPs of DelSqRho>
<Number of Degenerate CPs of DelSqRho>
     0
</Number of Degenerate CPs of DelSqRho>
<CP of DelSqRho>
CP# = 1       
Type = (3,+3)
Coords = -8.59212714768489E-06 -9.22998173686897E-07  4.53780027989732E-05
DistFromNuc =  2.5145614389E-14
Rho =  9.0601556653E+03
DelSqRho = -1.2470154257E+09
GradDelSqRho =  3.8743019104E-07  5.9604644775E-08  1.7881393433E-07
HessDelSqRho_EigVals =  7.9999290558E+14  7.9999290564E+14  7.9999291962E+14
HessDelSqRho_EigVec1 =  1.4099577304E-04  9.9997562401E-01  6.9807956067E-03
HessDelSqRho_EigVec2 =  1.6451779583E-05 -6.9807979947E-03  9.9997563380E-01
HessDelSqRho_EigVec3 =  9.9999998992E-01 -1.4087749099E-04 -1.7435641564E-05
</CP of DelSqRho>
<CP of DelSqRho>
CP# = 2       
Type = (3,+3)
Coords = -7.47273098957248E-05 -1.23380093423547E-01  1.19231494427818E-01
DistFromNuc =  1.7154519643E-01
Rho =  8.0263257395E+01
DelSqRho = -4.3581439585E+03
GradDelSqRho =  4.5474735089E-12 -1.8189894035E-11  0.0000000000E+00
HessDelSqRho_EigVals =  5.4989438596E+03  3.4480632083E+04  6.4825238889E+06
HessDelSqRho_EigVec1 =  9.9999992100E-01 -3.4418011470E-04  1.9883762527E-04
HessDelSqRho_EigVec2 =  9.6113453403E-05  6.9476590865E-01  7.1923592995E-01
HessDelSqRho_EigVec3 =  3.8569230826E-04  7.1923585402E-01 -6.9476588685E-01
</CP of DelSqRho>
<CP of DelSqRho>
CP# = 3       
Type = (3,+3)
Coords = -4.91488779457061E-05  1.23378020348784E-01 -1.19140981988288E-01
DistFromNuc =  1.7154519438E-01
Rho =  8.0263260029E+01
DelSqRho = -4.3581448413E+03
GradDelSqRho =  5.4569682106E-12  4.3655745685E-11 -3.0922819860E-11
HessDelSqRho_EigVals =  5.4993622698E+03  3.4480587087E+04  6.4825247014E+06
HessDelSqRho_EigVec1 =  9.9999996578E-01  9.2491411916E-05 -2.4473043291E-04
HessDelSqRho_EigVec2 =  1.1175856314E-04  6.9476737048E-01  7.1923451560E-01
HessDelSqRho_EigVec3 = -2.3655373520E-04  7.1923451833E-01 -6.9476733637E-01
</CP of DelSqRho>
<CP of DelSqRho>
CP# = 4       
Type = (3,-1)
Coords = -5.38854393129311E-06 -3.12101122233078E-03  1.71497134504220E-01
DistFromNuc =  1.7148014395E-01
Rho =  8.0083175081E+01
DelSqRho = -4.2317833559E+03
GradDelSqRho = -4.5474735089E-12  1.8189894035E-12  0.0000000000E+00
HessDelSqRho_EigVals = -3.4436398542E+04 -1.1297200822E+04  6.4904965169E+06
HessDelSqRho_EigVec1 =  2.7214182587E-04  9.9983441850E-01  1.8195095822E-02
HessDelSqRho_EigVec2 =  9.9999996280E-01 -2.7175736857E-04 -2.3602247931E-05
HessDelSqRho_EigVec3 =  1.8653688474E-05 -1.8195101568E-02  9.9983445526E-01
</CP of DelSqRho>
<CP of DelSqRho>
CP# = 5       
Type = (3,-1)
Coords = -1.03757895866368E-05  3.11916237807539E-03 -1.71406374334565E-01
DistFromNuc =  1.7148013971E-01
Rho =  8.0083181122E+01
DelSqRho = -4.2317854012E+03
GradDelSqRho = -6.8212102633E-12 -1.6370904632E-11  4.3655745685E-11
HessDelSqRho_EigVals = -3.4436221746E+04 -1.1296531020E+04  6.4904982457E+06
HessDelSqRho_EigVec1 = -1.7433810915E-05  9.9983445557E-01  1.8195085684E-02
HessDelSqRho_EigVec2 =  9.9999999979E-01  1.7620667901E-05 -1.0109322355E-05
HessDelSqRho_EigVec3 =  1.0428258375E-05 -1.8195085504E-02  9.9983445567E-01
</CP of DelSqRho>
<CP of DelSqRho>
CP# = 6       
Type = (3,-1)
Coords =  1.71644794681960E-01 -2.84845483298802E-05  1.23941814957351E-05
DistFromNuc =  1.7165339219E-01
Rho =  8.0208226272E+01
DelSqRho = -4.3097977522E+03
GradDelSqRho =  7.2759576142E-11  5.4569682106E-12 -1.1823431123E-11
HessDelSqRho_EigVals = -1.4550888148E+03 -6.8694041566E+02  6.4574116907E+06
HessDelSqRho_EigVec1 =  1.6492514269E-04  9.9974368523E-01  2.2639272341E-02
HessDelSqRho_EigVec2 =  1.8869740251E-04 -2.2639303359E-02  9.9974368032E-01
HessDelSqRho_EigVec3 =  9.9999996860E-01 -1.6061089724E-04 -1.9238282692E-04
</CP of DelSqRho>
<CP of DelSqRho>
CP# = 7       
Type = (3,-1)
Coords = -1.71661981360707E-01  2.77290137634256E-05  2.09678395932326E-05
DistFromNuc =  1.7165339336E-01
Rho =  8.0208222424E+01
DelSqRho = -4.3097963065E+03
GradDelSqRho =  2.1827872843E-11  1.4551915228E-11 -1.0913936421E-11
HessDelSqRho_EigVals = -1.4553393963E+03 -6.8727532643E+02  6.4574110286E+06
HessDelSqRho_EigVec1 =  1.6496799797E-04  9.9990260236E-01  1.3955592839E-02
HessDelSqRho_EigVec2 = -1.4472542474E-04 -1.3955569010E-02  9.9990260583E-01
HessDelSqRho_EigVec3 =  9.9999997592E-01 -1.6697166015E-04  1.4240910654E-04
</CP of DelSqRho>
<CP of DelSqRho>
CP# = 8       
Type = (3,-1)
Coords =  1.50122404220722E-05  1.71447068249181E-01  3.16551701800250E-03
DistFromNuc =  1.7147638184E-01
Rho =  8.0086238449E+01
DelSqRho = -4.2308598971E+03
GradDelSqRho = -5.4569682106E-12 -2.1827872843E-11  1.8189894035E-12
HessDelSqRho_EigVals = -3.4563142981E+04 -1.2192196570E+04  6.4914306697E+06
HessDelSqRho_EigVec1 =  1.6361187785E-04 -1.8195692628E-02  9.9983443129E-01
HessDelSqRho_EigVec2 =  9.9999997714E-01 -1.3463270695E-04 -1.6608910862E-04
HessDelSqRho_EigVec3 =  1.3763252235E-04  9.9983443562E-01  1.8195670185E-02
</CP of DelSqRho>
<CP of DelSqRho>
CP# = 9       
Type = (3,-1)
Coords = -3.14545272401860E-05 -1.71448915691939E-01 -3.07468416277671E-03
DistFromNuc =  1.7147638178E-01
Rho =  8.0086238546E+01
DelSqRho = -4.2308599190E+03
GradDelSqRho =  1.2732925825E-11  1.1641532183E-10  1.1823431123E-11
HessDelSqRho_EigVals = -3.4563139736E+04 -1.2192194970E+04  6.4914306908E+06
HessDelSqRho_EigVec1 = -1.3623339239E-04 -1.8195214545E-02  9.9983444410E-01
HessDelSqRho_EigVec2 =  9.9999998183E-01 -1.3579537881E-04  1.3378471271E-04
HessDelSqRho_EigVec3 =  1.3333865554E-04  9.9983444416E-01  1.8195232715E-02
</CP of DelSqRho>
<CP of DelSqRho>
CP# = 10      
Type = (3,+3)
Coords =  5.83768151256484E-05  1.18960028156633E-01  1.23641678854469E-01
DistFromNuc =  1.7154520678E-01
Rho =  8.0263248905E+01
DelSqRho = -4.3581437154E+03
GradDelSqRho = -7.2759576142E-12 -2.5465851650E-11 -2.5465851650E-11
HessDelSqRho_EigVals =  5.4987529404E+03  3.4480598422E+04  6.4825217340E+06
HessDelSqRho_EigVec1 =  9.9999992092E-01 -3.2490168139E-04 -2.2933235505E-04
HessDelSqRho_EigVec2 =  7.5045910512E-05  7.2047495618E-01 -6.9348095279E-01
HessDelSqRho_EigVec3 =  3.9054134602E-04  6.9348088074E-01  7.2047492359E-01
</CP of DelSqRho>
<CP of DelSqRho>
CP# = 11      
Type = (3,+3)
Coords =  2.65765444962653E-05 -1.18961644524545E-01 -1.23551154115461E-01
DistFromNuc =  1.7154520470E-01
Rho =  8.0263251600E+01
DelSqRho = -4.3581446030E+03
GradDelSqRho = -1.0913936421E-11 -5.0931703299E-11 -7.2759576142E-12
HessDelSqRho_EigVals =  5.4991709369E+03  3.4480550016E+04  6.4825225581E+06
HessDelSqRho_EigVec1 =  9.9999997466E-01  7.5394606024E-05  2.1214317013E-04
HessDelSqRho_EigVec2 =  9.2796919060E-05  7.2047632576E-01 -6.9347952775E-01
HessDelSqRho_EigVec3 = -2.0512874753E-04  6.9347952986E-01  7.2047630050E-01
</CP of DelSqRho>
<CP of DelSqRho>
CP# = 12      
Type = (3,-3)
Coords = -4.15397527130397E-06 -5.58322917057338E-03  3.06783553804201E-01
DistFromNuc =  3.0678896762E-01
Rho =  1.8535509582E+01
DelSqRho =  1.3280800026E+03
GradDelSqRho = -9.8765440271E-13 -4.1211478674E-13  6.7075234256E-12
HessDelSqRho_EigVals = -3.7695946325E+05 -8.9814897501E+03 -3.1966423362E+03
HessDelSqRho_EigVec1 =  1.4497633150E-05 -1.8196007295E-02  9.9983443885E-01
HessDelSqRho_EigVec2 =  1.4252157572E-04  9.9983442884E-01  1.8196005047E-02
HessDelSqRho_EigVec3 =  9.9999998974E-01 -1.4223418068E-04 -1.7088556392E-05
</CP of DelSqRho>
<CP of DelSqRho>
CP# = 13      
Type = (3,-3)
Coords = -1.29958396419917E-05  5.58138218600462E-03 -3.06692811224119E-01
DistFromNuc =  3.0678898103E-01
Rho =  1.8535506612E+01
DelSqRho =  1.3280799658E+03
GradDelSqRho = -1.4779288904E-12  7.1054273576E-13  9.0949470177E-12
HessDelSqRho_EigVals = -3.7695939717E+05 -8.9814858854E+03 -3.1966304264E+03
HessDelSqRho_EigVec1 =  1.4326728813E-05 -1.8196002641E-02  9.9983443894E-01
HessDelSqRho_EigVec2 =  1.1274364012E-04  9.9983443271E-01  1.8196000912E-02
HessDelSqRho_EigVec3 =  9.9999999354E-01 -1.1246428499E-04 -1.6375840349E-05
</CP of DelSqRho>
<CP of DelSqRho>
CP# = 14      
Type = (3,-3)
Coords =  3.26599959457957E-05  3.06727447768612E-01  5.62710885593853E-03
DistFromNuc =  3.0677915649E-01
Rho =  1.8533688306E+01
DelSqRho =  1.3294368149E+03
GradDelSqRho = -6.8212102633E-13  7.7307049651E-12 -4.8316906032E-13
HessDelSqRho_EigVals = -3.7708216083E+05 -9.0399291967E+03 -3.4424175067E+03
HessDelSqRho_EigVec1 =  1.3449942053E-04  9.9983445681E-01  1.8194528936E-02
HessDelSqRho_EigVec2 =  2.9796827430E-05 -1.8194533100E-02  9.9983446534E-01
HessDelSqRho_EigVec3 =  9.9999999051E-01 -1.3393501698E-04 -3.2239048927E-05
</CP of DelSqRho>
<CP of DelSqRho>
CP# = 15      
Type = (3,-3)
Coords = -4.98206040288966E-05 -3.06729293511601E-01 -5.53637261260557E-03
DistFromNuc =  3.0677915659E-01
Rho =  1.8533688289E+01
DelSqRho =  1.3294368151E+03
GradDelSqRho = -7.3896444519E-13  1.0913936421E-11 -9.6633812063E-13
HessDelSqRho_EigVals = -3.7708216057E+05 -9.0399291204E+03 -3.4424174751E+03
HessDelSqRho_EigVec1 =  1.3439904558E-04  9.9983445565E-01  1.8194593426E-02
HessDelSqRho_EigVec2 = -2.3437930065E-06 -1.8194593275E-02  9.9983446468E-01
HessDelSqRho_EigVec3 =  9.9999999097E-01 -1.3441944216E-04 -1.0193096620E-07
</CP of DelSqRho>
<CP of DelSqRho>
CP# = 16      
Type = (3,+1)
Coords =  1.66641764735158E-01  7.73196815100060E-04 -4.10569635708634E-02
DistFromNuc =  1.7164598215E-01
Rho =  8.0207752197E+01
DelSqRho = -4.3100873570E+03
GradDelSqRho = -4.3655745685E-11 -1.5461409930E-11  4.7293724492E-11
HessDelSqRho_EigVals = -2.6969574631E+03  1.2938537050E+03  6.4589801707E+06
HessDelSqRho_EigVec1 = -1.2934310097E-04  9.9983240608E-01  1.8306911641E-02
HessDelSqRho_EigVec2 =  2.3984936040E-01 -1.7741517520E-02  9.7064799123E-01
HessDelSqRho_EigVec3 =  9.7081010892E-01  4.5164476691E-03 -2.3980686836E-01
</CP of DelSqRho>
<CP of DelSqRho>
CP# = 17      
Type = (3,+1)
Coords = -1.66657554832471E-01  7.23330407348466E-04 -4.10635119994421E-02
DistFromNuc =  1.7164597913E-01
Rho =  8.0207748786E+01
DelSqRho = -4.3100862527E+03
GradDelSqRho =  7.2759576142E-12  7.2759576142E-12 -5.0931703299E-11
HessDelSqRho_EigVals = -2.6978059359E+03  1.2945534206E+03  6.4589804817E+06
HessDelSqRho_EigVec1 = -1.1567811370E-04  9.9983647055E-01  1.8083660693E-02
HessDelSqRho_EigVec2 = -2.3988232630E-01 -1.7583398176E-02  9.7064272193E-01
HessDelSqRho_EigVec3 =  9.7080196546E-01 -4.2256684758E-03  2.3984513249E-01
</CP of DelSqRho>
<CP of DelSqRho>
CP# = 18      
Type = (3,+1)
Coords =  1.66637196897499E-01 -8.24106239150453E-04  4.11652376858362E-02
DistFromNuc =  1.7164597138E-01
Rho =  8.0207755545E+01
DelSqRho = -4.3100889244E+03
GradDelSqRho =  2.9103830457E-11 -5.4569682106E-12  4.0017766878E-11
HessDelSqRho_EigVals = -2.6982204957E+03  1.2963867318E+03  6.4589829559E+06
HessDelSqRho_EigVec1 =  4.4704720994E-04  9.9983417676E-01  1.8204920468E-02
HessDelSqRho_EigVec2 = -2.3995681812E-01 -1.7565784948E-02  9.7062462808E-01
HessDelSqRho_EigVec3 =  9.7078345968E-01 -4.8023098216E-03  2.3990917497E-01
</CP of DelSqRho>
<CP of DelSqRho>
CP# = 19      
Type = (3,+1)
Coords = -1.66651067803082E-01 -6.76893141385469E-04  4.11813354529185E-02
DistFromNuc =  1.7164596887E-01
Rho =  8.0207752003E+01
DelSqRho = -4.3100876888E+03
GradDelSqRho =  7.2759576142E-11 -9.0949470177E-12 -1.0913936421E-11
HessDelSqRho_EigVals = -2.6990030286E+03  1.2968737790E+03  6.4589831663E+06
HessDelSqRho_EigVec1 =  4.3371081712E-04  9.9983452370E-01  1.8186179055E-02
HessDelSqRho_EigVec2 =  2.4003507436E-01 -1.7758582013E-02  9.7060176996E-01
HessDelSqRho_EigVec3 =  9.7076411912E-01  3.9443603552E-03 -2.4000305634E-01
</CP of DelSqRho>
<CP of DelSqRho>
CP# = 20      
Type = (3,-1)
Coords =  3.07369964985252E-01 -7.69396416771044E-05  6.36459277551433E-05
DistFromNuc =  3.0737856705E-01
Rho =  1.8940113900E+01
DelSqRho =  1.2515946520E+03
GradDelSqRho = -1.1027623259E-11 -2.3590018827E-12 -5.6843418861E-13
HessDelSqRho_EigVals = -3.7101971251E+05 -1.3140029102E+02  5.5489380470E+01
HessDelSqRho_EigVec1 =  9.9999996763E-01 -2.4741023121E-04  5.9419690025E-05
HessDelSqRho_EigVec2 =  2.4625076257E-04  9.9982362924E-01  1.8778971633E-02
HessDelSqRho_EigVec3 = -6.4055319843E-05 -1.8778956393E-02  9.9982365780E-01
</CP of DelSqRho>
<CP of DelSqRho>
CP# = 21      
Type = (3,-1)
Coords = -3.07387132024175E-01  7.45069366710336E-05  5.63059068941805E-05
DistFromNuc =  3.0737854935E-01
Rho =  1.8940117430E+01
DelSqRho =  1.2515948778E+03
GradDelSqRho = -6.3664629124E-12 -7.1054273576E-14  6.8212102633E-13
HessDelSqRho_EigVals = -3.7101985055E+05 -1.3140781671E+02  5.5481522159E+01
HessDelSqRho_EigVec1 =  9.9999996924E-01 -2.4550277069E-04 -3.5473766723E-05
HessDelSqRho_EigVec2 =  2.4609869838E-04  9.9983958993E-01  1.7909043448E-02
HessDelSqRho_EigVec3 =  3.1071356587E-05 -1.7909051628E-02  9.9983961959E-01
</CP of DelSqRho>
<CP of DelSqRho>
CP# = 22      
Type = (3,+1)
Coords =  3.08916127969502E-05  2.13004746604784E-01  2.21655574819047E-01
DistFromNuc =  3.0738005169E-01
Rho =  1.8892360636E+01
DelSqRho =  1.2228162750E+03
GradDelSqRho = -7.2475359048E-13  2.0463630790E-12  9.0949470177E-13
HessDelSqRho_EigVals = -3.7091361481E+05  1.1807114222E+03  8.9644796787E+03
HessDelSqRho_EigVec1 =  1.2721156881E-04  6.9297698024E-01  7.2095969976E-01
HessDelSqRho_EigVec2 =  9.9999998850E-01 -1.4770648113E-04 -3.4474015814E-05
HessDelSqRho_EigVec3 =  8.2600720915E-05  7.2095969585E-01 -6.9297699106E-01
</CP of DelSqRho>
<CP of DelSqRho>
CP# = 23      
Type = (3,+1)
Coords = -4.25719675986418E-05 -2.20928716167432E-01  2.13758704865802E-01
DistFromNuc =  3.0738002054E-01
Rho =  1.8892366579E+01
DelSqRho =  1.2228168028E+03
GradDelSqRho =  1.8971491045E-12 -5.4569682106E-12  7.1622707765E-12
HessDelSqRho_EigVals = -3.7091395648E+05  1.1807450864E+03  8.9644597117E+03
HessDelSqRho_EigVec1 =  1.0925984151E-04  7.1874992228E-01 -6.9526867992E-01
HessDelSqRho_EigVec2 =  9.9999998877E-01 -1.4982841781E-04  2.2590930348E-06
HessDelSqRho_EigVec3 =  1.0254728332E-04  6.9526867236E-01  7.1874993058E-01
</CP of DelSqRho>
<CP of DelSqRho>
CP# = 24      
Type = (3,+1)
Coords =  2.98892601629985E-06  2.20926863200517E-01 -2.13667965332161E-01
DistFromNuc =  3.0738002532E-01
Rho =  1.8892365511E+01
DelSqRho =  1.2228168128E+03
GradDelSqRho =  1.1368683772E-13 -1.8758328224E-12 -3.0695446185E-12
HessDelSqRho_EigVals = -3.7091393896E+05  1.1807517758E+03  8.9644575987E+03
HessDelSqRho_EigVec1 =  3.9011629839E-05  7.1874991993E-01 -6.9526868984E-01
HessDelSqRho_EigVec2 =  9.9999999374E-01 -1.0093581780E-04 -4.8234562923E-05
HessDelSqRho_EigVec3 =  1.0484610204E-04  6.9526868361E-01  7.1874991938E-01
</CP of DelSqRho>
<CP of DelSqRho>
CP# = 25      
Type = (3,+1)
Coords = -2.58184663559757E-05 -2.13006585440645E-01 -2.21564835074254E-01
DistFromNuc =  3.0738005639E-01
Rho =  1.8892359587E+01
DelSqRho =  1.2228162876E+03
GradDelSqRho = -4.2632564146E-13 -1.4779288904E-12 -3.9790393203E-12
HessDelSqRho_EigVals = -3.7091359835E+05  1.1807180786E+03  8.9644774473E+03
HessDelSqRho_EigVec1 =  5.7341087320E-05  6.9297697822E-01  7.2095971064E-01
HessDelSqRho_EigVec2 =  9.9999999475E-01 -1.0094997270E-04  1.7497399405E-05
HessDelSqRho_EigVec3 =  8.4906158072E-05  7.2095970586E-01 -6.9297698037E-01
</CP of DelSqRho>
<CP of DelSqRho>
CP# = 26      
Type = (3,-1)
Coords =  3.01637079666804E-01  5.90500235799735E-02  1.06597934962641E-03
DistFromNuc =  3.0737300993E-01
Rho =  1.8935273062E+01
DelSqRho =  1.2514797111E+03
GradDelSqRho = -9.7770680441E-12 -7.1054273576E-13  0.0000000000E+00
HessDelSqRho_EigVals = -3.7107411137E+05 -1.5243748543E+02  2.5330576285E+02
HessDelSqRho_EigVec1 =  9.8132725720E-01  1.9231684754E-01  3.3233161348E-03
HessDelSqRho_EigVec2 =  2.9381410534E-04 -1.8776607148E-02  9.9982366080E-01
HessDelSqRho_EigVec3 = -1.9234533514E-01  9.8115323430E-01  1.8482501794E-02
</CP of DelSqRho>
<CP of DelSqRho>
CP# = 27      
Type = (3,-1)
Coords = -3.01653929796129E-01 -5.90521927499017E-02 -1.04765070546840E-03
DistFromNuc =  3.0737299313E-01
Rho =  1.8935276058E+01
DelSqRho =  1.2514799239E+03
GradDelSqRho =  8.5265128291E-12  3.4106051316E-12 -5.6843418861E-13
HessDelSqRho_EigVals = -3.7107424434E+05 -1.5245674664E+02  2.5331948558E+02
HessDelSqRho_EigVec1 =  9.8132622912E-01  1.9231785148E-01  3.5603420168E-03
HessDelSqRho_EigVec2 = -1.1006891374E-04 -1.7948177724E-02  9.9983891243E-01
HessDelSqRho_EigVec3 = -1.9235077312E-01  9.8116854154E-01  1.7591849348E-02
</CP of DelSqRho>
<CP of DelSqRho>
CP# = 28      
Type = (3,-1)
Coords =  3.01626829865578E-01 -5.91037784475729E-02 -1.00112935765551E-03
DistFromNuc =  3.0737301524E-01
Rho =  1.8935275357E+01
DelSqRho =  1.2514802148E+03
GradDelSqRho =  1.1254996934E-11  2.3021584639E-12  3.9790393203E-13
HessDelSqRho_EigVals = -3.7107406214E+05 -1.5228148402E+02  2.5289864189E+02
HessDelSqRho_EigVec1 =  9.8129388377E-01 -1.9248558480E-01 -3.4078332776E-03
HessDelSqRho_EigVec2 = -1.5535120554E-04 -1.8493310210E-02  9.9982897205E-01
HessDelSqRho_EigVec3 =  1.9251568650E-01  9.8112552567E-01  1.8177275067E-02
</CP of DelSqRho>
<CP of DelSqRho>
CP# = 29      
Type = (3,-1)
Coords = -3.01643666998589E-01  5.91026757101419E-02  1.14373598407233E-03
DistFromNuc =  3.0737299843E-01
Rho =  1.8935278346E+01
DelSqRho =  1.2514804272E+03
GradDelSqRho =  1.3983481040E-11 -4.6611603466E-12  1.1368683772E-13
HessDelSqRho_EigVals = -3.7107419515E+05 -1.5230106490E+02  2.5291298101E+02
HessDelSqRho_EigVec1 =  9.8129281331E-01 -1.9248796390E-01 -3.5774718148E-03
HessDelSqRho_EigVec2 =  1.1184250702E-04 -1.8012249115E-02  9.9983776003E-01
HessDelSqRho_EigVec3 =  1.9252117297E-01  9.8113400850E-01  1.7653762272E-02
</CP of DelSqRho>
<CP of DelSqRho>
CP# = 30      
Type = (3,-1)
Coords =  6.87750999065955E-01 -1.16674104368125E-04  4.65222923827073E-05
DistFromNuc =  6.8775960093E-01
Rho =  2.2582327936E+00
DelSqRho = -1.7650850600E+01
GradDelSqRho = -1.0924594562E-13  7.1054273576E-15  3.5527136788E-15
HessDelSqRho_EigVals = -1.8554789480E+01 -1.1538008773E+01  2.7411529721E+03
HessDelSqRho_EigVec1 =  1.6817037924E-04  9.9985513431E-01  1.7020050551E-02
HessDelSqRho_EigVec2 = -4.3310305196E-06 -1.7020050064E-02  9.9985514845E-01
HessDelSqRho_EigVec3 =  9.9999998585E-01 -1.6821973386E-04  1.4681348279E-06
</CP of DelSqRho>
<CP of DelSqRho>
CP# = 31      
Type = (3,-1)
Coords = -6.87767966264728E-01  1.14211331168544E-04  7.86171671133126E-05
DistFromNuc =  6.8775938458E-01
Rho =  2.2582361760E+00
DelSqRho = -1.7650930316E+01
GradDelSqRho =  7.1054273576E-14  3.5527136788E-15  1.4210854715E-14
HessDelSqRho_EigVals = -1.8554196565E+01 -1.1537165223E+01  2.7411629733E+03
HessDelSqRho_EigVec1 =  1.6823537989E-04  9.9981052893E-01  1.9464787314E-02
HessDelSqRho_EigVec2 =  4.4838673242E-05 -1.9464795112E-02  9.9981054192E-01
HessDelSqRho_EigVec3 =  9.9999998484E-01 -1.6733073110E-04 -4.8104844810E-05
</CP of DelSqRho>
<CP of DelSqRho>
CP# = 32      
Type = (3,-1)
Coords =  8.64405979430924E-05  7.12733835667339E-01  1.30168315259429E-02
DistFromNuc =  7.1285279255E-01
Rho =  1.7877861091E+00
DelSqRho = -5.8228617141E+00
GradDelSqRho =  8.8817841970E-15  1.4210854715E-13  0.0000000000E+00
HessDelSqRho_EigVals = -2.8835068150E+02 -1.0244071831E+02  1.7361717811E+03
HessDelSqRho_EigVec1 = -7.5314578880E-06 -1.8196230203E-02  9.9983443487E-01
HessDelSqRho_EigVec2 =  9.9999999108E-01 -1.3346898038E-04  5.1036705187E-06
HessDelSqRho_EigVec3 =  1.3335401501E-04  9.9983442599E-01  1.8196231046E-02
</CP of DelSqRho>
<CP of DelSqRho>
CP# = 33      
Type = (3,-1)
Coords = -1.03917866363133E-04 -7.12735684010152E-01 -1.29259986466064E-02
DistFromNuc =  7.1285279354E-01
Rho =  1.7877860910E+00
DelSqRho = -5.8228613232E+00
GradDelSqRho =  9.3258734069E-15 -3.5527136788E-14 -2.6645352591E-15
HessDelSqRho_EigVals = -2.8835068531E+02 -1.0244071944E+02  1.7361717476E+03
HessDelSqRho_EigVec1 =  3.5139834292E-05 -1.8196111215E-02  9.9983443645E-01
HessDelSqRho_EigVec2 =  9.9999999044E-01 -1.3310711975E-04 -3.7568085817E-05
HessDelSqRho_EigVec3 =  1.3376867513E-04  9.9983442820E-01  1.8196106364E-02
</CP of DelSqRho>
<CP of DelSqRho>
CP# = 34      
Type = (3,-1)
Coords =  1.09088818546156E-06 -1.29604759126255E-02  7.12208625619072E-01
DistFromNuc =  7.1228115331E-01
Rho =  1.7934260032E+00
DelSqRho = -6.0257288463E+00
GradDelSqRho =  3.1086244690E-15  7.1054273576E-15 -9.9475983006E-14
HessDelSqRho_EigVals = -2.8802704601E+02 -9.5561671262E+01  1.7542724079E+03
HessDelSqRho_EigVec1 =  9.8776387898E-05  9.9983445371E-01  1.8194928429E-02
HessDelSqRho_EigVec2 =  9.9999999503E-01 -9.8511417175E-05 -1.5459166712E-05
HessDelSqRho_EigVec3 =  1.3664199319E-05 -1.8194929865E-02  9.9983445847E-01
</CP of DelSqRho>
<CP of DelSqRho>
CP# = 35      
Type = (3,-1)
Coords = -1.92835929058287E-05  1.29586390348959E-02 -7.12118074389415E-01
DistFromNuc =  7.1228135823E-01
Rho =  1.7934238233E+00
DelSqRho = -6.0256704072E+00
GradDelSqRho = -7.1054273576E-15 -3.5527136788E-15  3.5527136788E-15
HessDelSqRho_EigVals = -2.8802678127E+02 -9.5563009767E+01  1.7542658649E+03
HessDelSqRho_EigVec1 =  1.5837373995E-04  9.9983444594E-01  1.8194934179E-02
HessDelSqRho_EigVec2 =  9.9999998735E-01 -1.5807570818E-04 -1.7818137859E-05
HessDelSqRho_EigVec3 =  1.4939010889E-05 -1.8194936771E-02  9.9983445832E-01
</CP of DelSqRho>
<CP of DelSqRho>
CP# = 36      
Type = (3,+3)
Coords =  1.65260859244078E-05  4.66724463864752E-01  4.85412328066584E-01
DistFromNuc =  6.7335998068E-01
Rho =  2.3713918138E+00
DelSqRho = -2.6264303742E+01
GradDelSqRho =  7.1054273576E-15  7.8159700934E-14  7.1054273576E-14
HessDelSqRho_EigVals =  6.1973125929E+01  3.9059695290E+02  3.4382883693E+03
HessDelSqRho_EigVec1 =  9.9999999599E-01 -8.3952293911E-05  3.1154787722E-05
HessDelSqRho_EigVec2 =  8.2108310699E-05  7.2081495263E-01 -6.9312754766E-01
HessDelSqRho_EigVec3 =  3.5732810763E-05  6.9312754744E-01  7.2081495663E-01
</CP of DelSqRho>
<CP of DelSqRho>
CP# = 37      
Type = (3,+3)
Coords = -1.96053081166003E-05 -4.84076946689977E-01  4.68108899978293E-01
DistFromNuc =  6.7335953059E-01
Rho =  2.3713989454E+00
DelSqRho = -2.6264509801E+01
GradDelSqRho =  3.5527136788E-15 -1.4210854715E-14  1.4210854715E-14
HessDelSqRho_EigVals =  6.1975901018E+01  3.9060011977E+02  3.4383142489E+03
HessDelSqRho_EigVec1 =  9.9999999473E-01 -8.1248649565E-05 -6.2798242952E-05
HessDelSqRho_EigVec2 =  1.0162279172E-04  6.9511842395E-01  7.1889524018E-01
HessDelSqRho_EigVec3 =  1.4757051776E-05  7.1889524278E-01 -6.9511842854E-01
</CP of DelSqRho>
<CP of DelSqRho>
CP# = 38      
Type = (3,+3)
Coords =  8.47906938203421E-05  4.84075368049433E-01 -4.68017912657397E-01
DistFromNuc =  6.7335956839E-01
Rho =  2.3713983078E+00
DelSqRho = -2.6264480111E+01
GradDelSqRho = -1.1546319456E-14 -6.5725203058E-14  7.1054273576E-15
HessDelSqRho_EigVals =  6.1974504513E+01  3.9060005218E+02  3.4383121480E+03
HessDelSqRho_EigVec1 =  9.9999998465E-01 -1.7381917240E-04  2.2130846810E-05
HessDelSqRho_EigVec2 =  1.0491507423E-04  6.9511803395E-01  7.1889561681E-01
HessDelSqRho_EigVec3 =  1.4034139188E-04  7.1889560346E-01 -6.9511804151E-01
</CP of DelSqRho>
<CP of DelSqRho>
CP# = 39      
Type = (3,+3)
Coords = -1.13213871053936E-04 -4.66726579798644E-01 -4.85321352831535E-01
DistFromNuc =  6.7336001742E-01
Rho =  2.3713911900E+00
DelSqRho = -2.6264274631E+01
GradDelSqRho = -7.1054273576E-15 -7.8159700934E-14 -2.8421709430E-14
HessDelSqRho_EigVals =  6.1971733354E+01  3.9059690035E+02  3.4382863325E+03
HessDelSqRho_EigVec1 =  9.9999998409E-01 -1.6984472640E-04 -5.4510213660E-05
HessDelSqRho_EigVec2 =  8.4644005619E-05  7.2081458427E-01 -6.9312793042E-01
HessDelSqRho_EigVec3 =  1.5701588070E-04  6.9312791478E-01  7.2081458718E-01
</CP of DelSqRho>
<CP of DelSqRho>
CP# = 40      
Type = (3,+1)
Coords =  6.41097505565943E-01  2.47462144202972E-01  4.58988889001344E-03
DistFromNuc =  6.8722314477E-01
Rho =  2.2508208499E+00
DelSqRho = -1.7936045690E+01
GradDelSqRho =  2.8421709430E-14  6.1284310959E-14  3.1974423109E-14
HessDelSqRho_EigVals = -3.9587618206E+01  3.2418334545E+01  2.7623454736E+03
HessDelSqRho_EigVec1 = -8.4022516925E-05 -1.8140955151E-02  9.9983543580E-01
HessDelSqRho_EigVec2 = -3.6052659221E-01  9.3259599056E-01  1.6890669287E-02
HessDelSqRho_EigVec3 =  9.3274893152E-01  3.6046584324E-01  6.6186558026E-03
</CP of DelSqRho>
<CP of DelSqRho>
CP# = 41      
Type = (3,+1)
Coords = -6.41054402449805E-01  2.47620128531040E-01  4.51672851326816E-03
DistFromNuc =  6.8722333274E-01
Rho =  2.2508193925E+00
DelSqRho = -1.7935928103E+01
GradDelSqRho = -9.9475983006E-14 -2.8421709430E-14  9.7699626167E-15
HessDelSqRho_EigVals = -3.9586316380E+01  3.2410296001E+01  2.7623372762E+03
HessDelSqRho_EigVec1 = -6.7119348674E-05 -1.8229557110E-02  9.9983382556E-01
HessDelSqRho_EigVec2 =  3.6075415061E-01  9.3250552338E-01  1.7026205598E-02
HessDelSqRho_EigVec3 =  9.3266094499E-01 -3.6069534528E-01 -6.5137992281E-03
</CP of DelSqRho>
<CP of DelSqRho>
CP# = 42      
Type = (3,+1)
Coords =  6.41035901045986E-01 -2.47624267576680E-01 -4.51278687444401E-03
DistFromNuc =  6.8722350067E-01
Rho =  2.2508162237E+00
DelSqRho = -1.7935866556E+01
GradDelSqRho =  1.2345680034E-13 -1.1546319456E-14  3.5527136788E-15
HessDelSqRho_EigVals = -3.9587928202E+01  3.2411203190E+01  2.7623293317E+03
HessDelSqRho_EigVec1 =  9.3638911563E-05 -1.8160303057E-02  9.9983508371E-01
HessDelSqRho_EigVec2 =  3.6075979808E-01  9.3250556927E-01  1.6903590263E-02
HessDelSqRho_EigVec3 =  9.3265875824E-01 -3.6069872008E-01 -6.6388260702E-03
</CP of DelSqRho>
<CP of DelSqRho>
CP# = 43      
Type = (3,+1)
Coords = -6.41116006535481E-01 -2.47462017914371E-01 -4.39416175321643E-03
DistFromNuc =  6.8722297678E-01
Rho =  2.2508240180E+00
DelSqRho = -1.7936107270E+01
GradDelSqRho =  1.8296475446E-13  2.1316282073E-14  2.1316282073E-14
HessDelSqRho_EigVals = -3.9586007695E+01  3.2417429811E+01  2.7623534221E+03
HessDelSqRho_EigVec1 =  1.2469471777E-04 -1.8262907810E-02  9.9983321142E-01
HessDelSqRho_EigVec2 = -3.6052092447E-01  9.3259473890E-01  1.7079695494E-02
HessDelSqRho_EigVec3 =  9.3275111765E-01  3.6046292344E-01  6.4678707693E-03
</CP of DelSqRho>
<CP of DelSqRho>
CP# = 44      
Type = (3,+1)
Coords = -6.55563293703210E-01 -3.72147150339257E-03  2.07260947140817E-01
DistFromNuc =  6.8753480009E-01
Rho =  2.2507562464E+00
DelSqRho = -1.7774902429E+01
GradDelSqRho =  4.2632564146E-14  1.0658141036E-14 -1.7763568394E-15
HessDelSqRho_EigVals = -3.8140327144E+01  2.1005372280E+01  2.7491387850E+03
HessDelSqRho_EigVec1 =  8.7427841584E-05  9.9983386992E-01  1.8227038102E-02
HessDelSqRho_EigVec2 =  3.0158056767E-01 -1.7404762116E-02  9.5328182373E-01
HessDelSqRho_EigVec3 =  9.5344069221E-01  5.4135771254E-03 -3.0153198773E-01
</CP of DelSqRho>
<CP of DelSqRho>
CP# = 45      
Type = (3,+1)
Coords =  6.55539875803669E-01  3.63213643546949E-03 -2.07191330886334E-01
DistFromNuc =  6.8753476017E-01
Rho =  2.2507543508E+00
DelSqRho = -1.7774915262E+01
GradDelSqRho = -2.1316282073E-14 -3.5527136788E-15  1.1102230246E-14
HessDelSqRho_EigVals = -3.8144331849E+01  2.1011331636E+01  2.7491400549E+03
HessDelSqRho_EigVec1 =  2.2448077920E-04  9.9983360517E-01  1.8240383032E-02
HessDelSqRho_EigVec2 =  3.0160940345E-01 -1.7458651764E-02  9.5327171532E-01
HessDelSqRho_EigVec3 =  9.5343154834E-01  5.2874798675E-03 -3.0156313633E-01
</CP of DelSqRho>
<CP of DelSqRho>
CP# = 46      
Type = (3,+1)
Coords =  6.55549095264486E-01 -3.82504858677237E-03  2.07250057154708E-01
DistFromNuc =  6.8753493329E-01
Rho =  2.2507531000E+00
DelSqRho = -1.7774857552E+01
GradDelSqRho = -7.9936057773E-14  1.7763568394E-14 -3.6415315208E-14
HessDelSqRho_EigVals = -3.8142452748E+01  2.1007798556E+01  2.7491323404E+03
HessDelSqRho_EigVec1 =  9.2966972366E-05  9.9983508102E-01  1.8160454836E-02
HessDelSqRho_EigVec2 = -3.0156757943E-01 -1.7286960175E-02  9.5328807610E-01
HessDelSqRho_EigVec3 =  9.5344479987E-01 -5.5652287125E-03  3.0151623810E-01
</CP of DelSqRho>
<CP of DelSqRho>
CP# = 47      
Type = (3,+1)
Coords = -6.55564282519772E-01  3.91116060480528E-03 -2.07162729899993E-01
DistFromNuc =  6.8753455738E-01
Rho =  2.2507581474E+00
DelSqRho = -1.7774994268E+01
GradDelSqRho = -3.9079850467E-14 -2.8421709430E-14 -1.7763568394E-14
HessDelSqRho_EigVals = -3.8142674163E+01  2.1010961346E+01  2.7491495832E+03
HessDelSqRho_EigVec1 =  2.3005740977E-04  9.9983530161E-01  1.8147085802E-02
HessDelSqRho_EigVec2 = -3.0157515672E-01 -1.7232833416E-02  9.5328665904E-01
HessDelSqRho_EigVec3 =  9.5344237997E-01 -5.6920209043E-03  3.0152152323E-01
</CP of DelSqRho>
<CP of DelSqRho>
CP# = 48      
Type = (3,+1)
Coords =  2.78394307699563E-04  7.93772987134224E-01  8.25557106654029E-01
DistFromNuc =  1.1452278013E+00
Rho =  5.7331009117E-01
DelSqRho =  2.6004435160E+00
GradDelSqRho =  1.4432899320E-15  7.6605388699E-15  9.3258734069E-15
HessDelSqRho_EigVals = -7.9580335364E+01  1.2799580296E+00  1.0543373641E+01
HessDelSqRho_EigVec1 =  2.6637662320E-04  6.9320103570E-01  7.2074423560E-01
HessDelSqRho_EigVec2 =  9.9999996249E-01 -2.3058332979E-04 -1.4781389142E-04
HessDelSqRho_EigVec3 =  6.3726863147E-05  7.2074424794E-01 -6.9320107112E-01
</CP of DelSqRho>
<CP of DelSqRho>
CP# = 49      
Type = (3,+1)
Coords = -2.76218208479368E-04 -8.23286453223326E-01  7.96127620191370E-01
DistFromNuc =  1.1452275199E+00
Rho =  5.7331003852E-01
DelSqRho =  2.6004707612E+00
GradDelSqRho =  2.2204460493E-16  7.7715611724E-16  2.6645352591E-15
HessDelSqRho_EigVals = -7.9580988942E+01  1.2799218449E+00  1.0543307509E+01
HessDelSqRho_EigVec1 =  2.4979841354E-04  7.1896781862E-01 -6.9504331763E-01
HessDelSqRho_EigVec2 =  9.9999996522E-01 -2.3844646872E-04  1.1274558778E-04
HessDelSqRho_EigVec3 =  8.4670175394E-05  6.9504332162E-01  7.1896785318E-01
</CP of DelSqRho>
<CP of DelSqRho>
CP# = 50      
Type = (3,+1)
Coords = -1.03951177891609E-04  8.23284725678447E-01 -7.96036515924233E-01
DistFromNuc =  1.1452273356E+00
Rho =  5.7331013677E-01
DelSqRho =  2.6004732589E+00
GradDelSqRho =  4.4408920985E-16 -5.8841820305E-15  5.8841820305E-15
HessDelSqRho_EigVals = -7.9581118166E+01  1.2799278983E+00  1.0543295339E+01
HessDelSqRho_EigVec1 = -9.9774130742E-05  7.1896791441E-01 -6.9504325627E-01
HessDelSqRho_EigVec2 =  9.9999998742E-01 -1.3950215212E-05 -1.5798137113E-04
HessDelSqRho_EigVec3 =  1.2327953993E-04  6.9504326329E-01  7.1896790398E-01
</CP of DelSqRho>
<CP of DelSqRho>
CP# = 51      
Type = (3,+1)
Coords =  6.41703715187454E-05 -7.93774957350675E-01 -8.25466023131700E-01
DistFromNuc =  1.1452276177E+00
Rho =  5.7331018820E-01
DelSqRho =  2.6004460466E+00
GradDelSqRho =  9.9920072216E-16  2.8865798640E-15  5.5511151231E-15
HessDelSqRho_EigVals = -7.9580465114E+01  1.2799640181E+00  1.0543361405E+01
HessDelSqRho_EigVec1 = -7.9802490880E-05  6.9320112884E-01  7.2074419082E-01
HessDelSqRho_EigVec2 =  9.9999999137E-01 -1.9924275485E-05  1.2988522369E-04
HessDelSqRho_EigVec3 =  1.0439688949E-04  7.2074419496E-01 -6.9320112127E-01
</CP of DelSqRho>
<CP of DelSqRho>
CP# = 52      
Type = (3,-1)
Coords =  1.02175166779157E+00 -7.69655108942086E-03  4.14836697534457E-01
DistFromNuc =  1.1027715494E+00
Rho =  6.5490658917E-01
DelSqRho =  3.3080584073E+00
GradDelSqRho =  1.2878587086E-14 -1.1102230246E-16  2.7755575616E-15
HessDelSqRho_EigVals = -1.0849614246E+02 -2.1870290494E+00  1.4728583182E+00
HessDelSqRho_EigVec1 =  9.2622017304E-01 -6.9886586747E-03  3.7691822682E-01
HessDelSqRho_EigVec2 =  1.3738120670E-04  9.9983434023E-01  1.8200912564E-02
HessDelSqRho_EigVec3 = -3.7698298660E-01 -1.6806270904E-02  9.2606769573E-01
</CP of DelSqRho>
<CP of DelSqRho>
CP# = 53      
Type = (3,-1)
Coords = -1.02175354573626E+00 -7.41349275142675E-03  4.14879382151380E-01
DistFromNuc =  1.1027714847E+00
Rho =  6.5490616834E-01
DelSqRho =  3.3080670719E+00
GradDelSqRho =  2.3980817332E-14 -4.4408920985E-16 -4.8849813084E-15
HessDelSqRho_EigVals = -1.0849634004E+02 -2.1871021406E+00  1.4729086074E+00
HessDelSqRho_EigVec1 =  9.2620603268E-01  6.7397523589E-03 -3.7695750524E-01
HessDelSqRho_EigVec2 =  1.2852779051E-04  9.9983450027E-01  1.8192183605E-02
HessDelSqRho_EigVec3 =  3.7701772969E-01 -1.6898159718E-02  9.2605187959E-01
</CP of DelSqRho>
<CP of DelSqRho>
CP# = 54      
Type = (3,-1)
Coords =  1.02174298481403E+00  7.41846099467198E-03 -4.14772407333021E-01
DistFromNuc =  1.1027715662E+00
Rho =  6.5490650199E-01
DelSqRho =  3.3080725735E+00
GradDelSqRho =  2.2204460493E-15 -1.1102230246E-16 -2.9420910153E-15
HessDelSqRho_EigVals = -1.0849639199E+02 -2.1870404845E+00  1.4726699444E+00
HessDelSqRho_EigVec1 =  9.2621249773E-01  6.7375205754E-03 -3.7694165977E-01
HessDelSqRho_EigVec2 =  1.4324068618E-04  9.9983393394E-01  1.8223172837E-02
HessDelSqRho_EigVec3 =  3.7700184156E-01 -1.6932523812E-02  9.2605772018E-01
</CP of DelSqRho>
<CP of DelSqRho>
CP# = 55      
Type = (3,-1)
Coords = -1.02176826484354E+00  7.68765932386672E-03 -4.14747756113457E-01
DistFromNuc =  1.1027716387E+00
Rho =  6.5490596435E-01
DelSqRho =  3.3080799304E+00
GradDelSqRho = -2.0983215165E-14  1.5543122345E-15 -4.7739590059E-15
HessDelSqRho_EigVals = -1.0849651385E+02 -2.1871015411E+00  1.4727375600E+00
HessDelSqRho_EigVec1 =  9.2621953469E-01 -6.9906566791E-03  3.7691975842E-01
HessDelSqRho_EigVec2 =  1.5213808513E-04  9.9983490241E-01  1.8169886612E-02
HessDelSqRho_EigVec3 = -3.7698454931E-01 -1.6771960072E-02  9.2606768162E-01
</CP of DelSqRho>
<CP of DelSqRho>
CP# = 56      
Type = (3,-1)
Coords =  1.00965373642890E+00 -4.45541457493226E-01 -8.06215859273089E-03
DistFromNuc =  1.1036258957E+00
Rho =  6.5305117991E-01
DelSqRho =  3.2918870550E+00
GradDelSqRho = -2.9753977060E-14  1.1324274851E-14  1.3600232052E-15
HessDelSqRho_EigVals = -1.0790804428E+02 -2.1280597173E+00  1.7828345783E+00
HessDelSqRho_EigVec1 =  9.1479691570E-01 -4.0384716416E-01 -7.3532998780E-03
HessDelSqRho_EigVec2 =  2.6321376073E-05 -1.8145504392E-02  9.9983535644E-01
HessDelSqRho_EigVec3 =  4.0391410266E-01  9.1464649383E-01  1.6588821638E-02
</CP of DelSqRho>
<CP of DelSqRho>
CP# = 57      
Type = (3,-1)
Coords = -1.00978741307450E+00 -4.45279144088502E-01 -8.06259354892353E-03
DistFromNuc =  1.1036266129E+00
Rho =  6.5305026096E-01
DelSqRho =  3.2918877429E+00
GradDelSqRho =  8.8817841970E-15  5.7731597281E-15  1.8041124150E-15
HessDelSqRho_EigVals = -1.0790780439E+02 -2.1280382332E+00  1.7829589435E+00
HessDelSqRho_EigVec1 =  9.1490184467E-01  4.0360957427E-01  7.3434436598E-03
HessDelSqRho_EigVec2 =  1.2693497663E-05 -1.8220177151E-02  9.9983399871E-01
HessDelSqRho_EigVec3 = -4.0367637341E-01  9.1474987658E-01  1.6674796903E-02
</CP of DelSqRho>
<CP of DelSqRho>
CP# = 58      
Type = (3,-1)
Coords =  1.00977211424292E+00  4.45273898512175E-01  8.10449768905083E-03
DistFromNuc =  1.1036266085E+00
Rho =  6.5305060077E-01
DelSqRho =  3.2918785551E+00
GradDelSqRho = -1.1102230246E-14 -7.5217609918E-15 -2.3314683517E-15
HessDelSqRho_EigVals = -1.0790762085E+02 -2.1279770732E+00  1.7829281676E+00
HessDelSqRho_EigVec1 =  9.1490375369E-01  4.0360583629E-01  7.3109776097E-03
HessDelSqRho_EigVec2 =  2.7539683132E-05 -1.8173588375E-02  9.9983484633E-01
HessDelSqRho_EigVec3 = -4.0367204600E-01  9.1475245263E-01  1.6638199399E-02
</CP of DelSqRho>
<CP of DelSqRho>
CP# = 59      
Type = (3,-1)
Coords = -1.00966901530628E+00  4.45543585949487E-01  8.17237317720059E-03
DistFromNuc =  1.1036259002E+00
Rho =  6.5305083861E-01
DelSqRho =  3.2918962508E+00
GradDelSqRho =  5.5511151231E-17 -2.2204460493E-15  6.6613381478E-16
HessDelSqRho_EigVals = -1.0790822756E+02 -2.1281211021E+00  1.7828652798E+00
HessDelSqRho_EigVec1 =  9.1479498859E-01 -4.0385136305E-01 -7.3624320436E-03
HessDelSqRho_EigVec2 = -7.7304330010E-06 -1.8245025200E-02  9.9983354564E-01
HessDelSqRho_EigVec3 =  4.0391846799E-01  9.1464266007E-01  1.6693579566E-02
</CP of DelSqRho>
<CP of DelSqRho>
CP# = 60      
Type = (3,-3)
Coords =  6.77309163657144E-06 -1.90433818398693E-02  1.04632424860714E+00
DistFromNuc =  1.0464521444E+00
Rho =  6.4334640960E-01
DelSqRho =  4.8185168635E+00
GradDelSqRho =  4.2743586448E-15 -2.7755575616E-15  1.9539925233E-13
HessDelSqRho_EigVals = -1.4442035842E+02 -2.0600710718E+01 -7.2278695540E+00
HessDelSqRho_EigVec1 =  1.4455948476E-05 -1.8195418463E-02  9.9983444957E-01
HessDelSqRho_EigVec2 =  1.4593139903E-04  9.9983443906E-01  1.8195416162E-02
HessDelSqRho_EigVec3 =  9.9999998925E-01 -1.4564420803E-04 -1.7108838008E-05
</CP of DelSqRho>
<CP of DelSqRho>
CP# = 61      
Type = (3,-3)
Coords = -2.31884085126471E-05  1.90415331559937E-02 -1.04623319814432E+00
DistFromNuc =  1.0464518499E+00
Rho =  6.4334656578E-01
DelSqRho =  4.8185183447E+00
GradDelSqRho = -2.3314683517E-15  4.9960036108E-15 -2.0650148258E-13
HessDelSqRho_EigVals = -1.4442040537E+02 -2.0600710914E+01 -7.2278842259E+00
HessDelSqRho_EigVec1 =  1.4176406785E-05 -1.8195424919E-02  9.9983444945E-01
HessDelSqRho_EigVec2 =  1.1149020143E-04  9.9983444337E-01  1.8195423227E-02
HessDelSqRho_EigVec3 =  9.9999999368E-01 -1.1121379845E-04 -1.6202671376E-05
</CP of DelSqRho>
<CP of DelSqRho>
CP# = 62      
Type = (3,-3)
Coords = -1.49257939126079E-04 -1.04504224632575E+00 -1.89720515191056E-02
DistFromNuc =  1.0452143559E+00
Rho =  6.4464872038E-01
DelSqRho =  4.8516424504E+00
