 AIMInt (Version 19.02.13, Professional)
 Portions Copyright (c) 1997-2019 by Todd A. Keith
 AIMInt is a component of the AIMAll package ( http://aim.tkgristmill.com )

 TP:  64-bit Linux

 Licensed To:  Research Group of Fernando Cortes Guzman, UNAM, fercor@unam.mx

 AIMInt is a heavily modified and extended version of the PROAIMV program
 developed by members of R.F.W. Bader's research group

 Much of the Quantum Theory of Atoms in Molecules (QTAIM) is described in the book:
   "Atoms in Molecules - A Quantum Theory"
   R.F.W. Bader, Oxford University Press, Oxford, 1990

 For additional references see:  http://aim.tkgristmill.com/references.html

 Current Directory:  /home/lillian/David/proyecto_spin/noab/hexaaqua/def2/pbe0/opt_scan/int

 Inp File:  cr34_pbe0_noab_atomicfiles/cr1.inp
 Wfx File:  cr34_pbe0_noab.wfx
 Out File:  cr34_pbe0_noab_atomicfiles/cr1.int

 Wfx Title:   Title Card Required                                                           
 Job Title:   Title Card Required                                                           
 
<Atom>
Cr1     
</Atom>
<Nuclei of Molecule>
    19
Cr1       24.0          -1.8729891793E-04   1.1860863961E-04  -8.6829657809E-05
O2         8.0          -1.8561681678E+00  -1.1076580784E+00   3.0965889050E+00
H3         1.0          -3.1811921708E+00  -2.3806068630E+00   3.1664181759E+00
H4         1.0          -1.5937756789E+00  -4.7174878832E-01   4.8018986728E+00
O5         8.0           2.6200794387E+00  -2.6476192187E+00   6.2340886985E-01
H6         1.0           4.1050649611E+00  -2.9658090669E+00  -4.1332197161E-01
H7         1.0           2.6363936853E+00  -3.8477849439E+00   2.0163957260E+00
O8         8.0          -2.6211775233E+00   2.6470981999E+00  -6.2318226713E-01
H9         1.0          -2.6444528502E+00   3.8392943367E+00  -2.0229265877E+00
H10        1.0          -4.0998044846E+00   2.9726790576E+00   4.2031897648E-01
O11        8.0          -1.9881498673E+00  -2.4549401986E+00  -2.0695870502E+00
H12        1.0          -3.5856804414E+00  -2.1145289851E+00  -2.9141211107E+00
H13        1.0          -1.5279196979E+00  -4.2013441918E+00  -2.4151223208E+00
O14        8.0           1.9887411239E+00   2.4550079191E+00   2.0690470545E+00
H15        1.0           3.5913300831E+00   2.1169139646E+00   2.9048809119E+00
H16        1.0           1.5243146400E+00   4.1986208493E+00   2.4229501205E+00
O17        8.0           1.8571426707E+00   1.1077995145E+00  -3.0960724113E+00
H18        1.0           1.6174105631E+00   4.4989362148E-01  -4.7963240156E+00
H19        1.0           3.1590651661E+00   2.4040692995E+00  -3.1705874717E+00
</Nuclei of Molecule>
<Total Number of CPs of DelSqRho>
    99
</Total Number of CPs of DelSqRho>
<Number of (3,+3) CPs of DelSqRho>
    16
</Number of (3,+3) CPs of DelSqRho>
<Number of (3,+1) CPs of DelSqRho>
    35
</Number of (3,+1) CPs of DelSqRho>
<Number of (3,-1) CPs of DelSqRho>
    36
</Number of (3,-1) CPs of DelSqRho>
<Number of (3,-3) CPs of DelSqRho>
    12
</Number of (3,-3) CPs of DelSqRho>
<Number of Degenerate CPs of DelSqRho>
     0
</Number of Degenerate CPs of DelSqRho>
<CP of DelSqRho>
CP# = 1       
Type = (3,+3)
Coords = -1.87298917454874E-04  1.18608640013893E-04 -8.68296575608918E-05
DistFromNuc =  6.7326886674E-13
Rho =  9.0626835169E+03
DelSqRho = -1.2473907358E+09
GradDelSqRho =  3.2186508179E-06 -2.3841857910E-06 -4.7683715820E-06
HessDelSqRho_EigVals =  8.0023536656E+14  8.0023536656E+14  8.0023536657E+14
HessDelSqRho_EigVec1 =  9.5192102635E-01 -3.0261021743E-01  4.7680351373E-02
HessDelSqRho_EigVec2 =  2.8078374014E-01  9.2410417828E-01  2.5921411797E-01
HessDelSqRho_EigVec3 = -1.2250245253E-01 -2.3336350184E-01  9.6464222649E-01
</CP of DelSqRho>
<CP of DelSqRho>
CP# = 2       
Type = (3,-1)
Coords = -8.44176831076122E-02 -5.01653081186688E-02  1.40434873220518E-01
DistFromNuc =  1.7137554926E-01
Rho =  8.0291931978E+01
DelSqRho = -4.2309377814E+03
GradDelSqRho = -7.2759576142E-12 -1.0913936421E-11  1.8189894035E-11
HessDelSqRho_EigVals = -3.3895223305E+04 -3.3891109074E+04  6.5291873263E+06
HessDelSqRho_EigVec1 =  8.5609290472E-01  9.9852213952E-03  5.1672549177E-01
HessDelSqRho_EigVec2 = -1.5980174041E-01  9.5593348464E-01  2.4628149892E-01
HessDelSqRho_EigVec3 = -4.9149602465E-01 -2.9341347668E-01  8.1996352934E-01
</CP of DelSqRho>
<CP of DelSqRho>
CP# = 3       
Type = (3,-1)
Coords =  8.40429469449570E-02  5.04001411403078E-02 -1.40609485489529E-01
DistFromNuc =  1.7137556311E-01
Rho =  8.0291908877E+01
DelSqRho = -4.2309321297E+03
GradDelSqRho = -1.0913936421E-11  1.8189894035E-11  4.3655745685E-11
HessDelSqRho_EigVals = -3.3895622693E+04 -3.3892223745E+04  6.5291817744E+06
HessDelSqRho_EigVec1 = -4.4000152467E-02  9.4870389156E-01  3.1308930472E-01
HessDelSqRho_EigVec2 =  8.6976807207E-01 -1.1780311534E-01  4.7919299537E-01
HessDelSqRho_EigVec3 = -4.9149515499E-01 -2.9339964581E-01  8.1996899969E-01
</CP of DelSqRho>
<CP of DelSqRho>
CP# = 4       
Type = (3,-3)
Coords = -2.12908341862923E-01  2.15045045267128E-01 -5.06818108397733E-02
DistFromNuc =  3.0659984898E-01
Rho =  1.8499708519E+01
DelSqRho =  1.3568660449E+03
GradDelSqRho = -6.5938365879E-12  7.2759576142E-12 -1.7621459847E-12
HessDelSqRho_EigVals = -3.8032929325E+05 -8.8413614582E+03 -8.8410126996E+03
HessDelSqRho_EigVec1 = -6.9380704290E-01  7.0099954135E-01 -1.6501948447E-01
HessDelSqRho_EigVec2 =  6.8150492819E-02  2.9202381323E-01  9.5397987549E-01
HessDelSqRho_EigVec3 =  7.1692907428E-01  6.5063179721E-01 -2.5038164252E-01
</CP of DelSqRho>
<CP of DelSqRho>
CP# = 5       
Type = (3,-3)
Coords =  2.12533412459692E-01 -2.14808146368391E-01  5.05078168440628E-02
DistFromNuc =  3.0659978689E-01
Rho =  1.8499719210E+01
DelSqRho =  1.3568671057E+03
GradDelSqRho =  1.3642420527E-12 -2.2737367544E-12  1.3642420527E-12
HessDelSqRho_EigVals = -3.8032978967E+05 -8.8414898780E+03 -8.8409557677E+03
HessDelSqRho_EigVec1 = -6.9380585200E-01  7.0100099123E-01 -1.6501833237E-01
HessDelSqRho_EigVec2 =  6.7173011920E-02  2.9113437834E-01  9.5432099433E-01
HessDelSqRho_EigVec3 = -7.1702247259E-01 -6.5102871215E-01  2.4907908335E-01
</CP of DelSqRho>
<CP of DelSqRho>
CP# = 6       
Type = (3,+1)
Coords = -2.04855519121473E-02  1.63895844171062E-01  4.63571077718666E-02
DistFromNuc =  1.7144107232E-01
Rho =  8.0466568130E+01
DelSqRho = -4.3553600308E+03
GradDelSqRho =  7.2759576142E-12  0.0000000000E+00  7.2759576142E-12
HessDelSqRho_EigVals = -1.6940516980E+04  3.3878088738E+04  6.5208452766E+06
HessDelSqRho_EigVec1 = -4.9148324194E-01 -2.9343812733E-01  8.1996237006E-01
HessDelSqRho_EigVec2 =  8.6280138006E-01 -3.6062687872E-02  5.0425515477E-01
HessDelSqRho_EigVec3 = -1.1839764129E-01  9.5529762272E-01  2.7090302797E-01
</CP of DelSqRho>
<CP of DelSqRho>
CP# = 7       
Type = (3,+3)
Coords =  6.50347076254223E-02 -1.04576484955005E-01 -1.19185602515650E-01
DistFromNuc =  1.7146279613E-01
Rho =  8.0525029278E+01
DelSqRho = -4.3968736514E+03
GradDelSqRho =  3.6379788071E-11 -3.6379788071E-12 -4.3655745685E-11
HessDelSqRho_EigVals =  2.2582676087E+04  2.2584840480E+04  6.5181257257E+06
HessDelSqRho_EigVec1 = -2.0704688125E-01  6.7577500477E-01 -7.0743178604E-01
HessDelSqRho_EigVec2 =  9.0135366536E-01  4.1291252296E-01  1.3063237853E-01
HessDelSqRho_EigVec3 = -3.8038553982E-01  6.1059920677E-01  6.9460452762E-01
</CP of DelSqRho>
<CP of DelSqRho>
CP# = 8       
Type = (3,+1)
Coords =  1.47737398487556E-01 -6.05972811081665E-03  8.63547567841700E-02
DistFromNuc =  1.7144105638E-01
Rho =  8.0466564246E+01
DelSqRho = -4.3553578936E+03
GradDelSqRho =  5.8207660913E-11 -1.5688783606E-11  3.6379788071E-12
HessDelSqRho_EigVals = -1.6940809654E+04  3.3878341206E+04  6.5208487210E+06
HessDelSqRho_EigVec1 = -4.9143118081E-01 -2.9342754988E-01  8.1999735823E-01
HessDelSqRho_EigVec2 = -1.1839723336E-01  9.5530181876E-01  2.7088840915E-01
HessDelSqRho_EigVec3 =  8.6283108988E-01 -3.6037592193E-02  5.0420611092E-01
</CP of DelSqRho>
<CP of DelSqRho>
CP# = 9       
Type = (3,-1)
Coords =  4.37517290540147E-02 -2.15885023465441E-01  2.13861117620097E-01
DistFromNuc =  3.0718387231E-01
Rho =  1.8848344339E+01
DelSqRho =  1.2530395271E+03
GradDelSqRho =  1.2505552149E-12 -1.1368683772E-13  6.4517280407E-12
HessDelSqRho_EigVals = -3.7432012539E+05 -4.3982452699E+03  8.7967621607E+03
HessDelSqRho_EigVec1 = -1.4303798282E-01  7.0317446077E-01 -6.9648102142E-01
HessDelSqRho_EigVec2 =  5.2638778939E-01  6.4998217777E-01  5.4812321951E-01
HessDelSqRho_EigVec3 =  8.3812650039E-01 -2.8821666556E-01 -4.6311458954E-01
</CP of DelSqRho>
<CP of DelSqRho>
CP# = 10      
Type = (3,-1)
Coords = -4.41293238837387E-02  2.16119002792740E-01 -2.14037513716962E-01
DistFromNuc =  3.0718393031E-01
Rho =  1.8848330714E+01
DelSqRho =  1.2530389123E+03
GradDelSqRho = -2.8421709430E-14  6.1959326558E-12 -4.5474735089E-13
HessDelSqRho_EigVals = -3.7431963121E+05 -4.3982396981E+03  8.7967602549E+03
HessDelSqRho_EigVec1 = -1.4304847255E-01  7.0316255898E-01 -6.9649088304E-01
HessDelSqRho_EigVec2 =  5.2638686993E-01  6.4999469915E-01  5.4810925393E-01
HessDelSqRho_EigVec3 =  8.3812528757E-01 -2.8821746429E-01 -4.6311628735E-01
</CP of DelSqRho>
<CP of DelSqRho>
CP# = 11      
Type = (3,+1)
Coords = -1.48102817581866E-01  6.29884983404374E-03 -8.65439547262435E-02
DistFromNuc =  1.7144104094E-01
Rho =  8.0466607024E+01
DelSqRho = -4.3553637123E+03
GradDelSqRho =  7.6397554949E-11 -2.0463630790E-11 -3.6379788071E-12
HessDelSqRho_EigVals = -1.6940022197E+04  3.3876424497E+04  6.5208550446E+06
HessDelSqRho_EigVec1 = -4.9152046400E-01 -2.9342199950E-01  8.1994582973E-01
HessDelSqRho_EigVec2 = -1.1841407362E-01  9.5530312371E-01  2.7087644600E-01
HessDelSqRho_EigVec3 =  8.6277792081E-01 -3.6048190578E-02  5.0429632887E-01
</CP of DelSqRho>
<CP of DelSqRho>
CP# = 12      
Type = (3,+1)
Coords =  1.23211696513531E-01  1.14479046691102E-01 -3.30474180652689E-02
DistFromNuc =  1.7144101683E-01
Rho =  8.0466641445E+01
DelSqRho = -4.3553722511E+03
GradDelSqRho =  5.8207660913E-11  1.3869794202E-11  4.3655745685E-11
HessDelSqRho_EigVals = -1.6937161082E+04  3.3877540525E+04  6.5208615612E+06
HessDelSqRho_EigVec1 = -6.9376831850E-01  7.0103237283E-01 -1.6504282017E-01
HessDelSqRho_EigVec2 =  2.4685619995E-02  2.5217526295E-01  9.6736666105E-01
HessDelSqRho_EigVec3 =  7.1977506237E-01  6.6705415748E-01 -1.9225662691E-01
</CP of DelSqRho>
<CP of DelSqRho>
CP# = 13      
Type = (3,-1)
Coords = -1.19089102206272E-01  1.20252666425618E-01 -2.83672201303688E-02
DistFromNuc =  1.7137564340E-01
Rho =  8.0291759227E+01
DelSqRho = -4.2309036277E+03
GradDelSqRho = -1.4551915228E-11  4.3655745685E-11  1.4551915228E-11
HessDelSqRho_EigVals = -3.3898364387E+04 -3.3896067341E+04  6.5291560110E+06
HessDelSqRho_EigVec1 =  6.7438167828E-01  5.5202419070E-01 -4.9038622012E-01
HessDelSqRho_EigVec2 =  2.5266500004E-01  4.5152030609E-01  8.5573933586E-01
HessDelSqRho_EigVec3 = -6.9380815054E-01  7.0099836382E-01 -1.6501982963E-01
</CP of DelSqRho>
<CP of DelSqRho>
CP# = 14      
Type = (3,+1)
Coords = -1.23573274588618E-01 -1.14256069852977E-01  3.28729765979765E-02
DistFromNuc =  1.7144099539E-01
Rho =  8.0466682111E+01
DelSqRho = -4.3553772167E+03
GradDelSqRho = -3.6379788071E-12 -1.0913936421E-11 -3.6379788071E-11
HessDelSqRho_EigVals = -1.6936296567E+04  3.3875453486E+04  6.5208696624E+06
HessDelSqRho_EigVec1 = -6.9384686416E-01  7.0096204173E-01 -1.6501134857E-01
HessDelSqRho_EigVec2 =  2.4675955824E-02  2.5215182853E-01  9.6737301625E-01
HessDelSqRho_EigVec3 =  7.1969967785E-01  6.6713692105E-01 -1.9225166389E-01
</CP of DelSqRho>
<CP of DelSqRho>
CP# = 15      
Type = (3,-1)
Coords =  9.00216808056315E-02  1.11513228782332E-01  9.38449739365946E-02
DistFromNuc =  1.7137562588E-01
Rho =  8.0291785526E+01
DelSqRho = -4.2309062779E+03
GradDelSqRho =  8.7311491370E-11  4.3655745685E-11  6.5483618528E-11
HessDelSqRho_EigVals = -3.3898378550E+04 -3.3895415260E+04  6.5291592035E+06
HessDelSqRho_EigVec1 = -9.2965462821E-02 -5.9677655274E-01  7.9700387002E-01
HessDelSqRho_EigVec2 = -8.4515070484E-01  4.7048307970E-01  2.5370446945E-01
HessDelSqRho_EigVec3 =  5.2638171399E-01  6.5000262909E-01  5.4810480143E-01
</CP of DelSqRho>
<CP of DelSqRho>
CP# = 16      
Type = (3,-3)
Coords = -1.50879601015236E-01 -8.98397361938226E-02  2.51314923785467E-01
DistFromNuc =  3.0659992719E-01
Rho =  1.8499731971E+01
DelSqRho =  1.3568635905E+03
GradDelSqRho =  4.3769432523E-12  2.8421709430E-13 -8.6401996668E-12
HessDelSqRho_EigVals = -3.8032936515E+05 -8.8410981400E+03 -8.8408315035E+03
HessDelSqRho_EigVec1 = -4.9149518605E-01 -2.9340649175E-01  8.1996653145E-01
HessDelSqRho_EigVec2 = -8.4894846785E-01  3.7138946395E-01 -3.7597388873E-01
HessDelSqRho_EigVec3 =  1.9421375089E-01  8.8089868695E-01  4.3162312530E-01
</CP of DelSqRho>
<CP of DelSqRho>
CP# = 17      
Type = (3,-1)
Coords =  2.57274429001854E-01 -8.84110259524391E-02 -1.42346555632929E-01
DistFromNuc =  3.0718376777E-01
Rho =  1.8848332084E+01
DelSqRho =  1.2530454229E+03
GradDelSqRho =  1.6598278307E-11 -7.0770056482E-12 -9.5496943686E-12
HessDelSqRho_EigVals = -3.7432110938E+05 -4.3988334104E+03  8.7965202667E+03
HessDelSqRho_EigVec1 =  8.3813624161E-01 -2.8819734235E-01 -4.6310898539E-01
HessDelSqRho_EigVec2 =  5.2636494133E-01  6.5001494516E-01  5.4810630320E-01
HessDelSqRho_EigVec3 = -1.4306498183E-01  7.0315209090E-01 -6.9649806033E-01
</CP of DelSqRho>
<CP of DelSqRho>
CP# = 18      
Type = (3,-3)
Coords =  1.50504433084969E-01  9.00760339563218E-02 -2.51489223595836E-01
DistFromNuc =  3.0659990238E-01
Rho =  1.8499736332E+01
DelSqRho =  1.3568634972E+03
GradDelSqRho =  5.4569682106E-12  4.3769432523E-12 -3.1832314562E-12
HessDelSqRho_EigVals = -3.8032941213E+05 -8.8410580836E+03 -8.8409032193E+03
HessDelSqRho_EigVec1 = -4.9149333015E-01 -2.9340300270E-01  8.1996889235E-01
HessDelSqRho_EigVec2 = -6.6515836060E-01  7.3421639720E-01 -1.3598028315E-01
HessDelSqRho_EigVec3 =  5.6213758257E-01  6.1224256638E-01  5.5602192238E-01
</CP of DelSqRho>
<CP of DelSqRho>
CP# = 19      
Type = (3,-1)
Coords = -2.57648269959773E-01  8.86496370535387E-02  1.42173508607125E-01
DistFromNuc =  3.0718381866E-01
Rho =  1.8848322965E+01
DelSqRho =  1.2530449516E+03
GradDelSqRho = -3.8653524825E-12  1.2505552149E-12  4.5474735089E-13
HessDelSqRho_EigVals = -3.7432079226E+05 -4.3987911315E+03  8.7965123463E+03
HessDelSqRho_EigVec1 =  8.3813313813E-01 -2.8820249081E-01 -4.6311139811E-01
HessDelSqRho_EigVec2 =  5.2637034835E-01  6.5001251628E-01  5.4810399110E-01
HessDelSqRho_EigVec3 = -1.4306326975E-01  7.0315222603E-01 -6.9649827558E-01
</CP of DelSqRho>
<CP of DelSqRho>
CP# = 20      
Type = (3,-1)
Coords = -9.03975127438420E-02 -1.11275259936047E-01 -9.40182425377530E-02
DistFromNuc =  1.7137557282E-01
Rho =  8.0291887448E+01
DelSqRho = -4.2309312088E+03
GradDelSqRho = -5.8207660913E-11  0.0000000000E+00 -4.3655745685E-11
HessDelSqRho_EigVals = -3.3896247555E+04 -3.3891214535E+04  6.5291811291E+06
HessDelSqRho_EigVec1 = -8.1621171122E-01  2.0575122506E-01  5.3987487055E-01
HessDelSqRho_EigVec2 =  2.3814506797E-01 -7.3155201923E-01  6.3884158424E-01
HessDelSqRho_EigVec3 =  5.2638899026E-01  6.4999852042E-01  5.4810268599E-01
</CP of DelSqRho>
<CP of DelSqRho>
CP# = 21      
Type = (3,+3)
Coords =  1.69257113315177E-01  2.41213352231510E-02 -1.06680127385604E-02
DistFromNuc =  1.7146282733E-01
Rho =  8.0524933827E+01
DelSqRho = -4.3968443857E+03
GradDelSqRho =  5.8207660913E-11 -7.2759576142E-12 -9.0949470177E-12
HessDelSqRho_EigVals =  2.2577603139E+04  2.2580564194E+04  6.5181087665E+06
HessDelSqRho_EigVec1 = -1.5205643969E-01  9.4318453093E-01 -2.9543489936E-01
HessDelSqRho_EigVec2 =  1.6848070420E-02  3.0134075223E-01  9.5336765918E-01
HessDelSqRho_EigVec3 =  9.8822820324E-01  1.3998818398E-01 -6.1711641314E-02
</CP of DelSqRho>
<CP of DelSqRho>
CP# = 22      
Type = (3,+3)
Coords = -1.69631537306741E-01 -2.38856517173218E-02  1.04929115772803E-02
DistFromNuc =  1.7146278128E-01
Rho =  8.0525026256E+01
DelSqRho = -4.3968677743E+03
GradDelSqRho = -2.1827872843E-11  1.8189894035E-11 -2.9103830457E-11
HessDelSqRho_EigVals =  2.2581073780E+04  2.2583347812E+04  6.5181281383E+06
HessDelSqRho_EigVec1 = -1.4439293426E-01  9.8677186158E-01 -7.3701924927E-02
HessDelSqRho_EigVec2 =  5.0568874410E-02  8.1743765429E-02  9.9536965282E-01
HessDelSqRho_EigVec3 =  9.8822743813E-01  1.3999732146E-01 -6.1703164487E-02
</CP of DelSqRho>
<CP of DelSqRho>
CP# = 23      
Type = (3,+1)
Coords =  2.00957983308355E-02 -1.63664143253181E-01 -4.65178458663980E-02
DistFromNuc =  1.7144104852E-01
Rho =  8.0466606704E+01
DelSqRho = -4.3553674588E+03
GradDelSqRho =  1.2732925825E-11 -1.4551915228E-11  1.4551915228E-11
HessDelSqRho_EigVals = -1.6938765743E+04  3.3877470953E+04  6.5208542969E+06
HessDelSqRho_EigVec1 = -4.9149509364E-01 -2.9332928710E-01  8.1999420867E-01
HessDelSqRho_EigVec2 =  8.6280676557E-01 -3.6098055011E-02  5.0424340919E-01
HessDelSqRho_EigVec3 = -1.1830916369E-01  9.5532971259E-01  2.7082851038E-01
</CP of DelSqRho>
<CP of DelSqRho>
CP# = 24      
Type = (3,+3)
Coords =  7.19416893166461E-02 -3.39786491635162E-02  1.51683657842360E-01
DistFromNuc =  1.7146280882E-01
Rho =  8.0525007911E+01
DelSqRho = -4.3968717345E+03
GradDelSqRho = -5.0931703299E-11  3.4560798667E-11 -1.0777512216E-10
HessDelSqRho_EigVals =  2.2582660173E+04  2.2584981680E+04  6.5181223134E+06
HessDelSqRho_EigVec1 = -5.6609121570E-03  9.7508572019E-01  2.2175615516E-01
HessDelSqRho_EigVec2 =  9.0719701290E-01  9.8296473509E-02 -4.0906158838E-01
HessDelSqRho_EigVec3 =  4.2066796154E-01 -1.9886085984E-01  8.8515130038E-01
</CP of DelSqRho>
<CP of DelSqRho>
CP# = 25      
Type = (3,+3)
Coords = -7.23190388728898E-02  3.42126853748382E-02 -1.51856754980250E-01
DistFromNuc =  1.7146283623E-01
Rho =  8.0524971565E+01
DelSqRho = -4.3968530889E+03
GradDelSqRho =  0.0000000000E+00 -9.0949470177E-13 -1.9099388737E-11
HessDelSqRho_EigVals =  2.2577286434E+04  2.2580334855E+04  6.5181103760E+06
HessDelSqRho_EigVec1 =  8.3386955814E-02  9.8002922656E-01  1.8052515252E-01
HessDelSqRho_EigVec2 =  9.0336676119E-01  2.1342756857E-03 -4.2886354432E-01
HessDelSqRho_EigVec3 =  4.2068409808E-01 -1.9884204777E-01  8.8514785752E-01
</CP of DelSqRho>
<CP of DelSqRho>
CP# = 26      
Type = (3,+1)
Coords =  2.43249488655830E-02 -1.20439243533739E-01  1.19315789918804E-01
DistFromNuc =  1.7144104402E-01
Rho =  8.0466624214E+01
DelSqRho = -4.3553714474E+03
GradDelSqRho = -2.7284841053E-11 -3.2741809264E-11  4.0017766878E-11
HessDelSqRho_EigVals = -1.6937788326E+04  3.3877532771E+04  6.5208558487E+06
HessDelSqRho_EigVec1 =  5.2639431110E-01  6.4994143474E-01  5.4816526765E-01
HessDelSqRho_EigVec2 = -8.3813275165E-01  2.8824007488E-01  4.6308870624E-01
HessDelSqRho_EigVec3 = -1.4297734035E-01  7.0320252463E-01 -6.9646513876E-01
</CP of DelSqRho>
<CP of DelSqRho>
CP# = 27      
Type = (3,+3)
Coords =  3.18966713236925E-02  1.62903863519207E-01 -4.33427654830029E-02
DistFromNuc =  1.7146281328E-01
Rho =  8.0524993732E+01
DelSqRho = -4.3968659387E+03
GradDelSqRho =  7.6397554949E-11  3.6379788071E-11 -4.3655745685E-11
HessDelSqRho_EigVals =  2.2580837496E+04  2.2583589380E+04  6.5181203166E+06
HessDelSqRho_EigVec1 =  8.0395674603E-01 -4.3229506383E-04  5.9468761853E-01
HessDelSqRho_EigVec2 = -5.6448192461E-01  3.1409684977E-01  7.6335006763E-01
HessDelSqRho_EigVec3 =  1.8711950004E-01  9.4939084790E-01 -2.5227625853E-01
</CP of DelSqRho>
<CP of DelSqRho>
CP# = 28      
Type = (3,+1)
Coords =  5.73234613839592E-02  2.91946702344498E-01 -7.76216440692567E-02
DistFromNuc =  3.0738049917E-01
Rho =  1.8964644516E+01
DelSqRho =  1.2184627426E+03
GradDelSqRho = -6.1390892370E-12 -5.6843418861E-12  4.0643044485E-12
HessDelSqRho_EigVals = -3.7229200361E+05  5.8543138877E+03  5.8546069814E+03
HessDelSqRho_EigVec1 =  1.8709971198E-01  9.4940348163E-01 -2.5224338810E-01
HessDelSqRho_EigVec2 =  2.6583760114E-01  1.9826217884E-01  9.4341002659E-01
HessDelSqRho_EigVec3 =  9.4568708757E-01 -2.4356752145E-01 -2.1529234752E-01
</CP of DelSqRho>
<CP of DelSqRho>
CP# = 29      
Type = (3,-1)
Coords =  1.18713846068183E-01 -1.20016200887756E-01  2.81931596073806E-02
DistFromNuc =  1.7137564743E-01
Rho =  8.0291737679E+01
DelSqRho = -4.2308982894E+03
GradDelSqRho = -1.0186340660E-10  4.3655745685E-11 -2.5465851650E-11
HessDelSqRho_EigVals = -3.3900532506E+04 -3.3894938556E+04  6.5291535857E+06
HessDelSqRho_EigVec1 =  5.0268042984E-03  2.3384727933E-01  9.7226034640E-01
HessDelSqRho_EigVec2 =  7.2014604997E-01  6.7372889229E-01 -1.6576805001E-01
HessDelSqRho_EigVec3 = -6.9380429370E-01  7.0100273155E-01 -1.6501749121E-01
</CP of DelSqRho>
<CP of DelSqRho>
CP# = 30      
Type = (3,-1)
Coords = -2.21277953531625E-01 -2.04804743432089E-01  5.89660854914354E-02
DistFromNuc =  3.0718382863E-01
Rho =  1.8848333358E+01
DelSqRho =  1.2530439663E+03
GradDelSqRho =  2.3874235922E-12 -3.5811353882E-12 -5.6843418861E-14
HessDelSqRho_EigVals = -3.7432090204E+05 -4.3984386135E+03  8.7964218171E+03
HessDelSqRho_EigVec1 =  7.1973369102E-01  6.6710362663E-01 -1.9223986411E-01
HessDelSqRho_EigVec2 = -6.9381179265E-01  7.0099350987E-01 -1.6502513598E-01
HessDelSqRho_EigVec3 =  2.4670030384E-02  2.5215243497E-01  9.6737300931E-01
</CP of DelSqRho>
<CP of DelSqRho>
CP# = 31      
Type = (3,+1)
Coords =  1.29129955208253E-01 -6.10083907053933E-02  2.71985426454754E-01
DistFromNuc =  3.0738050493E-01
Rho =  1.8964663338E+01
DelSqRho =  1.2184592639E+03
GradDelSqRho = -4.2064129957E-12  1.8189894035E-12 -7.7022832556E-12
HessDelSqRho_EigVals = -3.7229197440E+05  5.8545437177E+03  5.8551529537E+03
HessDelSqRho_EigVec1 =  4.2070778134E-01 -1.9886420871E-01  8.8513162254E-01
HessDelSqRho_EigVec2 =  5.0647383273E-01  8.6095718085E-01 -4.7296823320E-02
HessDelSqRho_EigVec3 =  7.5265478108E-01 -4.6819414694E-01 -4.6293090336E-01
</CP of DelSqRho>
<CP of DelSqRho>
CP# = 32      
Type = (3,-3)
Coords = -1.61576890365006E-01 -1.99171231678046E-01 -1.68135883196126E-01
DistFromNuc =  3.0659994305E-01
Rho =  1.8499709663E+01
DelSqRho =  1.3568645537E+03
GradDelSqRho = -2.1032064978E-12  6.4801497501E-12 -2.2737367544E-12
HessDelSqRho_EigVals = -3.8032912619E+05 -8.8412338324E+03 -8.8407849517E+03
HessDelSqRho_EigVec1 =  5.2638516886E-01  6.4999955523E-01  5.4810512879E-01
HessDelSqRho_EigVec2 = -8.4910780379E-01  4.3522212578E-01  2.9932864678E-01
HessDelSqRho_EigVec3 = -4.3983992030E-02 -6.2296250243E-01  7.8101416697E-01
</CP of DelSqRho>
<CP of DelSqRho>
CP# = 33      
Type = (3,-3)
Coords =  1.61201783561329E-01  1.99408351197506E-01  1.67962561130498E-01
DistFromNuc =  3.0659979644E-01
Rho =  1.8499736274E+01
DelSqRho =  1.3568650945E+03
GradDelSqRho = -9.0949470177E-13  3.2969182939E-12 -2.2168933356E-12
HessDelSqRho_EigVals = -3.8032975662E+05 -8.8412292318E+03 -8.8409535955E+03
HessDelSqRho_EigVec1 =  5.2638360237E-01  6.4999959304E-01  5.4810658836E-01
HessDelSqRho_EigVec2 = -8.4100514582E-01  4.9282732842E-01  2.2322985703E-01
HessDelSqRho_EigVec3 = -1.2502258941E-01 -5.7846499757E-01  8.0606922701E-01
</CP of DelSqRho>
<CP of DelSqRho>
CP# = 34      
Type = (3,+1)
Coords = -1.29505066091935E-01  6.12456653697761E-02 -2.72158643339948E-01
DistFromNuc =  3.0738034057E-01
Rho =  1.8964694718E+01
DelSqRho =  1.2184612808E+03
GradDelSqRho =  9.0949470177E-13  2.7284841053E-12  6.8212102633E-12
HessDelSqRho_EigVals = -3.7229310235E+05  5.8543866324E+03  5.8550558221E+03
HessDelSqRho_EigVec1 =  4.2070951732E-01 -1.9886463166E-01  8.8513070239E-01
HessDelSqRho_EigVec2 =  4.9980711872E-01  8.6505836462E-01 -4.3207289637E-02
HessDelSqRho_EigVec3 =  7.5709731615E-01 -4.6057234402E-01 -4.6333224560E-01
</CP of DelSqRho>
<CP of DelSqRho>
CP# = 35      
Type = (3,+1)
Coords =  3.03575909423677E-01  4.31423465806733E-02 -1.90468210614843E-02
DistFromNuc =  3.0738023691E-01
Rho =  1.8964690081E+01
DelSqRho =  1.2184642992E+03
GradDelSqRho =  2.9558577808E-12 -3.8085090637E-12  1.1937117961E-12
HessDelSqRho_EigVals = -3.7229395003E+05  5.8544615890E+03  5.8548225408E+03
HessDelSqRho_EigVec1 =  9.8823275266E-01  1.3996895736E-01 -6.1682392550E-02
HessDelSqRho_EigVec2 = -1.4875002995E-01  7.8550434108E-01 -6.0071320839E-01
HessDelSqRho_EigVec3 = -3.5629414335E-02  6.0281972522E-01  7.9708150381E-01
</CP of DelSqRho>
<CP of DelSqRho>
CP# = 36      
Type = (3,+1)
Coords = -3.03950815287116E-01 -4.29041247430050E-02  1.88730360376314E-02
DistFromNuc =  3.0738039295E-01
Rho =  1.8964662035E+01
DelSqRho =  1.2184635177E+03
GradDelSqRho =  1.1368683772E-12  1.5916157281E-12 -2.5579538487E-13
HessDelSqRho_EigVals = -3.7229316457E+05  5.8545764653E+03  5.8548188861E+03
HessDelSqRho_EigVec1 =  9.8823325143E-01  1.3996558185E-01 -6.1682061178E-02
HessDelSqRho_EigVec2 = -1.4568046701E-01  7.3842524796E-01 -6.5841123525E-01
HessDelSqRho_EigVec3 = -4.6607320320E-02  6.5964974727E-01  7.5012663506E-01
</CP of DelSqRho>
<CP of DelSqRho>
CP# = 37      
Type = (3,+1)
Coords = -5.76978461549142E-02 -2.91709464862034E-01  7.74473024710332E-02
DistFromNuc =  3.0738026803E-01
Rho =  1.8964690663E+01
DelSqRho =  1.2184658137E+03
GradDelSqRho =  2.3305801733E-12  2.2737367544E-13 -1.0800249584E-12
HessDelSqRho_EigVals = -3.7229376884E+05  5.8541374961E+03  5.8545151109E+03
HessDelSqRho_EigVec1 =  1.8709883394E-01  9.4940407136E-01 -2.5224181975E-01
HessDelSqRho_EigVec2 =  1.9974551196E-01  2.1464350179E-01  9.5604910836E-01
HessDelSqRho_EigVec3 =  9.6181898338E-01 -2.2925984478E-01 -1.4947965339E-01
</CP of DelSqRho>
<CP of DelSqRho>
CP# = 38      
Type = (3,+1)
Coords = -1.17119642296544E-01  1.87809396778104E-01  2.13411792754882E-01
DistFromNuc =  3.0738032899E-01
Rho =  1.8964700696E+01
DelSqRho =  1.2184598687E+03
GradDelSqRho =  1.0231815395E-12 -1.5916157281E-12 -6.8212102633E-12
HessDelSqRho_EigVals = -3.7229312880E+05  5.8546186622E+03  5.8551838077E+03
HessDelSqRho_EigVec1 = -3.8041572515E-01  6.1061444875E-01  6.9457459717E-01
HessDelSqRho_EigVec2 =  3.4082476152E-01  7.9074391026E-01 -5.0849046237E-01
HessDelSqRho_EigVec3 = -8.5972225631E-01  4.3290453460E-02 -5.0892394191E-01
</CP of DelSqRho>
<CP of DelSqRho>
CP# = 39      
Type = (3,+1)
Coords =  1.16744258577624E-01 -1.87572424789020E-01 -2.13585866158216E-01
DistFromNuc =  3.0738046743E-01
Rho =  1.8964676514E+01
DelSqRho =  1.2184588950E+03
GradDelSqRho = -6.2243543653E-12  6.5938365879E-12  7.5033312896E-12
HessDelSqRho_EigVals = -3.7229241482E+05  5.8547017252E+03  5.8552665244E+03
HessDelSqRho_EigVec1 = -3.8041360550E-01  6.1061465640E-01  6.9457557555E-01
HessDelSqRho_EigVec2 =  3.4964715381E-01  7.9025671080E-01 -5.0323076106E-01
HessDelSqRho_EigVec3 = -8.5617308798E-01  5.1420544884E-02 -5.1412408130E-01
</CP of DelSqRho>
<CP of DelSqRho>
CP# = 40      
Type = (3,-1)
Coords =  2.20905715517842E-01  2.05039464497552E-01 -5.91396520276028E-02
DistFromNuc =  3.0718384402E-01
Rho =  1.8848330639E+01
DelSqRho =  1.2530424667E+03
GradDelSqRho =  6.4801497501E-12  5.2295945352E-12  4.5474735089E-12
HessDelSqRho_EigVals = -3.7432047936E+05 -4.3984181456E+03  8.7965094668E+03
HessDelSqRho_EigVec1 =  7.1974236112E-01  6.6709457410E-01 -1.9223881714E-01
HessDelSqRho_EigVec2 = -6.9380280616E-01  7.0100151680E-01 -1.6502890535E-01
HessDelSqRho_EigVec3 =  2.4669815073E-02  2.5215412478E-01  9.6737257434E-01
</CP of DelSqRho>
<CP of DelSqRho>
CP# = 41      
Type = (3,-1)
Coords = -3.65496986209096E-02  2.93574867970806E-01  8.31184407984186E-02
DistFromNuc =  3.0718384932E-01
Rho =  1.8848333271E+01
DelSqRho =  1.2530403794E+03
GradDelSqRho = -1.0871303857E-12  1.1368683772E-11  4.7748471843E-12
HessDelSqRho_EigVals = -3.7432005360E+05 -4.3984160642E+03  8.7967732835E+03
HessDelSqRho_EigVec1 = -1.1837357912E-01  9.5531123488E-01  2.7086553911E-01
HessDelSqRho_EigVec2 = -4.9148956507E-01 -2.9339361451E-01  8.1997450838E-01
HessDelSqRho_EigVec3 =  8.6280107973E-01 -3.6064268668E-02  5.0425555558E-01
</CP of DelSqRho>
<CP of DelSqRho>
CP# = 42      
Type = (3,-1)
Coords =  3.61725291399700E-02 -2.93338703339964E-01 -8.32895289324046E-02
DistFromNuc =  3.0718385410E-01
Rho =  1.8848335035E+01
DelSqRho =  1.2530409884E+03
GradDelSqRho = -2.3305801733E-12 -5.0022208598E-12 -5.4569682106E-12
HessDelSqRho_EigVals = -3.7432029338E+05 -4.3983789020E+03  8.7967524307E+03
HessDelSqRho_EigVec1 = -1.1836517750E-01  9.5531512916E-01  2.7085547575E-01
HessDelSqRho_EigVec2 = -4.9149010128E-01 -2.9338073978E-01  8.1997879355E-01
HessDelSqRho_EigVec3 =  8.6280192692E-01 -3.6065849764E-02  5.0425399293E-01
</CP of DelSqRho>
<CP of DelSqRho>
CP# = 43      
Type = (3,-1)
Coords =  2.64852829037599E-01 -1.09578867902145E-02  1.54809673934517E-01
DistFromNuc =  3.0718379678E-01
Rho =  1.8848325476E+01
DelSqRho =  1.2530433297E+03
GradDelSqRho = -5.5422333389E-13  3.4106051316E-13 -6.8212102633E-13
HessDelSqRho_EigVals = -3.7432061349E+05 -4.3986227310E+03  8.7966793817E+03
HessDelSqRho_EigVec1 =  8.6280679980E-01 -3.6057882965E-02  5.0424622487E-01
HessDelSqRho_EigVec2 = -4.9147490475E-01 -2.9342647403E-01  8.1997153752E-01
HessDelSqRho_EigVec3 = -1.1839275407E-01  9.5530138355E-01  2.7089190163E-01
</CP of DelSqRho>
<CP of DelSqRho>
CP# = 44      
Type = (3,-1)
Coords = -2.65226195806369E-01  1.11959845107076E-02 -1.54985413091224E-01
DistFromNuc =  3.0718381512E-01
Rho =  1.8848324849E+01
DelSqRho =  1.2530435364E+03
GradDelSqRho =  4.6611603466E-12  0.0000000000E+00  4.5474735089E-12
HessDelSqRho_EigVals = -3.7432065037E+05 -4.3985918623E+03  8.7966200838E+03
HessDelSqRho_EigVec1 =  8.6280215888E-01 -3.6061486962E-02  5.0425390806E-01
HessDelSqRho_EigVec2 = -4.9148336930E-01 -2.9342492831E-01  8.1996701711E-01
HessDelSqRho_EigVec3 = -1.1839143693E-01  9.5530172229E-01  2.7089128273E-01
</CP of DelSqRho>
<CP of DelSqRho>
CP# = 45      
Type = (3,-1)
Coords =  7.39138972223226E-03  7.75738799281188E-02  2.97075050013871E-01
DistFromNuc =  3.0718388353E-01
Rho =  1.8848326775E+01
DelSqRho =  1.2530436694E+03
GradDelSqRho = -1.5063505998E-12  1.1368683772E-12 -4.6043169277E-12
HessDelSqRho_EigVals = -3.7432022100E+05 -4.3988946646E+03  8.7964543630E+03
HessDelSqRho_EigVec1 =  2.4671367051E-02  2.5214715332E-01  9.6737435190E-01
HessDelSqRho_EigVec2 = -6.9379180623E-01  7.0101314663E-01 -1.6502574907E-01
HessDelSqRho_EigVec3 =  7.1975291125E-01  6.6708498808E-01 -1.9223258159E-01
</CP of DelSqRho>
<CP of DelSqRho>
CP# = 46      
Type = (3,-1)
Coords = -7.76894234672085E-03 -7.73348206512029E-02 -2.97249119356761E-01
DistFromNuc =  3.0718388865E-01
Rho =  1.8848326922E+01
DelSqRho =  1.2530441096E+03
GradDelSqRho = -7.9580786405E-13 -3.1832314562E-12 -7.3896444519E-12
HessDelSqRho_EigVals = -3.7432033392E+05 -4.3988871169E+03  8.7964125164E+03
HessDelSqRho_EigVec1 =  2.4681328329E-02  2.5213972356E-01  9.6737603435E-01
HessDelSqRho_EigVec2 = -6.9379137918E-01  7.0101638474E-01 -1.6501378882E-01
HessDelSqRho_EigVec3 =  7.1975298138E-01  6.6708439356E-01 -1.9223438211E-01
</CP of DelSqRho>
<CP of DelSqRho>
CP# = 47      
Type = (3,+3)
Coords = -6.54167374327678E-02  1.04809555998005E-01  1.19011576761795E-01
DistFromNuc =  1.7146283714E-01
Rho =  8.0524958854E+01
DelSqRho = -4.3968526773E+03
GradDelSqRho = -3.6379788071E-11  3.2741809264E-11 -1.4551915228E-11
HessDelSqRho_EigVals =  2.2579366397E+04  2.2580670546E+04  6.5181087342E+06
HessDelSqRho_EigVec1 = -6.7537292359E-01  3.2967154179E-01 -6.5968787212E-01
HessDelSqRho_EigVec2 =  6.3177926264E-01  7.2008006327E-01 -2.8694889054E-01
HessDelSqRho_EigVec3 = -3.8042920154E-01  6.1057462854E-01  6.9460222113E-01
</CP of DelSqRho>
<CP of DelSqRho>
CP# = 48      
Type = (3,+1)
Coords =  5.85830922857307E-01 -2.43847077322106E-02  3.42418297906043E-01
DistFromNuc =  6.7921096220E-01
Rho =  2.2684386515E+00
DelSqRho = -2.1604847643E+01
GradDelSqRho = -7.8159700934E-14 -1.9539925233E-14 -1.0658141036E-14
HessDelSqRho_EigVals = -1.8010931505E+02  3.5961805462E+02  3.1352845675E+03
HessDelSqRho_EigVec1 = -4.9150158492E-01 -2.9342244381E-01  8.1995698759E-01
HessDelSqRho_EigVec2 = -1.1839123677E-01  9.5530228318E-01  2.7088939220E-01
HessDelSqRho_EigVec3 =  8.6279180981E-01 -3.6066843742E-02  5.0427123228E-01
</CP of DelSqRho>
<CP of DelSqRho>
CP# = 49      
Type = (3,+1)
Coords = -5.86214314819510E-01  2.46201496842382E-02 -3.42576947001831E-01
DistFromNuc =  6.7921091670E-01
Rho =  2.2684300700E+00
DelSqRho = -2.1604756372E+01
GradDelSqRho = -7.0166095156E-14  1.9539925233E-14 -6.7057470687E-14
HessDelSqRho_EigVals = -1.8011451257E+02  3.5962372456E+02  3.1352854577E+03
HessDelSqRho_EigVec1 = -4.9148043875E-01 -2.9342301737E-01  8.1996945748E-01
HessDelSqRho_EigVec2 = -1.1838702662E-01  9.5530220973E-01  2.7089149122E-01
HessDelSqRho_EigVec3 =  8.6280443337E-01 -3.6064122968E-02  5.0424982775E-01
</CP of DelSqRho>
<CP of DelSqRho>
CP# = 50      
Type = (3,+1)
Coords = -8.05837752366970E-02  6.48981531084466E-01  1.83871981707179E-01
DistFromNuc =  6.7921096119E-01
Rho =  2.2684427228E+00
DelSqRho = -2.1605043475E+01
GradDelSqRho =  1.4210854715E-14 -6.3948846218E-14 -1.5987211555E-14
HessDelSqRho_EigVals = -1.8010195782E+02  3.5962324986E+02  3.1352846748E+03
HessDelSqRho_EigVec1 = -4.9149421139E-01 -2.9337065718E-01  8.1997993736E-01
HessDelSqRho_EigVec2 = -8.6280042832E-01  3.6067954241E-02 -5.0425640656E-01
HessDelSqRho_EigVec3 = -1.1835903452E-01  9.5531814606E-01  2.7084751940E-01
</CP of DelSqRho>
<CP of DelSqRho>
CP# = 51      
Type = (3,+1)
Coords =  8.02245613528803E-02 -6.48738183430495E-01 -1.84059384643885E-01
DistFromNuc =  6.7921064838E-01
Rho =  2.2684430620E+00
DelSqRho = -2.1604987319E+01
GradDelSqRho = -1.0658141036E-14  2.8421709430E-13  5.1514348343E-14
HessDelSqRho_EigVals = -1.8010697726E+02  3.5962312914E+02  3.1353004046E+03
HessDelSqRho_EigVec1 = -4.9149054840E-01 -2.9339854190E-01  8.1997215589E-01
HessDelSqRho_EigVec2 = -8.6279947244E-01  3.6059208037E-02 -5.0425866762E-01
HessDelSqRho_EigVec3 = -1.1838121126E-01  9.5530991261E-01  2.7086686710E-01
</CP of DelSqRho>
<CP of DelSqRho>
CP# = 52      
Type = (3,-1)
Coords = -3.54890061152099E-01 -2.11626262269718E-01  5.91678642320898E-01
DistFromNuc =  7.2168990136E-01
Rho =  1.7002576557E+00
DelSqRho = -2.7082953474E+00
GradDelSqRho =  5.6843418861E-14 -8.8817841970E-15  1.0391687510E-13
HessDelSqRho_EigVals = -2.5744755938E+02 -2.5740838923E+02  1.4697464338E+03
HessDelSqRho_EigVec1 = -7.2117472434E-01  6.6493361065E-01 -1.9434585255E-01
HessDelSqRho_EigVec2 =  4.8820551815E-01  6.8686190239E-01  5.3840142932E-01
HessDelSqRho_EigVec3 = -4.9148996838E-01 -2.9340078473E-01  8.1997170104E-01
</CP of DelSqRho>
<CP of DelSqRho>
CP# = 53      
Type = (3,-1)
Coords =  3.54515604992520E-01  2.11867371377541E-01 -5.91850471853553E-01
DistFromNuc =  7.2168961250E-01
Rho =  1.7002602735E+00
DelSqRho = -2.7083558317E+00
GradDelSqRho =  8.5265128291E-14  8.2822637637E-14 -3.3173463976E-13
HessDelSqRho_EigVals = -2.5744970929E+02 -2.5740618214E+02  1.4697543315E+03
HessDelSqRho_EigVec1 = -7.1802207023E-01  6.6933522962E-01 -1.9087864486E-01
HessDelSqRho_EigVec2 =  4.9282971744E-01  6.8257135326E-01  5.3964360213E-01
HessDelSqRho_EigVec3 = -4.9149076927E-01 -2.9340534778E-01  8.1996958823E-01
</CP of DelSqRho>
<CP of DelSqRho>
CP# = 54      
Type = (3,-1)
Coords =  3.79697063707420E-01  4.69217254180358E-01  3.95475306838126E-01
DistFromNuc =  7.2168904110E-01
Rho =  1.7002664466E+00
DelSqRho = -2.7085075867E+00
GradDelSqRho = -4.1744385726E-14 -3.3750779949E-14 -3.2862601529E-14
HessDelSqRho_EigVals = -2.5744501845E+02 -2.5741230109E+02  1.4697699529E+03
HessDelSqRho_EigVec1 = -6.7876488131E-01 -6.6977889360E-02  7.3129487776E-01
HessDelSqRho_EigVec2 =  5.1205370533E-01 -7.5697551794E-01  4.0594219797E-01
HessDelSqRho_EigVec3 =  5.2638316724E-01  6.5000155967E-01  5.4810467402E-01
</CP of DelSqRho>
<CP of DelSqRho>
CP# = 55      
Type = (3,-1)
Coords = -3.80072195510183E-01 -4.68981102573967E-01 -3.95650997933099E-01
DistFromNuc =  7.2169112849E-01
Rho =  1.7002385728E+00
DelSqRho = -2.7079573415E+00
GradDelSqRho = -1.4210854715E-14  1.9984014443E-15 -1.3156142842E-14
HessDelSqRho_EigVals = -2.5744539949E+02 -2.5741365318E+02  1.4697097210E+03
HessDelSqRho_EigVec1 = -5.4729925450E-01 -2.3430467065E-01  8.0347050184E-01
HessDelSqRho_EigVec2 =  6.5068033898E-01 -7.2291090547E-01  2.3241109960E-01
HessDelSqRho_EigVec3 =  5.2638258185E-01  6.5000088005E-01  5.4810604216E-01
</CP of DelSqRho>
<CP of DelSqRho>
CP# = 56      
Type = (3,-1)
Coords = -5.00897400997502E-01  5.06027623127243E-01 -1.19181922822660E-01
DistFromNuc =  7.2169119330E-01
Rho =  1.7002368456E+00
DelSqRho = -2.7078919562E+00
GradDelSqRho =  9.9475983006E-14 -6.2172489379E-14  3.5527136788E-15
HessDelSqRho_EigVals = -2.5745364687E+02 -2.5741155721E+02  1.4697067210E+03
HessDelSqRho_EigVec1 =  4.1782210430E-01  5.7845272261E-01  7.0058342605E-01
HessDelSqRho_EigVec2 =  5.8656943473E-01  4.1711607272E-01 -6.9422653372E-01
HessDelSqRho_EigVec3 = -6.9380183583E-01  7.0100401538E-01 -1.6502237128E-01
</CP of DelSqRho>
<CP of DelSqRho>
CP# = 57      
Type = (3,-1)
Coords =  5.00524611757459E-01 -5.05786940438133E-01  1.19008915331521E-01
DistFromNuc =  7.2169012641E-01
Rho =  1.7002538897E+00
DelSqRho = -2.7082214068E+00
GradDelSqRho =  1.0125233985E-13 -1.0480505352E-13  1.7763568394E-14
HessDelSqRho_EigVals = -2.5744994474E+02 -2.5741308952E+02  1.4697386360E+03
HessDelSqRho_EigVec1 =  5.0692945846E-01  6.3814190066E-01  5.7948031785E-01
HessDelSqRho_EigVec2 =  5.1152456410E-01  3.1839097424E-01 -7.9810388287E-01
HessDelSqRho_EigVec3 = -6.9380483169E-01  7.0100078613E-01 -1.6502349342E-01
</CP of DelSqRho>
<CP of DelSqRho>
CP# = 58      
Type = (3,+1)
Coords =  9.69702979539744E-02 -4.77471083635639E-01  4.72983318119256E-01
DistFromNuc =  6.7921048101E-01
Rho =  2.2684490757E+00
DelSqRho = -2.1605100187E+01
GradDelSqRho =  1.1368683772E-13 -3.1086244690E-13  3.1263880373E-13
HessDelSqRho_EigVals = -1.8009971884E+02  3.5962104057E+02  3.1353091596E+03
HessDelSqRho_EigVec1 =  5.2638379368E-01  6.5000063216E-01  5.4810517233E-01
HessDelSqRho_EigVec2 = -8.3812647808E-01  2.8821555275E-01  4.6311532247E-01
HessDelSqRho_EigVec3 =  1.4305281716E-01 -7.0315785805E-01  6.9649473664E-01
</CP of DelSqRho>
<CP of DelSqRho>
CP# = 59      
Type = (3,+1)
Coords = -9.73334767541481E-02  4.77720659554639E-01 -4.73148069403252E-01
DistFromNuc =  6.7921133343E-01
Rho =  2.2684368603E+00
DelSqRho = -2.1604895598E+01
GradDelSqRho = -9.0594198809E-14  2.2337687255E-13 -2.6734170433E-13
HessDelSqRho_EigVals = -1.8010056633E+02  3.5962050591E+02  3.1352654558E+03
HessDelSqRho_EigVec1 =  5.2639340521E-01  6.4998104421E-01  5.4811917054E-01
HessDelSqRho_EigVec2 = -8.3812303247E-01  2.8822198542E-01  4.6311755480E-01
HessDelSqRho_EigVec3 =  1.4303763628E-01 -7.0317332805E-01  6.9648223619E-01
</CP of DelSqRho>
<CP of DelSqRho>
CP# = 60      
Type = (3,+1)
Coords = -4.89040234026684E-01 -4.52984817540425E-01  1.30479055270498E-01
DistFromNuc =  6.7921083419E-01
Rho =  2.2684375139E+00
DelSqRho = -2.1604895251E+01
GradDelSqRho =  9.7699626167E-15 -3.5527136788E-14 -5.3290705182E-15
HessDelSqRho_EigVals = -1.8010693325E+02  3.5961844521E+02  3.1352938919E+03
HessDelSqRho_EigVec1 = -6.9380988093E-01  7.0099575345E-01 -1.6502364306E-01
HessDelSqRho_EigVec2 =  2.4672659743E-02  2.5215210716E-01  9.6737302770E-01
HessDelSqRho_EigVec3 =  7.1973544375E-01  6.6710139296E-01 -1.9224105315E-01
</CP of DelSqRho>
<CP of DelSqRho>
CP# = 61      
Type = (3,+1)
Coords =  4.88657899231851E-01  4.53231034575337E-01 -1.30651204935653E-01
DistFromNuc =  6.7921097929E-01
Rho =  2.2684334514E+00
DelSqRho = -2.1604613039E+01
GradDelSqRho =  1.4210854715E-13  9.9475983006E-14 -4.2632564146E-14
HessDelSqRho_EigVals = -1.8010782084E+02  3.5960872258E+02  3.1352818782E+03
HessDelSqRho_EigVec1 = -6.9381949990E-01  7.0098571966E-01 -1.6502582339E-01
HessDelSqRho_EigVec2 =  2.4665454999E-02  2.5215198362E-01  9.6737324363E-01
HessDelSqRho_EigVec3 =  7.1972641808E-01  6.6711198309E-01 -1.9223809490E-01
</CP of DelSqRho>
<CP of DelSqRho>
CP# = 62      
Type = (3,+1)
Coords = -5.69454297713160E-01  1.95866812124874E-01  3.14469724558071E-01
DistFromNuc =  6.7921138159E-01
Rho =  2.2684250231E+00
DelSqRho = -2.1604435680E+01
