 AIMInt (Version 19.02.13, Professional)
 Portions Copyright (c) 1997-2019 by Todd A. Keith
 AIMInt is a component of the AIMAll package ( http://aim.tkgristmill.com )

 TP:  64-bit Linux

 Licensed To:  Research Group of Fernando Cortes Guzman, UNAM, fercor@unam.mx

 AIMInt is a heavily modified and extended version of the PROAIMV program
 developed by members of R.F.W. Bader's research group

 Much of the Quantum Theory of Atoms in Molecules (QTAIM) is described in the book:
   "Atoms in Molecules - A Quantum Theory"
   R.F.W. Bader, Oxford University Press, Oxford, 1990

 For additional references see:  http://aim.tkgristmill.com/references.html

 Current Directory:  /home/lillian/David/proyecto_spin/noab/hexaaqua/def2/pbe0/opt_scan/int

 Inp File:  cu22_pbe0_noab_atomicfiles/cu1.inp
 Wfx File:  cu22_pbe0_noab.wfx
 Out File:  cu22_pbe0_noab_atomicfiles/cu1.int

 Wfx Title:   Title Card Required                                                           
 Job Title:   Title Card Required                                                           
 
<Atom>
Cu1     
</Atom>
<Nuclei of Molecule>
    19
Cu1       29.0           1.4758548631E-03   1.8451956232E-05  -3.2231508507E-05
O2         8.0          -9.3888350979E-03  -3.1140820200E+00   2.1920519627E+00
H3         1.0          -5.8392552095E-03  -4.8138188581E+00   1.5327662021E+00
H4         1.0           2.7657390771E-02  -3.2021224557E+00   4.0117429474E+00
O5         8.0           4.3074606047E+00  -7.3384073322E-04   1.3217466433E-04
H6         1.0           5.4108126239E+00   1.2178583781E+00  -7.8776645626E-01
H7         1.0           5.4100350237E+00  -1.2198996613E+00   7.8823489601E-01
O8         8.0          -4.3021845318E+00   7.8775310280E-04  -2.7033700020E-04
H9         1.0          -5.4046739107E+00   1.2137099186E+00  -7.9801066158E-01
H10        1.0          -5.4044235046E+00  -1.2122052068E+00   7.9770809307E-01
O11        8.0          -4.6776404192E-04  -2.2922854783E+00  -3.0128225919E+00
H12        1.0          -1.4858660407E+00  -2.6870876495E+00  -3.9957919815E+00
H13        1.0           1.4825705621E+00  -2.6978257856E+00  -3.9948905821E+00
O14        8.0           1.8993197038E-04   2.2919463255E+00   3.0130567056E+00
H15        1.0           1.4833866734E+00   2.6975501703E+00   3.9948487958E+00
H16        1.0          -1.4850707084E+00   2.6882099663E+00   3.9956349219E+00
O17        8.0          -7.7869281654E-03   3.1142115125E+00  -2.1920502853E+00
H18        1.0           2.9880947672E-02   3.2024560683E+00  -4.0117167035E+00
H19        1.0          -3.8494131235E-03   4.8138859926E+00  -1.5326057877E+00
</Nuclei of Molecule>
<Total Number of CPs of DelSqRho>
    61
</Total Number of CPs of DelSqRho>
<Number of (3,+3) CPs of DelSqRho>
     8
</Number of (3,+3) CPs of DelSqRho>
<Number of (3,+1) CPs of DelSqRho>
    17
</Number of (3,+1) CPs of DelSqRho>
<Number of (3,-1) CPs of DelSqRho>
    24
</Number of (3,-1) CPs of DelSqRho>
<Number of (3,-3) CPs of DelSqRho>
    12
</Number of (3,-3) CPs of DelSqRho>
<Number of Degenerate CPs of DelSqRho>
     0
</Number of Degenerate CPs of DelSqRho>
<CP of DelSqRho>
CP# = 1       
Type = (3,+3)
Coords =  1.47585486081477E-03  1.84519563264700E-05 -3.22315084200831E-05
DistFromNuc =  2.2768409809E-12
Rho =  1.6177441034E+04
DelSqRho = -3.2773132588E+09
GradDelSqRho =  1.6182661057E-04  3.0994415283E-06  5.8412551880E-06
HessDelSqRho_EigVals =  3.1167556383E+15  3.1167556402E+15  3.1167556952E+15
HessDelSqRho_EigVec1 =  2.1477970933E-04  9.8448932254E-01  1.7544437200E-01
HessDelSqRho_EigVec2 = -1.0594494968E-04 -1.7544435266E-01  9.8448934372E-01
HessDelSqRho_EigVec3 =  9.9999997132E-01 -2.3003578025E-04  6.6619784668E-05
</CP of DelSqRho>
<CP of DelSqRho>
CP# = 2       
Type = (3,-1)
Coords =  1.66163545329568E-03  4.47084846051837E-01 -3.19277308392919E-01
DistFromNuc =  5.4935035666E-01
Rho =  5.2902595202E+00
DelSqRho = -3.1502238264E+01
GradDelSqRho = -3.9079850467E-14  6.2527760747E-13 -7.9580786405E-13
HessDelSqRho_EigVals = -1.7092123342E+03 -5.7722002089E+02  1.3563674940E+04
HessDelSqRho_EigVec1 =  1.0909983099E-04  5.8111443374E-01  8.1382184967E-01
HessDelSqRho_EigVec2 =  9.9999993933E-01 -3.3261428112E-04  1.0344663920E-04
HessDelSqRho_EigVec3 =  3.3080310464E-04  8.1382178901E-01 -5.8111443477E-01
</CP of DelSqRho>
<CP of DelSqRho>
CP# = 3       
Type = (3,-1)
Coords =  1.42255319957273E-03 -4.47047738251401E-01  3.19213160409456E-01
DistFromNuc =  5.4935034498E-01
Rho =  5.2902609132E+00
DelSqRho = -3.1502216411E+01
GradDelSqRho = -1.4210854715E-14  5.1159076975E-13 -2.2737367544E-13
HessDelSqRho_EigVals = -1.7092260122E+03 -5.7721049675E+02  1.3563678801E+04
HessDelSqRho_EigVec1 =  4.5344246567E-05  5.8111501702E-01  8.1382143922E-01
HessDelSqRho_EigVec2 =  9.9999999353E-01 -1.1128336279E-04  2.3744996206E-05
HessDelSqRho_EigVec3 =  1.0436336034E-04  8.1382143288E-01 -5.8111501830E-01
</CP of DelSqRho>
<CP of DelSqRho>
CP# = 4       
Type = (3,-3)
Coords =  1.49713645286278E-03  1.42327531014750E-01  1.99432862116217E-01
DistFromNuc =  2.4502693323E-01
Rho =  3.8850964870E+01
DelSqRho =  4.1224066291E+03
GradDelSqRho =  2.2737367544E-12 -1.4779288904E-11 -2.3646862246E-11
HessDelSqRho_EigVals = -1.8848331483E+06 -5.5449736840E+04 -2.1434418931E+04
HessDelSqRho_EigVec1 =  8.9269967177E-05  5.8081537188E-01  8.1403531608E-01
HessDelSqRho_EigVec2 =  1.9653727018E-04  8.1403529341E-01 -5.8081537726E-01
HessDelSqRho_EigVec3 =  9.9999997670E-01 -2.1183764851E-04  4.1482963743E-05
</CP of DelSqRho>
<CP of DelSqRho>
CP# = 5       
Type = (3,-3)
Coords =  1.45960773632723E-03 -1.42290847846845E-01 -1.99497184381141E-01
DistFromNuc =  2.4502694648E-01
Rho =  3.8850959012E+01
DelSqRho =  4.1224069405E+03
GradDelSqRho =  1.8189894035E-12 -5.4001247918E-12  2.0008883439E-11
HessDelSqRho_EigVals = -1.8848330210E+06 -5.5449698592E+04 -2.1434391968E+04
HessDelSqRho_EigVec1 =  6.3929895605E-05  5.8081662290E-01  8.1403442585E-01
HessDelSqRho_EigVec2 =  2.2998156087E-04  8.1403439745E-01 -5.8081662070E-01
HessDelSqRho_EigVec3 =  9.9999997151E-01 -2.2434445379E-04  8.1535979469E-05
</CP of DelSqRho>
<CP of DelSqRho>
CP# = 6       
Type = (3,-1)
Coords =  1.51608977708470E-03  8.08907937180125E-02  1.13227527931831E-01
DistFromNuc =  1.3916935866E-01
Rho =  1.5512797048E+02
DelSqRho = -1.2004288403E+04
GradDelSqRho =  5.6388671510E-11  2.9103830457E-11  3.6379788071E-11
HessDelSqRho_EigVals = -2.0910518528E+05 -7.6902101154E+04  2.8046931563E+07
HessDelSqRho_EigVec1 =  1.0537018454E-05  8.1382630323E-01 -5.8110820685E-01
HessDelSqRho_EigVec2 =  9.9999995867E-01 -1.7552672612E-04 -2.2768779903E-04
HessDelSqRho_EigVec3 =  2.8729834085E-04  5.8110818043E-01  8.1382627145E-01
</CP of DelSqRho>
<CP of DelSqRho>
CP# = 7       
Type = (3,-3)
Coords =  1.41515553171291E-03 -1.99468049063877E-01  1.42260914807110E-01
DistFromNuc =  2.4503511434E-01
Rho =  3.8909310260E+01
DelSqRho =  4.1101825045E+03
GradDelSqRho =  9.8907548818E-12 -1.1823431123E-11  1.1368683772E-12
HessDelSqRho_EigVals = -1.8838671988E+06 -5.4630362323E+04 -1.9411027017E+04
HessDelSqRho_EigVec1 =  2.5271481678E-04  8.1413336424E-01 -5.8067788091E-01
HessDelSqRho_EigVec2 =  9.5638793451E-05  5.8067787712E-01  8.1413340054E-01
HessDelSqRho_EigVec3 =  9.9999996349E-01 -2.6127890507E-04  6.8883170662E-05
</CP of DelSqRho>
<CP of DelSqRho>
CP# = 8       
Type = (3,-3)
Coords =  1.52234255886527E-03  1.99504900217806E-01 -1.42325455932565E-01
DistFromNuc =  2.4503511364E-01
Rho =  3.8909311127E+01
DelSqRho =  4.1101820618E+03
GradDelSqRho =  5.9117155615E-12  1.5006662579E-11 -1.2278178474E-11
HessDelSqRho_EigVals = -1.8838669995E+06 -5.4630458125E+04 -1.9410957222E+04
HessDelSqRho_EigVec1 =  1.8477000135E-04  8.1413312577E-01 -5.8067824085E-01
HessDelSqRho_EigVec2 =  5.8569009995E-05  5.8067824095E-01  8.1413314455E-01
HessDelSqRho_EigVec3 =  9.9999998121E-01 -1.8443713191E-04  5.9608948185E-05
</CP of DelSqRho>
<CP of DelSqRho>
CP# = 9       
Type = (3,-1)
Coords =  1.49461301749154E-03 -8.08552743792099E-02 -1.13290997538492E-01
DistFromNuc =  1.3916935024E-01
Rho =  1.5512800509E+02
DelSqRho = -1.2004299869E+04
GradDelSqRho = -5.4569682106E-11  2.9103830457E-11 -1.3096723706E-10
HessDelSqRho_EigVals = -2.0910335360E+05 -7.6900325608E+04  2.8046948676E+07
HessDelSqRho_EigVec1 =  4.1500552666E-04  8.1381926905E-01 -5.8111790980E-01
HessDelSqRho_EigVec2 =  9.9999990504E-01 -2.6046077380E-04  3.4939121180E-04
HessDelSqRho_EigVec3 = -1.3298288014E-04  5.8111799962E-01  8.1381929986E-01
</CP of DelSqRho>
<CP of DelSqRho>
CP# = 10      
Type = (3,-1)
Coords =  1.40770393993740E-01  4.49846422610042E-06 -3.47090752040461E-05
DistFromNuc =  1.3929453985E-01
Rho =  1.5557326810E+02
DelSqRho = -1.2327928755E+04
GradDelSqRho =  2.3283064365E-10  8.7311491370E-11 -1.4551915228E-11
HessDelSqRho_EigVals = -1.0058966869E+04 -5.0078497051E+03  2.7954576026E+07
HessDelSqRho_EigVec1 =  6.7783013341E-05  5.2546044359E-01  8.5081802850E-01
HessDelSqRho_EigVec2 =  7.5796647612E-05  8.5081802531E-01 -5.2546044766E-01
HessDelSqRho_EigVec3 =  9.9999999483E-01 -1.0010644682E-04 -1.7842869483E-05
</CP of DelSqRho>
<CP of DelSqRho>
CP# = 11      
Type = (3,-1)
Coords = -1.37818776297296E-01  7.76369044205076E-05 -6.00223731346307E-05
DistFromNuc =  1.3929464651E-01
Rho =  1.5557229771E+02
DelSqRho = -1.2327621367E+04
GradDelSqRho =  0.0000000000E+00 -8.7311491370E-11 -4.7293724492E-11
HessDelSqRho_EigVals = -1.0164345463E+04 -4.9550701727E+03  2.7954302328E+07
HessDelSqRho_EigVec1 =  5.9236863899E-05  5.3588226089E-01  8.4429272113E-01
HessDelSqRho_EigVec2 =  4.6585881064E-04  8.4429261621E-01 -5.3588222698E-01
HessDelSqRho_EigVec3 =  9.9999988973E-01 -4.2506518544E-04  1.9963222591E-04
</CP of DelSqRho>
<CP of DelSqRho>
CP# = 12      
Type = (3,-1)
Coords =  1.48686813714617E-03  3.19547724004235E-01  4.48140975305469E-01
DistFromNuc =  5.5041636887E-01
Rho =  5.2301997501E+00
DelSqRho = -2.9550742767E+01
GradDelSqRho = -1.4210854715E-14 -5.5422333389E-13 -8.6686213763E-13
HessDelSqRho_EigVals = -1.7155109724E+03 -6.3470286429E+02  1.3240636190E+04
HessDelSqRho_EigVec1 =  2.8042134150E-04  8.1418664254E-01 -5.8060316264E-01
HessDelSqRho_EigVec2 =  9.9999996045E-01 -2.4094162973E-04  1.4510750074E-04
HessDelSqRho_EigVec3 =  2.1746883396E-05  5.8060318037E-01  8.1418667790E-01
</CP of DelSqRho>
<CP of DelSqRho>
CP# = 13      
Type = (3,-1)
Coords =  1.40314422508085E-03 -3.19509180979128E-01 -4.48206698380935E-01
DistFromNuc =  5.5041644802E-01
Rho =  5.2301938808E+00
DelSqRho = -2.9550560560E+01
GradDelSqRho =  9.9475983006E-14  2.9842794902E-13  5.4001247918E-13
HessDelSqRho_EigVals = -1.7155124347E+03 -6.3470532728E+02  1.3240612341E+04
HessDelSqRho_EigVec1 =  1.4743431148E-04  8.1418852314E-01 -5.8060057446E-01
HessDelSqRho_EigVec2 =  9.9999998063E-01 -1.9574794994E-04 -2.0567367952E-05
HessDelSqRho_EigVec3 =  1.3039708712E-04  5.8060056018E-01  8.1418853622E-01
</CP of DelSqRho>
<CP of DelSqRho>
CP# = 14      
Type = (3,+3)
Coords =  1.46784581758633E-03  1.37390821013226E-01  2.26118480893384E-02
DistFromNuc =  1.3922615482E-01
Rho =  1.5561977552E+02
DelSqRho = -1.2512086386E+04
GradDelSqRho = -4.3655745685E-11  2.6193447411E-10 -2.9103830457E-11
HessDelSqRho_EigVals =  3.0798909127E+04  2.0778438576E+05  2.8040860457E+07
HessDelSqRho_EigVec1 =  9.9999998657E-01  8.2173458163E-05 -1.4180738892E-04
HessDelSqRho_EigVec2 =  1.5328638477E-04 -1.6268085339E-01  9.8667873011E-01
HessDelSqRho_EigVec3 = -5.8009456304E-05  9.8667873859E-01  1.6268086380E-01
</CP of DelSqRho>
<CP of DelSqRho>
CP# = 15      
Type = (3,-1)
Coords =  1.45282243615289E-03  1.13356797945081E-01 -8.08054524338222E-02
DistFromNuc =  1.3917576808E-01
Rho =  1.5514334473E+02
DelSqRho = -1.2013913128E+04
GradDelSqRho =  2.9103830457E-11  1.3096723706E-10  2.9103830457E-11
HessDelSqRho_EigVals = -2.0710508714E+05 -6.9807238116E+04  2.8039562023E+07
HessDelSqRho_EigVec1 = -1.1644462241E-04  5.8036771766E-01  8.1435452890E-01
HessDelSqRho_EigVec2 =  9.9999997995E-01  2.0024632495E-04  2.8012062556E-07
HessDelSqRho_EigVec3 = -1.6290892865E-04  8.1435451261E-01 -5.8036772934E-01
</CP of DelSqRho>
<CP of DelSqRho>
CP# = 16      
Type = (3,+3)
Coords =  1.41237662207057E-03 -1.37353956027470E-01 -2.26760055784937E-02
DistFromNuc =  1.3922615778E-01
Rho =  1.5561976115E+02
DelSqRho = -1.2512074136E+04
GradDelSqRho = -8.7311491370E-11 -1.1641532183E-10 -1.3096723706E-10
HessDelSqRho_EigVals =  3.0794256215E+04  2.0777901941E+05  2.8040852476E+07
HessDelSqRho_EigVec1 =  9.9999983460E-01 -5.0727864157E-04  2.7105424549E-04
HessDelSqRho_EigVec2 = -3.4996692766E-04 -1.6267848047E-01  9.8667907118E-01
HessDelSqRho_EigVec3 =  4.5642652611E-04  9.8667900285E-01  1.6267863110E-01
</CP of DelSqRho>
<CP of DelSqRho>
CP# = 17      
Type = (3,+3)
Coords =  1.54853297969130E-03 -2.32822077383769E-02  1.37230603643102E-01
DistFromNuc =  1.3922647714E-01
Rho =  1.5562280920E+02
DelSqRho = -1.2513912811E+04
GradDelSqRho =  2.9103830457E-11  2.4556356948E-11 -2.6193447411E-10
HessDelSqRho_EigVals =  3.0557661486E+04  2.0815911076E+05  2.8041774397E+07
HessDelSqRho_EigVec1 =  9.9999977000E-01 -3.3870488925E-04 -5.8760959260E-04
HessDelSqRho_EigVec2 =  4.3224870724E-04  9.8590262374E-01  1.6731954358E-01
HessDelSqRho_EigVec3 =  5.2265389160E-04 -1.6731975909E-01  9.8590254338E-01
</CP of DelSqRho>
<CP of DelSqRho>
CP# = 18      
Type = (3,+1)
Coords =  1.51440354585383E-03  4.14512618230066E-02 -2.42195301522183E-01
DistFromNuc =  2.4568197268E-01
Rho =  3.9704053821E+01
DelSqRho =  3.7035004920E+03
GradDelSqRho =  3.4106051316E-12  8.6401996668E-12 -3.6379788071E-12
HessDelSqRho_EigVals = -1.8350447807E+06  7.0014141205E+03  5.4647407299E+04
HessDelSqRho_EigVec1 = -1.5337368411E-04 -1.6868623625E-01  9.8566978759E-01
HessDelSqRho_EigVec2 =  9.9999996978E-01 -2.1527156409E-04  1.1876221736E-04
HessDelSqRho_EigVec3 =  1.9215312540E-04  9.8566977602E-01  1.6868626417E-01
</CP of DelSqRho>
<CP of DelSqRho>
CP# = 19      
Type = (3,+1)
Coords =  1.32467646987490E-01  2.80924737053568E-02  3.80890623142053E-02
DistFromNuc =  1.3928472042E-01
Rho =  1.5556321299E+02
DelSqRho = -1.2333549294E+04
GradDelSqRho =  1.6007106751E-10  1.3096723706E-10 -8.7311491370E-11
HessDelSqRho_EigVals = -1.9704795875E+04  1.7749799299E+04  2.7964919720E+07
HessDelSqRho_EigVec1 = -6.8933359239E-03  8.1634186686E-01 -5.7752786801E-01
HessDelSqRho_EigVec2 = -3.4022243361E-01  5.4117201907E-01  7.6901335583E-01
HessDelSqRho_EigVec3 =  9.4031972094E-01  2.0178900412E-01  2.7400733608E-01
</CP of DelSqRho>
<CP of DelSqRho>
CP# = 20      
Type = (3,-3)
Coords =  2.47016357971589E-01 -6.98736669132900E-05  2.05600601065865E-06
DistFromNuc =  2.4554052139E-01
Rho =  3.9864513698E+01
DelSqRho =  3.8257321280E+03
GradDelSqRho =  5.4569682106E-12  2.7569058147E-12  6.8212102633E-12
HessDelSqRho_EigVals = -1.8453954836E+06 -1.6477943407E+03 -4.4351935815E+02
HessDelSqRho_EigVec1 =  9.9999992558E-01 -3.5966427262E-04  1.3957134639E-04
HessDelSqRho_EigVec2 =  7.6832536659E-05  5.4019175501E-01  8.4154195493E-01
HessDelSqRho_EigVec3 =  3.7806786565E-04  8.4154188158E-01 -5.4019174244E-01
</CP of DelSqRho>
<CP of DelSqRho>
CP# = 21      
Type = (3,-3)
Coords = -2.44063781786695E-01  1.16377147162377E-04 -7.62492762417506E-05
DistFromNuc =  2.4553966012E-01
Rho =  3.9864878122E+01
DelSqRho =  3.8257686266E+03
GradDelSqRho =  3.6379788071E-12  2.2737367544E-13  1.8189894035E-12
HessDelSqRho_EigVals = -1.8454342324E+06 -1.6503338751E+03 -4.4333698245E+02
HessDelSqRho_EigVec1 =  9.9999990430E-01 -3.9900801652E-04  1.7943370748E-04
HessDelSqRho_EigVec2 =  6.4989631586E-05  5.4106626548E-01  8.4097995941E-01
HessDelSqRho_EigVec3 =  4.3264327154E-04  8.4097986727E-01 -5.4106623963E-01
</CP of DelSqRho>
<CP of DelSqRho>
CP# = 22      
Type = (3,+1)
Coords =  1.52091319207209E-03  2.42473643344498E-01  3.96045384593400E-02
DistFromNuc =  2.4567375805E-01
Rho =  3.9708168776E+01
DelSqRho =  3.7036621023E+03
GradDelSqRho = -5.4569682106E-12 -1.8189894035E-12  4.5474735089E-13
HessDelSqRho_EigVals = -1.8354863394E+06  7.1077047200E+03  5.4641644711E+04
HessDelSqRho_EigVec1 =  1.8432747978E-04  9.8690606357E-01  1.6129596310E-01
HessDelSqRho_EigVec2 =  9.9999997958E-01 -1.9526701776E-04  5.1971095064E-05
HessDelSqRho_EigVec3 = -8.2786370541E-05 -1.6129595023E-01  9.8690607942E-01
</CP of DelSqRho>
<CP of DelSqRho>
CP# = 23      
Type = (3,+1)
Coords =  1.42213606913038E-03 -2.42436704607831E-01 -3.96689454667536E-02
DistFromNuc =  2.4567371639E-01
Rho =  3.9708190755E+01
DelSqRho =  3.7036640333E+03
GradDelSqRho = -1.5347723092E-12 -3.0695446185E-12  1.2732925825E-11
HessDelSqRho_EigVals = -1.8354884343E+06  7.1076045929E+03  5.4641544926E+04
HessDelSqRho_EigVec1 =  2.1780215268E-04  9.8690607464E-01  1.6129585366E-01
HessDelSqRho_EigVec2 =  9.9999996988E-01 -2.3320730108E-04  7.6577020960E-05
HessDelSqRho_EigVec3 = -1.1318969787E-04 -1.6129583212E-01  9.8690609570E-01
</CP of DelSqRho>
<CP of DelSqRho>
CP# = 24      
Type = (3,+1)
Coords =  1.46966458044609E-03 -4.14144186714179E-02  2.42130789096187E-01
DistFromNuc =  2.4568193128E-01
Rho =  3.9704074852E+01
DelSqRho =  3.7035012661E+03
GradDelSqRho =  6.3664629124E-12 -5.0022208598E-12  1.7280399334E-11
HessDelSqRho_EigVals = -1.8350463012E+06  7.0013193759E+03  5.4647374872E+04
HessDelSqRho_EigVec1 = -2.8767787782E-05 -1.6868627282E-01  9.8566979285E-01
HessDelSqRho_EigVec2 =  9.9999997502E-01 -2.2334259045E-04 -9.0365375365E-06
HessDelSqRho_EigVec3 =  2.2166638470E-04  9.8566976797E-01  1.6868627503E-01
</CP of DelSqRho>
<CP of DelSqRho>
CP# = 25      
Type = (3,-1)
Coords =  2.38056701757791E-01  3.91672719966903E-02  5.27534352078970E-02
DistFromNuc =  2.4553910857E-01
Rho =  3.9838505259E+01
DelSqRho =  3.8239576685E+03
GradDelSqRho =  1.6370904632E-11  1.8189894035E-12 -1.3642420527E-11
HessDelSqRho_EigVals = -1.8455317968E+06 -2.8371087651E+03  3.0534364089E+03
HessDelSqRho_EigVec1 =  9.6348322650E-01  1.5951893534E-01  2.1506692337E-01
HessDelSqRho_EigVec2 = -6.9435704002E-03  8.1779565176E-01 -5.7546681816E-01
HessDelSqRho_EigVec3 = -2.6767864892E-01  5.5295929438E-01  7.8904002413E-01
</CP of DelSqRho>
<CP of DelSqRho>
CP# = 26      
Type = (3,-1)
Coords =  2.38046650309891E-01 -3.92414197927622E-02 -5.27804481504473E-02
DistFromNuc =  2.4553910716E-01
Rho =  3.9838505225E+01
DelSqRho =  3.8239583390E+03
GradDelSqRho =  1.2732925825E-11  1.3642420527E-12  4.5474735089E-13
HessDelSqRho_EigVals = -1.8455319563E+06 -2.8369420243E+03  3.0530685377E+03
HessDelSqRho_EigVec1 =  9.6344227419E-01 -1.5997097968E-01 -2.1491456431E-01
HessDelSqRho_EigVec2 =  7.4562373061E-03  8.1787064585E-01 -5.7535381391E-01
HessDelSqRho_EigVec3 =  2.6781222679E-01  5.5271773295E-01  7.8916393662E-01
</CP of DelSqRho>
<CP of DelSqRho>
CP# = 27      
Type = (3,-1)
Coords = -2.35080102992526E-01  3.92886379324721E-02  5.27716246733866E-02
DistFromNuc =  2.4553842048E-01
Rho =  3.9838734993E+01
DelSqRho =  3.8239888946E+03
GradDelSqRho = -3.2741809264E-11 -1.0345502233E-11 -2.7284841053E-12
HessDelSqRho_EigVals = -1.8455637779E+06 -2.8404324998E+03  3.0578535385E+03
HessDelSqRho_EigVec1 =  9.6338578960E-01 -1.6000913332E-01 -2.1513925178E-01
HessDelSqRho_EigVec2 =  7.3282671481E-03  8.1781636931E-01 -5.7543260474E-01
HessDelSqRho_EigVec3 =  2.6801887415E-01  5.5278699637E-01  7.8904525836E-01
</CP of DelSqRho>
<CP of DelSqRho>
CP# = 28      
Type = (3,-1)
Coords =  2.44222507177425E-01 -3.05606895251410E-02  2.06678984355724E-02
DistFromNuc =  2.4553923614E-01
Rho =  3.9856247538E+01
DelSqRho =  3.8255815777E+03
GradDelSqRho =  4.3655745685E-11 -1.2391865312E-11  9.0949470177E-13
HessDelSqRho_EigVals = -1.8454959712E+06 -2.3966752399E+03  8.6830205975E+02
HessDelSqRho_EigVec1 =  9.8861444984E-01 -1.2460855848E-01  8.4345579197E-02
HessDelSqRho_EigVec2 =  2.8247275458E-03  5.7581466274E-01  8.1757537578E-01
HessDelSqRho_EigVec3 =  1.5044431027E-01  8.0802857705E-01 -5.6961068124E-01
</CP of DelSqRho>
<CP of DelSqRho>
CP# = 29      
Type = (3,-1)
Coords = -2.35090845071503E-01 -3.91366104628834E-02 -5.28734270251096E-02
DistFromNuc =  2.4553841731E-01
Rho =  3.9838740150E+01
DelSqRho =  3.8239887869E+03
GradDelSqRho =  1.8189894035E-12  4.0927261580E-12 -1.0459189070E-11
HessDelSqRho_EigVals = -1.8455640026E+06 -2.8404191100E+03  3.0578601187E+03
HessDelSqRho_EigVec1 =  9.6342956398E-01  1.5954011648E-01  2.1529149191E-01
HessDelSqRho_EigVec2 = -6.7875565692E-03  8.1771321351E-01 -5.7558581421E-01
HessDelSqRho_EigVec3 = -2.6787572554E-01  5.5307508684E-01  7.8889197232E-01
</CP of DelSqRho>
<CP of DelSqRho>
CP# = 30      
Type = (3,-1)
Coords =  5.33704688323097E-01 -1.29785554741199E-04  2.28640227870275E-05
DistFromNuc =  5.3222885696E-01
Rho =  6.3426470188E+00
DelSqRho = -7.2341940628E+01
GradDelSqRho =  1.3642420527E-12  5.6843418861E-14  3.5527136788E-14
HessDelSqRho_EigVals = -1.2737477300E+02 -8.0966628868E+01  1.9524301773E+04
HessDelSqRho_EigVec1 =  7.1291324282E-05  5.6308066385E-01  8.2640193666E-01
HessDelSqRho_EigVec2 =  2.8806773312E-04  8.2640189291E-01 -5.6308065889E-01
HessDelSqRho_EigVec3 =  9.9999995597E-01 -2.7820249839E-04  1.0329008507E-04
</CP of DelSqRho>
<CP of DelSqRho>
CP# = 31      
Type = (3,-1)
Coords = -5.30746243742929E-01  1.42908381708442E-04 -6.51244336513086E-05
DistFromNuc =  5.3222211417E-01
Rho =  6.3431272902E+00
DelSqRho = -7.2353859332E+01
GradDelSqRho = -1.1368683772E-12  7.8159700934E-14  1.4210854715E-14
HessDelSqRho_EigVals = -1.2708496590E+02 -8.1212646683E+01  1.9526966628E+04
HessDelSqRho_EigVec1 =  7.9629120561E-05  5.5987528273E-01  8.2857688928E-01
HessDelSqRho_EigVec2 =  2.2838012371E-04  8.2857686011E-01 -5.5987528498E-01
HessDelSqRho_EigVec3 =  9.9999997075E-01 -2.3381286904E-04  6.1885539645E-05
</CP of DelSqRho>
<CP of DelSqRho>
CP# = 32      
Type = (3,+3)
Coords =  1.60356489937141E-03  5.15899350591822E-01  8.42146075648344E-02
DistFromNuc =  5.2271469061E-01
Rho =  6.5893861510E+00
DelSqRho = -1.0226469389E+02
GradDelSqRho = -4.6185277824E-14  4.9737991503E-13  1.1368683772E-13
HessDelSqRho_EigVals =  3.3919779024E+02  2.2834827880E+03  2.3305496970E+04
HessDelSqRho_EigVec1 =  9.9999995299E-01 -2.7105682826E-04  1.4334393903E-04
HessDelSqRho_EigVec2 = -1.8515874685E-04 -1.6118032408E-01  9.8692495604E-01
HessDelSqRho_EigVec3 =  2.4440852576E-04  9.8692493618E-01  1.6118036669E-01
</CP of DelSqRho>
<CP of DelSqRho>
CP# = 33      
Type = (3,+3)
Coords =  1.39020057736108E-03 -5.15862057848562E-01 -8.42794208593370E-02
DistFromNuc =  5.2271435474E-01
Rho =  6.5894053014E+00
DelSqRho = -1.0226561145E+02
GradDelSqRho = -2.8421709430E-14 -2.0428103653E-13  5.6843418861E-14
HessDelSqRho_EigVals =  3.3921577832E+02  2.2835096353E+03  2.3305655556E+04
HessDelSqRho_EigVec1 =  9.9999998653E-01 -1.6336729995E-04 -1.5912300366E-05
HessDelSqRho_EigVec2 = -1.0627509230E-05 -1.6118129628E-01  9.8692481457E-01
HessDelSqRho_EigVec3 =  1.6379600741E-04  9.8692480111E-01  1.6118129584E-01
</CP of DelSqRho>
<CP of DelSqRho>
CP# = 34      
Type = (3,+1)
Coords =  5.04838550545908E-01 -1.40678117707623E-01  9.96367585504022E-02
DistFromNuc =  5.3207465237E-01
Rho =  6.3249608074E+00
DelSqRho = -7.2943324810E+01
GradDelSqRho = -1.0800249584E-12  4.8316906032E-13 -1.7053025658E-13
HessDelSqRho_EigVals = -2.5685323897E+02  1.4513520424E+02  1.9572622403E+04
HessDelSqRho_EigVec1 =  1.3848348629E-03  5.8134363957E-01  8.1365696394E-01
HessDelSqRho_EigVec2 =  3.2355976071E-01  7.6962867920E-01 -5.5043689684E-01
HessDelSqRho_EigVec3 =  9.4620672344E-01 -2.6402891676E-01  1.8703360029E-01
</CP of DelSqRho>
<CP of DelSqRho>
CP# = 35      
Type = (3,+1)
Coords = -5.01874535708179E-01 -1.40699993996734E-01  9.96254734384480E-02
DistFromNuc =  5.3206668273E-01
Rho =  6.3254352192E+00
DelSqRho = -7.2959150748E+01
GradDelSqRho = -1.3073986338E-12 -4.2632564146E-13  1.7053025658E-13
HessDelSqRho_EigVals = -2.5689828843E+02  1.4559016149E+02  1.9575759033E+04
HessDelSqRho_EigVec1 = -1.4375919124E-03  5.8136982168E-01  8.1363816514E-01
HessDelSqRho_EigVec2 = -3.2358566122E-01  7.6959377821E-01 -5.5047046823E-01
HessDelSqRho_EigVec3 =  9.4619778756E-01  2.6407299556E-01 -1.8701657637E-01
</CP of DelSqRho>
<CP of DelSqRho>
CP# = 36      
Type = (3,+1)
Coords =  5.04905293889616E-01  1.40510757687982E-01 -9.96502792221831E-02
DistFromNuc =  5.3207428380E-01
Rho =  6.3249728891E+00
DelSqRho = -7.2944228320E+01
GradDelSqRho =  1.1368683772E-13  4.2632564146E-14 -9.9475983006E-14
HessDelSqRho_EigVals = -2.5686884635E+02  1.4521245423E+02  1.9572762607E+04
HessDelSqRho_EigVec1 = -1.2310226941E-03  5.8134354254E-01  8.1365728051E-01
HessDelSqRho_EigVec2 = -3.2319215633E-01  7.6976025245E-01 -5.5046887636E-01
HessDelSqRho_EigVec3 =  9.4633256029E-01  2.6364529068E-01 -1.8693808074E-01
</CP of DelSqRho>
<CP of DelSqRho>
CP# = 37      
Type = (3,+1)
Coords = -5.01799106867069E-01  1.40963299532747E-01 -9.97510031958923E-02
DistFromNuc =  5.3206669750E-01
Rho =  6.3254328155E+00
DelSqRho = -7.2959074071E+01
GradDelSqRho = -1.1937117961E-12  0.0000000000E+00 -8.1712414612E-14
HessDelSqRho_EigVals = -2.5690242936E+02  1.4558400897E+02  1.9575754200E+04
HessDelSqRho_EigVec1 =  1.6049544092E-03  5.8138031855E-01  8.1363035177E-01
HessDelSqRho_EigVec2 =  3.2399860340E-01  7.6943969938E-01 -5.5044296164E-01
HessDelSqRho_EigVec3 =  9.4605619765E-01 -2.6449853352E-01  1.8713149561E-01
</CP of DelSqRho>
<CP of DelSqRho>
CP# = 38      
Type = (3,+1)
Coords =  4.94101064025790E-01  1.16849003506113E-01  1.62911169878729E-01
DistFromNuc =  5.3186419933E-01
Rho =  6.3243768141E+00
DelSqRho = -7.3625515057E+01
GradDelSqRho =  1.4210854715E-12  4.2632564146E-14  3.6948222260E-13
HessDelSqRho_EigVals = -2.5692779159E+02  2.1924966782E+02  1.9648296588E+04
HessDelSqRho_EigVec1 = -1.4286207059E-03  8.1472133452E-01 -5.7985093439E-01
HessDelSqRho_EigVec2 = -3.7640761634E-01  5.3676765457E-01  7.5511442270E-01
HessDelSqRho_EigVec3 =  9.2645305623E-01  2.1933908015E-01  3.0590047812E-01
</CP of DelSqRho>
<CP of DelSqRho>
CP# = 39      
Type = (3,+3)
Coords =  1.32777083008921E-03 -8.81589650039667E-02  5.15282788224544E-01
DistFromNuc =  5.2280478991E-01
Rho =  6.5838760953E+00
DelSqRho = -1.0201758202E+02
GradDelSqRho =  2.1316282073E-13 -2.1804780204E-13  2.1316282073E-12
HessDelSqRho_EigVals =  3.3286926329E+02  2.2777154148E+03  2.3263518475E+04
HessDelSqRho_EigVec1 =  9.9999994830E-01 -1.9288349453E-04  2.5729034382E-04
HessDelSqRho_EigVec2 =  1.4671020024E-04  9.8566513050E-01  1.6871345233E-01
HessDelSqRho_EigVec3 = -2.8614416058E-04 -1.6871340586E-01  9.8566510783E-01
</CP of DelSqRho>
<CP of DelSqRho>
CP# = 40      
Type = (3,+3)
Coords =  1.42547251864097E-03  8.81970475121894E-02 -5.15347360902867E-01
DistFromNuc =  5.2280507824E-01
Rho =  6.5838569324E+00
DelSqRho = -1.0201675760E+02
GradDelSqRho =  9.9475983006E-14  3.1263880373E-13 -2.0037305148E-12
HessDelSqRho_EigVals =  3.3284905630E+02  2.2776947506E+03  2.3263386563E+04
HessDelSqRho_EigVec1 =  9.9999995965E-01 -2.4561099048E-04 -1.4273691957E-04
HessDelSqRho_EigVec2 =  2.6617204839E-04  9.8566473774E-01  1.6871560072E-01
HessDelSqRho_EigVec3 =  9.9252342594E-05 -1.6871563190E-01  9.8566476335E-01
</CP of DelSqRho>
<CP of DelSqRho>
CP# = 41      
Type = (3,+1)
Coords = -4.91201351483749E-01  1.17047423310093E-01  1.62597806751250E-01
DistFromNuc =  5.3186007477E-01
Rho =  6.3247950454E+00
DelSqRho = -7.3631540546E+01
GradDelSqRho = -6.5369931690E-13  1.4921397451E-13  2.2737367544E-13
HessDelSqRho_EigVals = -2.5680665825E+02  2.1879647901E+02  1.9649974234E+04
HessDelSqRho_EigVec1 =  2.1808313205E-03  8.1480190862E-01 -5.7973536522E-01
HessDelSqRho_EigVec2 =  3.7614053673E-01  5.3649380381E-01  7.5544205278E-01
HessDelSqRho_EigVec3 =  9.2656005774E-01 -2.1970946312E-01 -3.0531002475E-01
</CP of DelSqRho>
<CP of DelSqRho>
CP# = 42      
Type = (3,+1)
Coords =  4.94070467198035E-01 -1.17041359882953E-01 -1.62903592855906E-01
DistFromNuc =  5.3186420447E-01
Rho =  6.3243746507E+00
DelSqRho = -7.3625488255E+01
GradDelSqRho =  6.2527760747E-13  4.2632564146E-14  1.4210854715E-14
HessDelSqRho_EigVals = -2.5692666144E+02  2.1924862457E+02  1.9648294899E+04
HessDelSqRho_EigVec1 =  1.9248319960E-03  8.1476708511E-01 -5.7978521199E-01
HessDelSqRho_EigVec2 =  3.7654682438E-01  5.3652191522E-01  7.5521965251E-01
HessDelSqRho_EigVec3 =  9.2639558725E-01 -2.1976995135E-01 -3.0576524396E-01
</CP of DelSqRho>
<CP of DelSqRho>
CP# = 43      
Type = (3,+1)
Coords = -4.91231456064088E-01 -1.16792093652304E-01 -1.62727800540795E-01
DistFromNuc =  5.3185998720E-01
Rho =  6.3247994273E+00
DelSqRho = -7.3631734655E+01
GradDelSqRho =  5.6843418861E-14  1.2789769244E-13  1.2789769244E-13
HessDelSqRho_EigVals = -2.5681040340E+02  2.1880821598E+02  1.9650009982E+04
HessDelSqRho_EigVec1 = -1.7387262183E-03  8.1479744659E-01 -5.7974313093E-01
HessDelSqRho_EigVec2 = -3.7600327948E-01  5.3666860238E-01  7.5538622243E-01
HessDelSqRho_EigVec3 =  9.2661670104E-01  2.1929872831E-01  3.0543339226E-01
</CP of DelSqRho>
<CP of DelSqRho>
CP# = 44      
Type = (3,-3)
Coords =  8.44805883814145E-01 -1.64438654397124E-04  1.85962279966553E-05
DistFromNuc =  8.4333005031E-01
Rho =  1.9689119593E+00
DelSqRho =  1.4427296441E+01
GradDelSqRho = -9.4129148920E-12 -3.8857805862E-13  1.4077627952E-13
HessDelSqRho_EigVals = -7.5311483967E+02 -8.2879980180E+00 -6.0863316379E+00
HessDelSqRho_EigVec1 =  9.9999997440E-01 -2.1790534786E-04  6.1022792854E-05
HessDelSqRho_EigVec2 =  7.1672793536E-05  5.6078215257E-01  8.2796338821E-01
HessDelSqRho_EigVec3 =  2.1463814326E-04  8.2796336264E-01 -5.6078215383E-01
</CP of DelSqRho>
<CP of DelSqRho>
CP# = 45      
Type = (3,-3)
Coords = -8.41851919311208E-01  2.13894601487817E-04 -9.54891521489556E-05
DistFromNuc =  8.4332779919E-01
Rho =  1.9689353784E+00
DelSqRho =  1.4429798106E+01
GradDelSqRho =  3.5527136788E-14  7.1054273576E-15  7.9103390505E-15
HessDelSqRho_EigVals = -7.5321899231E+02 -8.2977241592E+00 -6.0949680361E+00
HessDelSqRho_EigVec1 =  9.9999997038E-01 -2.3168398405E-04  7.4616340912E-05
HessDelSqRho_EigVec2 =  6.8013909780E-05  5.6031886044E-01  8.2827698870E-01
HessDelSqRho_EigVec3 =  2.3370745575E-04  8.2827695909E-01 -5.6031885960E-01
</CP of DelSqRho>
<CP of DelSqRho>
CP# = 46      
Type = (3,+1)
Coords =  1.66859261982209E-03  8.62837364428156E-01  1.41207003346691E-01
DistFromNuc =  8.7430259883E-01
Rho =  1.7287369040E+00
DelSqRho =  1.1605713491E+01
GradDelSqRho =  9.5479180118E-15  3.4389158188E-14  5.5511151231E-15
HessDelSqRho_EigVals = -5.4220754772E+02  7.7105222361E+00  6.2728985751E+01
HessDelSqRho_EigVec1 =  2.1867951656E-04  9.8689636110E-01  1.6135527455E-01
HessDelSqRho_EigVec2 =  9.9999997085E-01 -2.3233527630E-04  6.5763753829E-05
HessDelSqRho_EigVec3 = -1.0239053164E-04 -1.6135525546E-01  9.8689638314E-01
</CP of DelSqRho>
<CP of DelSqRho>
CP# = 47      
Type = (3,+1)
Coords =  1.31612216022548E-03 -8.62800884284494E-01 -1.41270006133855E-01
DistFromNuc =  8.7430277449E-01
Rho =  1.7287359380E+00
DelSqRho =  1.1605777605E+01
GradDelSqRho = -1.7763568394E-15  9.4368957093E-14  5.2180482157E-15
HessDelSqRho_EigVals = -5.4220940631E+02  7.7101932244E+00  6.2728562260E+01
HessDelSqRho_EigVec1 =  1.8416018328E-04  9.8689679776E-01  1.6135264686E-01
HessDelSqRho_EigVec2 =  9.9999997866E-01 -1.9685789384E-04  6.2708891935E-05
HessDelSqRho_EigVec3 = -9.3650746868E-05 -1.6135263187E-01  9.8689681295E-01
</CP of DelSqRho>
<CP of DelSqRho>
CP# = 48      
Type = (3,+1)
Coords =  1.65993895436151E-03 -1.46369488844780E-01  8.61839100824320E-01
DistFromNuc =  8.7421488010E-01
Rho =  1.7292219652E+00
DelSqRho =  1.1591864135E+01
GradDelSqRho = -3.3306690739E-15 -2.6645352591E-15 -6.2172489379E-15
HessDelSqRho_EigVals = -5.4220304959E+02  7.7092992631E+00  6.2850604115E+01
HessDelSqRho_EigVec1 =  2.4194249713E-04 -1.6729945591E-01  9.8590609772E-01
HessDelSqRho_EigVec2 =  9.9999992479E-01 -2.5836620464E-04 -2.8924357508E-04
HessDelSqRho_EigVec3 =  3.0311510934E-04  9.8590609355E-01  1.6729938081E-01
</CP of DelSqRho>
<CP of DelSqRho>
CP# = 49      
Type = (3,+1)
Coords =  1.82516927013199E-03  1.46406205041654E-01 -8.61903183625046E-01
DistFromNuc =  8.7421452423E-01
Rho =  1.7292233866E+00
DelSqRho =  1.1591823919E+01
GradDelSqRho = -4.4408920985E-16 -1.3766765505E-14  1.2967404928E-13
HessDelSqRho_EigVals = -5.4220333861E+02  7.7096014601E+00  6.2850928154E+01
HessDelSqRho_EigVec1 = -4.3097075009E-04 -1.6729822233E-01  9.8590624253E-01
HessDelSqRho_EigVec2 =  9.9999990119E-01 -1.7962226637E-04  4.0665146883E-04
HessDelSqRho_EigVec3 =  1.0905864587E-04  9.8590632037E-01  1.6729828322E-01
</CP of DelSqRho>
<CP of DelSqRho>
CP# = 50      
Type = (3,-1)
Coords =  7.56243668850840E-01  2.22334189633396E-01  3.09605118071204E-01
DistFromNuc =  8.4556136886E-01
Rho =  1.9350267644E+00
DelSqRho =  1.4130028158E+01
GradDelSqRho = -1.0125233985E-13 -6.3726801613E-14 -1.4610535004E-13
HessDelSqRho_EigVals = -7.3381095827E+02 -1.4818678880E+01  1.2932807664E+01
HessDelSqRho_EigVec1 =  8.9233029484E-01  2.6321296114E-01  3.6669548947E-01
HessDelSqRho_EigVec2 = -1.4742637014E-03  8.1407723320E-01 -5.8075475455E-01
HessDelSqRho_EigVec3 = -4.5138062814E-01  5.1768445551E-01  7.2681382283E-01
</CP of DelSqRho>
<CP of DelSqRho>
CP# = 51      
Type = (3,-3)
Coords =  1.52296492186335E-03  4.70117855931562E-01  6.58254059793890E-01
DistFromNuc =  8.0890932320E-01
Rho =  1.9440977174E+00
DelSqRho =  1.9183755908E+01
GradDelSqRho =  1.9806378759E-13  2.2737367544E-13  3.8014036363E-13
HessDelSqRho_EigVals = -9.7549414787E+02 -1.1301170060E+02 -4.3234411998E+01
HessDelSqRho_EigVec1 =  4.9547319448E-05  5.8079936132E-01  8.1404674278E-01
HessDelSqRho_EigVec2 =  2.4867087761E-04  8.1404671146E-01 -5.8079935410E-01
HessDelSqRho_EigVec3 =  9.9999996785E-01 -2.3120676908E-04  1.0409405444E-04
</CP of DelSqRho>
<CP of DelSqRho>
CP# = 52      
Type = (3,-3)
Coords =  1.24677868966364E-03 -6.59672197871708E-01  4.70848062645536E-01
DistFromNuc =  8.1050605017E-01
Rho =  1.9477747638E+00
DelSqRho =  1.8970274879E+01
GradDelSqRho = -3.2951419371E-13  2.4868995752E-13 -1.4566126083E-13
HessDelSqRho_EigVals = -9.6852563705E+02 -1.1014952159E+02 -3.8388859848E+01
HessDelSqRho_EigVec1 =  2.4940216576E-04  8.1386457406E-01 -5.8105455242E-01
HessDelSqRho_EigVec2 =  1.6723191388E-04  5.8105452842E-01  8.1386461223E-01
HessDelSqRho_EigVec3 =  9.9999995492E-01 -3.0015046179E-04  8.8121274521E-06
</CP of DelSqRho>
<CP of DelSqRho>
CP# = 53      
Type = (3,-3)
Coords =  1.59906047102747E-03  6.59709452656612E-01 -4.70912221356121E-01
DistFromNuc =  8.1050613596E-01
Rho =  1.9477741221E+00
DelSqRho =  1.8970249579E+01
GradDelSqRho = -3.1930014188E-13 -2.7000623959E-13  1.7408297026E-13
HessDelSqRho_EigVals = -9.6852434114E+02 -1.1014946144E+02 -3.8388992885E+01
HessDelSqRho_EigVec1 =  1.8537732161E-04  8.1386496580E-01 -5.8105402767E-01
HessDelSqRho_EigVec2 = -1.4579507173E-05  5.8105403979E-01  8.1386497813E-01
HessDelSqRho_EigVec3 =  9.9999998271E-01 -1.4240062843E-04  1.1957999171E-04
</CP of DelSqRho>
<CP of DelSqRho>
CP# = 54      
Type = (3,-3)
Coords =  1.39960135051578E-03 -4.70081595722406E-01 -6.58317740292823E-01
DistFromNuc =  8.0890906270E-01
Rho =  1.9440980493E+00
DelSqRho =  1.9183784894E+01
GradDelSqRho = -2.0783375021E-13 -1.6586731988E-13 -2.7888802379E-13
HessDelSqRho_EigVals = -9.7549635008E+02 -1.1301189357E+02 -4.3234461234E+01
HessDelSqRho_EigVec1 =  1.0281678306E-04  5.8079796180E-01  8.1404773631E-01
HessDelSqRho_EigVec2 =  1.7900018604E-04  8.1404771689E-01 -5.8079797055E-01
HessDelSqRho_EigVec3 =  9.9999997869E-01 -2.0543047519E-04  2.0265175705E-05
</CP of DelSqRho>
<CP of DelSqRho>
CP# = 55      
Type = (3,-1)
Coords = -7.53188224052085E-01 -2.22430862592586E-01 -3.09811177023398E-01
DistFromNuc =  8.4555577263E-01
Rho =  1.9350407740E+00
DelSqRho =  1.4131884746E+01
GradDelSqRho =  1.3855583347E-13  4.6185277824E-14  5.8619775700E-14
HessDelSqRho_EigVals = -7.3390414448E+02 -1.4835143884E+01  1.2944907804E+01
HessDelSqRho_EigVec1 =  8.9219805090E-01  2.6340084171E-01  3.6688231704E-01
HessDelSqRho_EigVec2 = -1.5127966238E-03  8.1406398769E-01 -5.8077322200E-01
HessDelSqRho_EigVec3 = -4.5164183754E-01  5.1760971836E-01  7.2670477503E-01
</CP of DelSqRho>
<CP of DelSqRho>
CP# = 56      
Type = (3,-1)
Coords = -7.53128223880936E-01  2.22805287669158E-01  3.09650221547958E-01
DistFromNuc =  8.4555574125E-01
Rho =  1.9350402529E+00
DelSqRho =  1.4131869689E+01
GradDelSqRho =  6.9100281053E-13 -1.8696155735E-13 -2.8044233602E-13
HessDelSqRho_EigVals = -7.3390345747E+02 -1.4835188468E+01  1.2945132038E+01
HessDelSqRho_EigVec1 =  8.9212701647E-01 -2.6379975776E-01 -3.6676842052E-01
HessDelSqRho_EigVec2 =  1.9604809960E-03  8.1407414526E-01 -5.8075764526E-01
HessDelSqRho_EigVec3 =  4.5178041458E-01  5.1739054284E-01  7.2677471281E-01
</CP of DelSqRho>
<CP of DelSqRho>
CP# = 57      
Type = (3,-1)
Coords =  7.70174881114811E-01 -2.85573536054584E-01  2.02484545070071E-01
DistFromNuc =  8.4467391422E-01
Rho =  1.9435128579E+00
DelSqRho =  1.4242427665E+01
GradDelSqRho = -8.7974072471E-13 -2.6556534749E-13  1.9206858326E-13
HessDelSqRho_EigVals = -7.4098148011E+02 -1.5722426709E+01  9.9495591500E+00
HessDelSqRho_EigVec1 =  9.0981108266E-01 -3.3852789526E-01  2.4008885438E-01
HessDelSqRho_EigVec2 =  1.4425916760E-03  5.8107186156E-01  8.1385097569E-01
HessDelSqRho_EigVec3 =  4.1502013541E-01  7.4010428714E-01 -5.2915397699E-01
</CP of DelSqRho>
<CP of DelSqRho>
CP# = 58      
Type = (3,-1)
Coords =  7.56186207032084E-01 -2.22625249002446E-01 -3.09573845518493E-01
DistFromNuc =  8.4556131892E-01
Rho =  1.9350264327E+00
DelSqRho =  1.4130036132E+01
GradDelSqRho = -7.7982065250E-13  2.8776980798E-13  3.8413716652E-13
HessDelSqRho_EigVals = -7.3381168404E+02 -1.4818592780E+01  1.2932693422E+01
HessDelSqRho_EigVec1 =  8.9226235225E-01 -2.6360189948E-01 -3.6658141435E-01
HessDelSqRho_EigVec2 =  1.9008908574E-03  8.1407367444E-01 -5.8075850334E-01
HessDelSqRho_EigVec3 =  4.5151332358E-01  5.1749211702E-01  7.2686837010E-01
</CP of DelSqRho>
<CP of DelSqRho>
CP# = 59      
Type = (3,-1)
Coords = -7.67312032132897E-01 -2.85341410646788E-01  2.02484773673663E-01
DistFromNuc =  8.4467638997E-01
Rho =  1.9434986912E+00
DelSqRho =  1.4244509878E+01
GradDelSqRho = -3.5527136788E-14  2.0428103653E-14 -2.7977620221E-14
HessDelSqRho_EigVals = -7.4105320574E+02 -1.5736125811E+01  9.9610309406E+00
HessDelSqRho_EigVec1 =  9.0991745747E-01  3.3825351631E-01 -2.4007244593E-01
HessDelSqRho_EigVec2 = -1.3368431406E-03  5.8117006835E-01  8.1378102983E-01
HessDelSqRho_EigVec3 = -4.1478721466E-01  7.4015262640E-01 -5.2926898284E-01
</CP of DelSqRho>
<CP of DelSqRho>
CP# = 60      
Type = (3,-1)
Coords =  7.70325913267254E-01  2.85273582989002E-01 -2.02452925630603E-01
DistFromNuc =  8.4467451690E-01
Rho =  1.9435098285E+00
DelSqRho =  1.4242435207E+01
GradDelSqRho =  1.8918200340E-13  1.7763568394E-14 -2.3980817332E-14
HessDelSqRho_EigVals = -7.4097926321E+02 -1.5722369402E+01  9.9494186901E+00
HessDelSqRho_EigVec1 =  9.0998970113E-01  3.3812853193E-01 -2.3997466478E-01
HessDelSqRho_EigVec2 = -1.2890125673E-03  5.8107125227E-01  8.1385166845E-01
HessDelSqRho_EigVec3 = -4.1462884883E-01  7.4028730617E-01 -5.2920470711E-01
</CP of DelSqRho>
<CP of DelSqRho>
CP# = 61      
Type = (3,-1)
Coords = -7.67159518047558E-01  2.85717685263029E-01 -2.02649287582926E-01
DistFromNuc =  8.4467630475E-01
Rho =  1.9434980514E+00
DelSqRho =  1.4244543973E+01
GradDelSqRho =  2.3803181648E-13 -8.7263529736E-14  7.9936057773E-14
HessDelSqRho_EigVals = -7.4105458640E+02 -1.5736655160E+01  9.9604302801E+00
HessDelSqRho_EigVec1 =  9.0973689695E-01 -3.3865530250E-01  2.4019026710E-01
HessDelSqRho_EigVec2 =  1.4860265045E-03  5.8116573389E-01  8.1378386656E-01
HessDelSqRho_EigVec3 =  4.1518257436E-01  7.3997228045E-01 -5.2921116212E-01
</CP of DelSqRho>
<Path of -GradDelSqRho>
Starting CP# =     18
Ending CP# =      0
Number of Points =    400
  1.5144035459E-03  4.1451261823E-02 -2.4219530152E-01  3.9704053821E+01  3.7035004920E+03
