 AIMInt (Version 19.02.13, Professional)
 Portions Copyright (c) 1997-2019 by Todd A. Keith
 AIMInt is a component of the AIMAll package ( http://aim.tkgristmill.com )

 TP:  64-bit Linux

 Licensed To:  Research Group of Fernando Cortes Guzman, UNAM, fercor@unam.mx

 AIMInt is a heavily modified and extended version of the PROAIMV program
 developed by members of R.F.W. Bader's research group

 Much of the Quantum Theory of Atoms in Molecules (QTAIM) is described in the book:
   "Atoms in Molecules - A Quantum Theory"
   R.F.W. Bader, Oxford University Press, Oxford, 1990

 For additional references see:  http://aim.tkgristmill.com/references.html

 Current Directory:  /home/david/David/proyecto_spin/noab/hexaaqua/def2/pbe0/opt_scan/int

 Inp File:  fe25_pbe0_noab_atomicfiles/fe1.inp
 Wfx File:  fe25_pbe0_noab.wfx
 Out File:  fe25_pbe0_noab_atomicfiles/fe1.int

 Wfx Title:   Title Card Required                                                           
 Job Title:   Title Card Required                                                           
 
<Atom>
Fe1     
</Atom>
<Nuclei of Molecule>
    19
Fe1       26.0          -5.3970785198E-07  -4.3295644500E-04   1.9841449708E-06
O2         8.0           3.4301792280E+00   1.2555387882E-02   2.1850024150E+00
H3         1.0           3.5556317054E+00   1.5833351398E-02   4.0037420665E+00
H4         1.0           5.1337139510E+00   1.3669450185E-02   1.5355795588E+00
O5         8.0           1.5071645692E-02  -4.0846344570E+00  -1.2148350882E-03
H6         1.0          -9.8907380662E-01  -5.1766104042E+00  -1.0606335265E+00
H7         1.0           1.0273241277E+00  -5.1697555244E+00   1.0575314110E+00
O8         8.0          -1.5065338944E-02   4.0842542975E+00   1.2113683274E-03
H9         1.0          -1.0308726739E+00   5.1693341938E+00  -1.0541608564E+00
H10        1.0           9.9264426350E-01   5.1762119488E+00   1.0572532229E+00
O11        8.0          -2.2493224843E+00  -9.1044064989E-03   3.3292405738E+00
H12        1.0          -2.8983048459E+00   1.4553628186E+00   4.2010697575E+00
H13        1.0          -2.8863338254E+00  -1.4778761448E+00   4.2026469664E+00
O14        8.0           2.2493212683E+00   9.4905364519E-03  -3.3292391252E+00
H15        1.0           2.8970099035E+00  -1.4539873331E+00  -4.2036778303E+00
H16        1.0           2.8876157775E+00   1.4792590205E+00  -4.2000377963E+00
O17        8.0          -3.4301846945E+00  -1.1219061233E-02  -2.1850043244E+00
H18        1.0          -5.1336829003E+00  -2.2929717627E-02  -1.5355902829E+00
H19        1.0          -3.5556546369E+00  -7.9931681507E-03  -4.0037428578E+00
</Nuclei of Molecule>
<Total Number of CPs of DelSqRho>
    66
</Total Number of CPs of DelSqRho>
<Number of (3,+3) CPs of DelSqRho>
    13
</Number of (3,+3) CPs of DelSqRho>
<Number of (3,+1) CPs of DelSqRho>
    21
</Number of (3,+1) CPs of DelSqRho>
<Number of (3,-1) CPs of DelSqRho>
    24
</Number of (3,-1) CPs of DelSqRho>
<Number of (3,-3) CPs of DelSqRho>
     8
</Number of (3,-3) CPs of DelSqRho>
<Number of Degenerate CPs of DelSqRho>
     0
</Number of Degenerate CPs of DelSqRho>
<CP of DelSqRho>
CP# = 1       
Type = (3,+3)
Coords = -5.39707851803275E-07 -4.32956444247076E-04  1.98414496482938E-06
DistFromNuc =  7.5674726726E-13
Rho =  1.1579749100E+04
DelSqRho = -1.8770943112E+09
GradDelSqRho =  4.7683715820E-07 -1.4896392822E-03 -8.3446502686E-07
HessDelSqRho_EigVals =  1.4228108084E+15  1.4228108128E+15  1.4228108133E+15
HessDelSqRho_EigVec1 =  9.7021752232E-01  3.5399734257E-03 -2.4220947128E-01
HessDelSqRho_EigVec2 =  2.4221373274E-01 -8.2275185999E-04  9.7022256764E-01
HessDelSqRho_EigVec3 = -3.2352838135E-03  9.9999339581E-01  1.6556784483E-03
</CP of DelSqRho>
<CP of DelSqRho>
CP# = 2       
Type = (3,+1)
Coords = -2.75467791285059E-01 -1.38915572952771E-03 -4.49518317895123E-02
DistFromNuc =  2.7911282051E-01
Rho =  2.5594391016E+01
DelSqRho =  2.0424200229E+03
GradDelSqRho = -2.5465851650E-11  1.8189894035E-12  3.1832314562E-12
HessDelSqRho_EigVals = -7.3650427698E+05  1.4408738754E+03  1.7225400903E+03
HessDelSqRho_EigVec1 =  9.8691305859E-01  3.4250365120E-03  1.6121688467E-01
HessDelSqRho_EigVec2 = -1.6118937798E-01 -7.1858190590E-03  9.8689733429E-01
HessDelSqRho_EigVec3 = -4.5386347661E-03  9.9996831606E-01  6.5396991611E-03
</CP of DelSqRho>
<CP of DelSqRho>
CP# = 3       
Type = (3,+3)
Coords =  1.56518303522926E-01  1.05720043398453E-04  1.21224331704001E-02
DistFromNuc =  1.5698835544E-01
Rho =  1.0623349249E+02
DelSqRho = -6.7454406789E+03
GradDelSqRho = -5.8207660913E-11  3.0922819860E-11 -2.7284841053E-11
HessDelSqRho_EigVals =  5.5767283127E+03  1.0925977357E+04  1.2057584952E+07
HessDelSqRho_EigVec1 = -7.7041661012E-02 -2.3575418740E-03  9.9702508718E-01
HessDelSqRho_EigVec2 = -3.6026610281E-03  9.9999133432E-01  2.0861726364E-03
HessDelSqRho_EigVec3 =  9.9702136552E-01  3.4312212205E-03  7.7049486818E-02
</CP of DelSqRho>
<CP of DelSqRho>
CP# = 4       
Type = (3,+3)
Coords = -1.56519246859297E-01 -1.01016061385647E-03 -1.21184464499077E-02
DistFromNuc =  1.5698835527E-01
Rho =  1.0623349286E+02
DelSqRho = -6.7454407926E+03
GradDelSqRho = -4.3655745685E-11 -3.4560798667E-11  2.9103830457E-11
HessDelSqRho_EigVals =  5.5767859798E+03  1.0925961420E+04  1.2057585079E+07
HessDelSqRho_EigVec1 = -7.7047440645E-02 -6.6342257428E-04  9.9702720713E-01
HessDelSqRho_EigVec2 = -3.7172265520E-03  9.9999301959E-01  3.7813928096E-04
HessDelSqRho_EigVec3 =  9.9702049834E-01  3.6770413436E-03  7.7049368914E-02
</CP of DelSqRho>
<CP of DelSqRho>
CP# = 5       
Type = (3,-1)
Coords = -5.54264845607967E-04  1.56593828841902E-01  4.99518747868261E-05
DistFromNuc =  1.5702776891E-01
Rho =  1.0619713463E+02
DelSqRho = -6.6506153369E+03
GradDelSqRho = -1.6370904632E-11  0.0000000000E+00  2.1827872843E-11
HessDelSqRho_EigVals = -6.8304848660E+04 -2.4419258981E+03  1.2029585210E+07
HessDelSqRho_EigVec1 =  9.8499661921E-02  4.3425518946E-05  9.9513708338E-01
HessDelSqRho_EigVec2 =  9.9513083681E-01  3.5391535819E-03 -9.8499198070E-02
HessDelSqRho_EigVec3 = -3.5262203520E-03  9.9999373623E-01  3.0539135830E-04
</CP of DelSqRho>
<CP of DelSqRho>
CP# = 6       
Type = (3,-1)
Coords =  5.54204592594069E-04 -1.57459756143887E-01 -4.61704138537540E-05
DistFromNuc =  1.5702778698E-01
Rho =  1.0619710575E+02
DelSqRho = -6.6505873924E+03
GradDelSqRho = -3.0922819860E-11  2.9103830457E-11  3.6379788071E-12
HessDelSqRho_EigVals = -6.8318056781E+04 -2.4495759981E+03  1.2029568366E+07
HessDelSqRho_EigVec1 =  9.8540290193E-02  4.3033171733E-05  9.9513306113E-01
HessDelSqRho_EigVec2 =  9.9512679149E-01  3.5457289272E-03 -9.8539822690E-02
HessDelSqRho_EigVec3 = -3.5327125624E-03  9.9999371296E-01  3.0657369532E-04
</CP of DelSqRho>
<CP of DelSqRho>
CP# = 7       
Type = (3,-1)
Coords =  2.26055899131833E-02 -3.98710971037564E-04  1.55387358396389E-01
DistFromNuc =  1.5702118583E-01
Rho =  1.0617328414E+02
DelSqRho = -6.6297986635E+03
GradDelSqRho = -4.7293724492E-11  2.8876456781E-11  0.0000000000E+00
HessDelSqRho_EigVals = -7.1553037026E+04 -1.6048028578E+04  1.2030495841E+07
HessDelSqRho_EigVec1 = -3.6692932058E-03  9.9999321881E-01  3.1402805155E-04
HessDelSqRho_EigVec2 =  9.8957529269E-01  3.6762772981E-03 -1.4396952828E-01
HessDelSqRho_EigVec3 =  1.4396970645E-01  2.1751201095E-04  9.8958207154E-01
</CP of DelSqRho>
<CP of DelSqRho>
CP# = 8       
Type = (3,+3)
Coords =  8.91295501364589E-03  1.11917117882512E-01  1.09399931856429E-01
DistFromNuc =  1.5706654817E-01
Rho =  1.0646122454E+02
DelSqRho = -6.8562090093E+03
GradDelSqRho =  1.0913936421E-11  1.4551915228E-11  0.0000000000E+00
HessDelSqRho_EigVals =  2.6080860784E+04  6.9898721606E+04  1.2031007678E+07
HessDelSqRho_EigVec1 =  9.9410045111E-01  2.4138639321E-02 -1.0574317568E-01
HessDelSqRho_EigVec2 =  9.2450152605E-02 -6.9841044565E-01  7.0970121790E-01
HessDelSqRho_EigVec3 =  5.6720916725E-02  7.1529027359E-01  6.9652175997E-01
</CP of DelSqRho>
<CP of DelSqRho>
CP# = 9       
Type = (3,+3)
Coords =  9.73807794297507E-03 -1.12782887220083E-01  1.09329635342650E-01
DistFromNuc =  1.5706649208E-01
Rho =  1.0646128244E+02
DelSqRho = -6.8562171829E+03
GradDelSqRho =  2.1827872843E-11 -7.2759576142E-12 -6.9121597335E-11
HessDelSqRho_EigVals =  2.6068755165E+04  6.9904963518E+04  1.2031044273E+07
HessDelSqRho_EigVec1 =  9.9424682653E-01 -1.6801468214E-02 -1.0578732722E-01
HessDelSqRho_EigVec2 =  8.7363638844E-02  6.9862629629E-01  7.1013301060E-01
HessDelSqRho_EigVec3 = -6.1974531407E-02  7.1528945805E-01 -6.9607481541E-01
</CP of DelSqRho>
<CP of DelSqRho>
CP# = 10      
Type = (3,+3)
Coords = -8.92238730371311E-03 -1.12778349596202E-01 -1.09400033424441E-01
DistFromNuc =  1.5706650876E-01
Rho =  1.0646133022E+02
DelSqRho = -6.8562403916E+03
GradDelSqRho = -9.0949470177E-13 -6.1845639721E-11 -1.1641532183E-10
HessDelSqRho_EigVals =  2.6081056289E+04  6.9908671455E+04  1.2031038991E+07
HessDelSqRho_EigVec1 =  9.9409910109E-01  2.4091986844E-02 -1.0576650409E-01
HessDelSqRho_EigVec2 =  9.2431809006E-02 -6.9844277838E-01  7.0967178753E-01
HessDelSqRho_EigVec3 =  5.6774447607E-02  7.1526027535E-01  6.9654820408E-01
</CP of DelSqRho>
<CP of DelSqRho>
CP# = 11      
Type = (3,-3)
Coords =  4.15175542539967E-02 -3.76921532576501E-04  2.75647765380884E-01
DistFromNuc =  2.7875500351E-01
Rho =  2.5671081441E+01
DelSqRho =  2.1191611633E+03
GradDelSqRho = -4.5474735089E-13 -4.5474735089E-12  1.7280399334E-11
HessDelSqRho_EigVals = -7.4520708710E+05 -1.9235811266E+04 -3.7334066749E+03
HessDelSqRho_EigVec1 =  1.4884475287E-01  2.0172423065E-04  9.8886055582E-01
HessDelSqRho_EigVec2 = -3.6409846505E-03  9.9999331241E-01  3.4405111712E-04
HessDelSqRho_EigVec3 =  9.8885387332E-01  3.6516363088E-03 -1.4884449193E-01
</CP of DelSqRho>
<CP of DelSqRho>
CP# = 12      
Type = (3,-3)
Coords = -4.15186713222127E-02 -4.87853721343178E-04 -2.75643792209361E-01
DistFromNuc =  2.7875500406E-01
Rho =  2.5671081250E+01
DelSqRho =  2.1191611399E+03
GradDelSqRho =  2.3874235922E-12  5.6843418861E-14 -1.8189894035E-11
HessDelSqRho_EigVals = -7.4520707325E+05 -1.9235809010E+04 -3.7334069077E+03
HessDelSqRho_EigVec1 =  1.4884490180E-01  1.9562297620E-04  9.8886053463E-01
HessDelSqRho_EigVec2 = -3.6373967314E-03  9.9999332351E-01  3.4968155473E-04
HessDelSqRho_EigVec3 =  9.8885386410E-01  3.6489263931E-03 -1.4884461959E-01
</CP of DelSqRho>
<CP of DelSqRho>
CP# = 13      
Type = (3,+1)
Coords =  2.75466735083575E-01  5.18646759589898E-04  4.49557531153922E-02
DistFromNuc =  2.7911282015E-01
Rho =  2.5594391101E+01
DelSqRho =  2.0424200241E+03
GradDelSqRho =  1.8189894035E-12 -2.2737367544E-13  9.0949470177E-13
HessDelSqRho_EigVals = -7.3650428054E+05  1.4408691360E+03  1.7225445738E+03
HessDelSqRho_EigVec1 =  9.8691313917E-01  3.4096709744E-03  1.6121671711E-01
HessDelSqRho_EigVec2 = -1.6118561773E-01 -7.9906985470E-03  9.8689175970E-01
HessDelSqRho_EigVec3 = -4.6532103750E-03  9.9996226073E-01  7.3365354649E-03
</CP of DelSqRho>
<CP of DelSqRho>
CP# = 14      
Type = (3,+1)
Coords =  1.30875698497103E-01 -4.04705062380642E-02 -7.69118479607065E-02
DistFromNuc =  1.5699469000E-01
Rho =  1.0623715786E+02
DelSqRho = -6.7313865855E+03
GradDelSqRho = -1.0913936421E-10  5.8207660913E-11  8.7311491370E-11
HessDelSqRho_EigVals = -1.1508998395E+04  1.4424598097E+04  1.2052974134E+07
HessDelSqRho_EigVec1 =  5.1633379413E-01  6.7397088481E-01  5.2835845736E-01
HessDelSqRho_EigVec2 =  1.9539761419E-01 -6.9340311426E-01  6.9355020979E-01
HessDelSqRho_EigVec3 =  8.3379804834E-01 -2.5486342923E-01 -4.8971976377E-01
</CP of DelSqRho>
<CP of DelSqRho>
CP# = 15      
Type = (3,-1)
Coords = -2.26068484362375E-02 -4.56182360758141E-04 -1.55383366201024E-01
DistFromNuc =  1.5702118595E-01
Rho =  1.0617328383E+02
DelSqRho = -6.6297986692E+03
GradDelSqRho =  2.9103830457E-11  2.1827872843E-11 -5.8207660913E-11
HessDelSqRho_EigVals = -7.1552957264E+04 -1.6048052705E+04  1.2030495769E+07
HessDelSqRho_EigVec1 = -3.6087052984E-03  9.9999341825E-01  3.7509918484E-04
HessDelSqRho_EigVec2 =  9.8957535034E-01  3.6251128602E-03 -1.4397042947E-01
HessDelSqRho_EigVec3 =  1.4397084167E-01  1.4835794439E-04  9.8958191917E-01
</CP of DelSqRho>
<CP of DelSqRho>
CP# = 16      
Type = (3,+3)
Coords = -9.73083721113522E-03  1.11921671116612E-01 -1.09321638867262E-01
DistFromNuc =  1.5706653231E-01
Rho =  1.0646117476E+02
DelSqRho = -6.8561851595E+03
GradDelSqRho = -2.1827872843E-11 -2.9103830457E-11  1.1641532183E-10
HessDelSqRho_EigVals =  2.6068453191E+04  6.9894881440E+04  1.2031012308E+07
HessDelSqRho_EigVec1 =  9.9424839406E-01 -1.6849148615E-02 -1.0576500885E-01
HessDelSqRho_EigVec2 =  8.7383605568E-02  6.9859433568E-01  7.1016199535E-01
HessDelSqRho_EigVec3 = -6.1921211092E-02  7.1531955122E-01 -6.9604863570E-01
</CP of DelSqRho>
<CP of DelSqRho>
CP# = 17      
Type = (3,-3)
Coords = -7.92030730647833E-04  2.78383864654897E-01  6.74640373678143E-05
DistFromNuc =  2.7881795221E-01
Rho =  2.5716283237E+01
DelSqRho =  2.1013115886E+03
GradDelSqRho =  2.8421709430E-12 -9.5496943686E-12 -1.0231815395E-12
HessDelSqRho_EigVals = -7.4334637753E+05 -1.8352444496E+04 -8.9729798235E+01
HessDelSqRho_EigVec1 = -2.8393820064E-03  9.9999594136E-01  2.3491134472E-04
HessDelSqRho_EigVec2 =  9.8859376217E-02  4.6939113517E-05  9.9510141269E-01
HessDelSqRho_EigVec3 =  9.9509736290E-01  2.8486962348E-03 -9.8859108260E-02
</CP of DelSqRho>
<CP of DelSqRho>
CP# = 18      
Type = (3,-3)
Coords =  7.91692073927256E-04 -2.79249590078767E-01 -6.35767284920989E-05
DistFromNuc =  2.7881776687E-01
Rho =  2.5716345165E+01
DelSqRho =  2.1013152244E+03
GradDelSqRho = -4.0927261580E-12 -1.5461409930E-11  2.2737367544E-12
HessDelSqRho_EigVals = -7.4334951853E+05 -1.8352783910E+04 -8.9885907203E+01
HessDelSqRho_EigVec1 = -2.8420454480E-03  9.9999593372E-01  2.3521592424E-04
HessDelSqRho_EigVec2 =  9.8862060242E-02  4.6907023252E-05  9.9510114604E-01
HessDelSqRho_EigVec3 =  9.9509708864E-01  2.8513766133E-03 -9.8861791552E-02
</CP of DelSqRho>
<CP of DelSqRho>
CP# = 19      
Type = (3,-1)
Coords = -2.42472897040848E-01  5.18859062343901E-02  1.27853316637162E-01
DistFromNuc =  2.7906284361E-01
Rho =  2.5608749613E+01
DelSqRho =  2.0510877127E+03
GradDelSqRho =  9.0949470177E-13  2.1600499167E-12 -4.0927261580E-12
HessDelSqRho_EigVals = -7.3769883665E+05 -2.3075982060E+03  2.5486013529E+03
HessDelSqRho_EigVec1 =  8.6870122272E-01 -1.8761711118E-01 -4.5842993493E-01
HessDelSqRho_EigVec2 =  4.5018068086E-01  6.8510781082E-01  5.7268197294E-01
HessDelSqRho_EigVec3 = -2.0662899175E-01  7.0386583035E-01 -6.7961559181E-01
</CP of DelSqRho>
<CP of DelSqRho>
CP# = 20      
Type = (3,+1)
Coords =  1.62405873077276E-02  1.99417511976305E-01  1.94509562404499E-01
DistFromNuc =  2.7935135929E-01
Rho =  2.6190727759E+01
DelSqRho =  1.9273106914E+03
GradDelSqRho = -1.7621459847E-12  4.7748471843E-12  1.8189894035E-12
HessDelSqRho_EigVals = -7.2717982543E+05  7.5510569039E+03  1.8699030678E+04
HessDelSqRho_EigVec1 =  5.8111681031E-02  7.1538432145E-01  6.9631049479E-01
HessDelSqRho_EigVec2 =  9.9401299931E-01  2.3182303564E-02 -1.0677423853E-01
HessDelSqRho_EigVec3 =  9.2526697444E-02 -6.9834651387E-01  7.0975415239E-01
</CP of DelSqRho>
<CP of DelSqRho>
CP# = 21      
Type = (3,+1)
Coords =  1.76946161357586E-02 -2.00288011094407E-01  1.94378054752790E-01
DistFromNuc =  2.7935142426E-01
Rho =  2.6190572400E+01
DelSqRho =  1.9273334041E+03
GradDelSqRho =  3.8653524825E-12  9.5496943686E-12  4.7748471843E-12
HessDelSqRho_EigVals = -7.2718054022E+05  7.5476620881E+03  1.8698016378E+04
HessDelSqRho_EigVec1 = -6.3315865593E-02  7.1540174672E-01 -6.9583866086E-01
HessDelSqRho_EigVec2 =  9.9415386070E-01 -1.5890082906E-02 -1.0679703424E-01
HessDelSqRho_EigVec3 =  8.7459718849E-02  6.9853263779E-01  7.1021331410E-01
</CP of DelSqRho>
<CP of DelSqRho>
CP# = 22      
Type = (3,+1)
Coords = -1.76948343650370E-02  1.99422780817934E-01 -1.94373283112749E-01
DistFromNuc =  2.7935129909E-01
Rho =  2.6190607813E+01
DelSqRho =  1.9273341850E+03
GradDelSqRho = -1.3358203432E-12  1.1823431123E-11  2.7284841053E-12
HessDelSqRho_EigVals = -7.2718194154E+05  7.5476628525E+03  1.8697843561E+04
HessDelSqRho_EigVec1 = -6.3313491305E-02  7.1540355660E-01 -6.9583701613E-01
HessDelSqRho_EigVec2 =  9.9415394002E-01 -1.5892082016E-02 -1.0679599836E-01
HessDelSqRho_EigVec3 =  8.7460535987E-02  6.9853073872E-01  7.1021508131E-01
</CP of DelSqRho>
<CP of DelSqRho>
CP# = 23      
Type = (3,+1)
Coords = -1.62425209401099E-02 -2.00282735557282E-01 -1.94506407339130E-01
DistFromNuc =  2.7935148205E-01
Rho =  2.6190693050E+01
DelSqRho =  1.9273099209E+03
GradDelSqRho =  2.2737367544E-13  0.0000000000E+00  4.5474735089E-12
HessDelSqRho_EigVals = -7.2717844980E+05  7.5510544459E+03  1.8699201570E+04
HessDelSqRho_EigVec1 =  5.8114027096E-02  7.1538249896E-01  6.9631217139E-01
HessDelSqRho_EigVec2 =  9.9401292673E-01  2.3180415550E-02 -1.0677532408E-01
HessDelSqRho_EigVec3 =  9.2526003653E-02 -6.9834844348E-01  7.0975234423E-01
</CP of DelSqRho>
<CP of DelSqRho>
CP# = 24      
Type = (3,-1)
Coords = -2.42122163472283E-01 -5.45792372097728E-02  1.27757299616792E-01
DistFromNuc =  2.7906293385E-01
Rho =  2.5608701216E+01
DelSqRho =  2.0510769374E+03
GradDelSqRho = -2.0463630790E-12  3.6379788071E-12  5.4569682106E-12
HessDelSqRho_EigVals = -7.3769716279E+05 -2.3041423378E+03  2.5494648116E+03
HessDelSqRho_EigVec1 =  8.6744336138E-01  1.9416385551E-01 -4.5808559463E-01
HessDelSqRho_EigVec2 =  4.5504644600E-01 -6.8190816750E-01  5.7265520435E-01
HessDelSqRho_EigVec3 =  2.0118336604E-01  7.0519617718E-01  6.7987028537E-01
</CP of DelSqRho>
<CP of DelSqRho>
CP# = 25      
Type = (3,-1)
Coords =  2.42121207285852E-01  5.37134958224695E-02 -1.27752970361847E-01
DistFromNuc =  2.7906290879E-01
Rho =  2.5608708343E+01
DelSqRho =  2.0510769135E+03
GradDelSqRho =  3.6379788071E-12 -2.5011104299E-12 -2.5011104299E-12
HessDelSqRho_EigVals = -7.3769740233E+05 -2.3041355573E+03  2.5494483966E+03
HessDelSqRho_EigVec1 =  8.6744381794E-01  1.9416487704E-01 -4.5808429710E-01
HessDelSqRho_EigVec2 =  4.5504501371E-01 -6.8191246448E-01  5.7265122569E-01
HessDelSqRho_EigVec3 =  2.0118463716E-01  7.0519174081E-01  6.7987451082E-01
</CP of DelSqRho>
<CP of DelSqRho>
CP# = 26      
Type = (3,-1)
Coords =  2.59878445389359E-01 -5.59575863849440E-02  8.52857497002078E-02
DistFromNuc =  2.7909387685E-01
Rho =  2.5628805105E+01
DelSqRho =  2.0439340874E+03
GradDelSqRho =  5.4569682106E-12 -1.1368683772E-11  4.5474735089E-13
HessDelSqRho_EigVals = -7.3679754092E+05 -1.8761592347E+03  3.7426712565E+03
HessDelSqRho_EigVec1 =  9.3103583994E-01 -1.9910362314E-01  3.0582676796E-01
HessDelSqRho_EigVec2 =  3.4098845251E-01  7.7318191984E-01 -5.3471169249E-01
HessDelSqRho_EigVec3 = -1.2999669228E-01  6.0211914609E-01  7.8775211451E-01
</CP of DelSqRho>
<CP of DelSqRho>
CP# = 27      
Type = (3,-1)
Coords = -2.59877748034986E-01  5.50951569278289E-02 -8.52846798702392E-02
DistFromNuc =  2.7909380115E-01
Rho =  2.5628831986E+01
DelSqRho =  2.0439346669E+03
GradDelSqRho =  7.9580786405E-12  7.6738615462E-12  6.8212102633E-13
HessDelSqRho_EigVals = -7.3679848755E+05 -1.8764248165E+03  3.7427319460E+03
HessDelSqRho_EigVec1 =  9.3102940544E-01 -1.9911724918E-01  3.0583748510E-01
HessDelSqRho_EigVec2 =  3.4100421217E-01  7.7318485492E-01 -5.3469739798E-01
HessDelSqRho_EigVec3 = -1.3000143652E-01  6.0211087119E-01  7.8775765645E-01
</CP of DelSqRho>
<CP of DelSqRho>
CP# = 28      
Type = (3,-1)
Coords =  2.59440772179711E-01  5.69725947756412E-02  8.53725354478988E-02
DistFromNuc =  2.7909375245E-01
Rho =  2.5628871996E+01
DelSqRho =  2.0439434653E+03
GradDelSqRho = -8.1854523160E-12 -4.4337866711E-12 -4.0927261580E-12
HessDelSqRho_EigVals = -7.3679951541E+05 -1.8808446580E+03  3.7433469684E+03
HessDelSqRho_EigVec1 =  9.2946645250E-01  2.0584325027E-01  3.0613831840E-01
HessDelSqRho_EigVec2 = -3.4683921775E-01  7.7031137585E-01  5.3509152607E-01
HessDelSqRho_EigVec3 = -1.2567685033E-01 -6.0353039737E-01  7.8737309373E-01
</CP of DelSqRho>
<CP of DelSqRho>
CP# = 29      
Type = (3,-1)
Coords =  2.42471690202900E-01 -5.27515295867888E-02 -1.27849765476339E-01
DistFromNuc =  2.7906286972E-01
Rho =  2.5608742143E+01
DelSqRho =  2.0510876954E+03
GradDelSqRho = -3.8653524825E-12 -6.8212102633E-13 -4.3200998334E-12
HessDelSqRho_EigVals = -7.3769857196E+05 -2.3075987991E+03  2.5486145878E+03
HessDelSqRho_EigVec1 =  8.6870075067E-01 -1.8761567547E-01 -4.5843141702E-01
HessDelSqRho_EigVec2 =  4.5018190018E-01  6.8510387250E-01  5.7268572589E-01
HessDelSqRho_EigVec3 = -2.0662831978E-01  7.0387004639E-01 -6.7961142961E-01
</CP of DelSqRho>
<CP of DelSqRho>
CP# = 30      
Type = (3,-1)
Coords = -2.59443651896167E-01 -5.78350257066973E-02 -8.53656872298204E-02
DistFromNuc =  2.7909382891E-01
Rho =  2.5628844890E+01
DelSqRho =  2.0439428779E+03
GradDelSqRho = -6.5938365879E-12  5.6843418861E-12  5.1159076975E-12
HessDelSqRho_EigVals = -7.3679855917E+05 -1.8805777345E+03  3.7432865636E+03
HessDelSqRho_EigVec1 =  9.2947297549E-01  2.0582963170E-01  3.0612767035E-01
HessDelSqRho_EigVec2 = -3.4682341741E-01  7.7030869531E-01  5.3510562607E-01
HessDelSqRho_EigVec3 = -1.2567221241E-01 -6.0353846326E-01  7.8736765135E-01
</CP of DelSqRho>
<CP of DelSqRho>
CP# = 31      
Type = (3,+3)
Coords =  6.10897478573971E-01  1.73163033447200E-03  6.88990616301621E-02
DistFromNuc =  6.1477465909E-01
Rho =  3.2755464464E+00
DelSqRho = -3.0943973794E+01
GradDelSqRho =  1.3855583347E-13  5.6843418861E-14 -4.2632564146E-14
HessDelSqRho_EigVals =  4.7115610237E+01  7.8315673082E+01  6.4354202279E+03
HessDelSqRho_EigVec1 = -1.1337245518E-01 -2.2424309366E-03  9.9355002788E-01
HessDelSqRho_EigVec2 = -3.7526473108E-03  9.9999128660E-01  1.8287600094E-03
HessDelSqRho_EigVec3 =  9.9354547155E-01  3.5211118281E-03  1.1337988237E-01
</CP of DelSqRho>
<CP of DelSqRho>
CP# = 32      
Type = (3,+3)
Coords = -6.10898710288999E-01 -2.55832146983563E-03 -6.88949918930048E-02
DistFromNuc =  6.1477466222E-01
Rho =  3.2755463809E+00
DelSqRho = -3.0943971706E+01
GradDelSqRho =  6.3948846218E-13  4.9737991503E-14  8.6153306711E-14
HessDelSqRho_EigVals =  4.7115382932E+01  7.8315833569E+01  6.4354198611E+03
HessDelSqRho_EigVec1 = -1.1336910222E-01 -3.1263242131E-03  9.9354802237E-01
HessDelSqRho_EigVec2 = -3.7874980968E-03  9.9998914334E-01  2.7144183794E-03
HessDelSqRho_EigVec3 =  9.9354572191E-01  3.4553300691E-03  1.1337971236E-01
</CP of DelSqRho>
<CP of DelSqRho>
CP# = 33      
Type = (3,-1)
Coords = -2.14672105112343E-03  6.24505921524235E-01  1.86340808741103E-04
DistFromNuc =  6.2494259039E-01
Rho =  3.1898386601E+00
DelSqRho = -1.9790017972E+01
GradDelSqRho =  1.0214051827E-14 -4.4053649617E-13  4.2632564146E-14
HessDelSqRho_EigVals = -6.4908561300E+02 -1.2034952026E+01  5.3374332363E+03
HessDelSqRho_EigVec1 =  9.7716632813E-02  4.1801344899E-05  9.9521427739E-01
HessDelSqRho_EigVec2 =  9.9520834654E-01  3.4484985742E-03 -9.7716195329E-02
HessDelSqRho_EigVec3 = -3.4360796850E-03  9.9999405304E-01  2.9537462159E-04
</CP of DelSqRho>
<CP of DelSqRho>
CP# = 34      
Type = (3,-1)
Coords =  2.14420196947344E-03 -6.25369405984014E-01 -1.82161826935097E-04
DistFromNuc =  6.2494015697E-01
Rho =  3.1898817679E+00
DelSqRho = -1.9791534703E+01
GradDelSqRho =  0.0000000000E+00  1.5543122345E-13 -2.1316282073E-14
HessDelSqRho_EigVals = -6.4907118585E+02 -1.2014308804E+01  5.3376875132E+03
HessDelSqRho_EigVec1 =  9.7704891903E-02  4.1856086081E-05  9.9521543012E-01
HessDelSqRho_EigVec2 =  9.9520950708E-01  3.4462180611E-03 -9.7704455349E-02
HessDelSqRho_EigVec3 = -3.4338189161E-03  9.9999406090E-01  2.9505678834E-04
</CP of DelSqRho>
<CP of DelSqRho>
CP# = 35      
Type = (3,-1)
Coords =  9.40712455654306E-02 -3.11280962397141E-04  6.21283433420486E-01
DistFromNuc =  6.2836307562E-01
Rho =  3.1192995908E+00
DelSqRho = -1.7134350231E+01
GradDelSqRho = -3.5527136788E-14  1.4210854715E-14 -1.4921397451E-13
HessDelSqRho_EigVals = -6.5401136593E+02 -1.2123511147E+02  4.9956990276E+03
HessDelSqRho_EigVec1 = -3.6291176843E-03  9.9999335256E-01  3.5261288355E-04
HessDelSqRho_EigVec2 =  9.8881824454E-01  3.6411299542E-03 -1.4908125781E-01
HessDelSqRho_EigVec3 =  1.4908155071E-01  1.9236337660E-04  9.8882488553E-01
</CP of DelSqRho>
<CP of DelSqRho>
CP# = 36      
Type = (3,-1)
Coords = -9.40721132234942E-02 -5.66119502316090E-04 -6.21279503806124E-01
DistFromNuc =  6.2836308449E-01
Rho =  3.1192994416E+00
DelSqRho = -1.7134344887E+01
GradDelSqRho =  8.5265128291E-14  0.0000000000E+00  2.8421709430E-13
HessDelSqRho_EigVals = -6.5401151250E+02 -1.2123506384E+02  4.9956981358E+03
HessDelSqRho_EigVec1 = -3.6519672878E-03  9.9999327410E-01  3.3894915371E-04
HessDelSqRho_EigVec2 =  9.8881820837E-01  3.6616872555E-03 -1.4908099423E-01
HessDelSqRho_EigVec3 =  1.4908123266E-01  2.0927981927E-04  9.8882493004E-01
</CP of DelSqRho>
<CP of DelSqRho>
CP# = 37      
Type = (3,+3)
Coords =  3.41826858310109E-02  4.26093936312265E-01  4.16562686567783E-01
DistFromNuc =  5.9717376195E-01
Rho =  3.9559953889E+00
DelSqRho = -5.3673303558E+01
GradDelSqRho = -7.8159700934E-14  1.2967404928E-13 -9.9475983006E-14
HessDelSqRho_EigVals =  3.4259822433E+02  8.5214287583E+02  8.9916177391E+03
HessDelSqRho_EigVec1 =  9.9415012805E-01  2.3479247819E-02 -1.0542413302E-01
HessDelSqRho_EigVec2 =  9.1698245541E-02 -6.9923469682E-01  7.0898679151E-01
HessDelSqRho_EigVec3 =  5.7069735109E-02  7.1450651760E-01  6.9729726921E-01
</CP of DelSqRho>
<CP of DelSqRho>
CP# = 38      
Type = (3,+3)
Coords =  3.72743063323990E-02 -4.26983968401608E-01  4.16278186494344E-01
DistFromNuc =  5.9717757543E-01
Rho =  3.9558286151E+00
DelSqRho = -5.3667616449E+01
GradDelSqRho =  0.0000000000E+00  9.5923269328E-14  8.5265128291E-14
HessDelSqRho_EigVals =  3.4243448299E+02  8.5203352830E+02  8.9909899437E+03
HessDelSqRho_EigVec1 =  9.9429354355E-01 -1.6205456236E-02 -1.0544065843E-01
HessDelSqRho_EigVec2 =  8.6634217534E-02  6.9940263932E-01  7.0945786376E-01
HessDelSqRho_EigVec3 = -6.2248386433E-02  7.1454414230E-01 -6.9681547564E-01
</CP of DelSqRho>
<CP of DelSqRho>
CP# = 39      
Type = (3,+3)
Coords = -3.72860330572538E-02  4.26111703947229E-01 -4.16278619152652E-01
DistFromNuc =  5.9717677115E-01
Rho =  3.9558606270E+00
DelSqRho = -5.3668638936E+01
GradDelSqRho =  1.0658141036E-14  4.2632564146E-14 -1.4210854715E-14
HessDelSqRho_EigVals =  3.4243528332E+02  8.5206785774E+02  8.9911209915E+03
HessDelSqRho_EigVec1 =  9.9429329896E-01 -1.6187093070E-02 -1.0544578543E-01
HessDelSqRho_EigVec2 =  8.6624144086E-02  6.9941358893E-01  7.0944829923E-01
HessDelSqRho_EigVec3 = -6.2266309577E-02  7.1453384079E-01 -6.9682443775E-01
</CP of DelSqRho>
<CP of DelSqRho>
CP# = 40      
Type = (3,+3)
Coords = -3.41731064102602E-02 -4.26966170914910E-01 -4.16554250335261E-01
DistFromNuc =  5.9717455057E-01
Rho =  3.9559639120E+00
DelSqRho = -5.3672300849E+01
GradDelSqRho =  0.0000000000E+00 -7.1054273576E-14 -1.5631940187E-13
HessDelSqRho_EigVals =  3.4259776500E+02  8.5210905575E+02  8.9914892040E+03
HessDelSqRho_EigVec1 =  9.9415026762E-01  2.3497307789E-02 -1.0541879296E-01
HessDelSqRho_EigVec2 =  9.1707893906E-02 -6.9922358513E-01  7.0899650224E-01
HessDelSqRho_EigVec3 =  5.7051797317E-02  7.1451679793E-01  6.9728820290E-01
</CP of DelSqRho>
<CP of DelSqRho>
CP# = 41      
Type = (3,+1)
Coords = -5.34663880897519E-01  1.23784981282805E-01  2.79575191351550E-01
DistFromNuc =  6.1600013202E-01
Rho =  3.2689450670E+00
DelSqRho = -2.9514874463E+01
GradDelSqRho =  4.1211478674E-13 -1.0658141036E-13 -1.0125233985E-13
HessDelSqRho_EigVals = -9.2522907605E+01  1.0461488016E+02  6.2970301105E+03
HessDelSqRho_EigVec1 =  4.5791881870E-01  6.8240097918E-01  5.6977123400E-01
HessDelSqRho_EigVec2 =  1.9595932922E-01 -7.0263355424E-01  6.8403657048E-01
HessDelSqRho_EigVec3 =  8.6712761273E-01 -2.0158122948E-01 -4.5547196528E-01
</CP of DelSqRho>
<CP of DelSqRho>
CP# = 42      
Type = (3,+1)
Coords = -5.33813355253564E-01 -1.28675266803191E-01  2.79380170057644E-01
DistFromNuc =  6.1599868747E-01
Rho =  3.2689480247E+00
DelSqRho = -2.9516793976E+01
GradDelSqRho = -3.0375701954E-13 -7.1054273576E-14  1.4210854715E-13
HessDelSqRho_EigVals = -9.2400381018E+01  1.0464905618E+02  6.2971929735E+03
HessDelSqRho_EigVec1 = -4.6275227916E-01  6.7925437279E-01 -5.6962603976E-01
HessDelSqRho_EigVec2 =  1.9062229183E-01  7.0377839132E-01  6.8436767733E-01
HessDelSqRho_EigVec3 =  8.6575023534E-01  2.0810928128E-01 -4.5515607988E-01
</CP of DelSqRho>
<CP of DelSqRho>
CP# = 43      
Type = (3,+1)
Coords =  5.33816982828131E-01  1.27809169728901E-01 -2.79366793440757E-01
DistFromNuc =  6.1599846118E-01
Rho =  3.2689519151E+00
DelSqRho = -2.9516963263E+01
GradDelSqRho =  3.2684965845E-13  7.1054273576E-14 -6.3948846218E-14
HessDelSqRho_EigVals = -9.2392677926E+01  1.0465018880E+02  6.2972185301E+03
HessDelSqRho_EigVec1 = -4.6275199684E-01  6.7921896478E-01 -5.6966848896E-01
HessDelSqRho_EigVec2 =  1.9058674245E-01  7.0381246551E-01  6.8434253630E-01
HessDelSqRho_EigVec3 =  8.6575821280E-01  2.0810961361E-01 -4.5514075372E-01
</CP of DelSqRho>
<CP of DelSqRho>
CP# = 44      
Type = (3,+1)
Coords =  5.34658169715399E-01 -1.24651663240047E-01 -2.79580268325553E-01
DistFromNuc =  6.1600037222E-01
Rho =  3.2689408993E+00
DelSqRho = -2.9514696218E+01
GradDelSqRho = -1.8829382498E-13  1.5631940187E-13  2.5401902803E-13
HessDelSqRho_EigVals = -9.2531068167E+01  1.0461397984E+02  6.2970028511E+03
HessDelSqRho_EigVec1 =  4.5791920053E-01  6.8243568239E-01  5.6972936136E-01
HessDelSqRho_EigVec2 =  1.9599324738E-01 -7.0259966758E-01  6.8406165957E-01
HessDelSqRho_EigVec3 =  8.6711974534E-01 -2.0158186060E-01 -4.5548666359E-01
</CP of DelSqRho>
<CP of DelSqRho>
CP# = 45      
Type = (3,+1)
Coords =  5.70862592890814E-01  1.36221514543878E-01  1.83404499456304E-01
DistFromNuc =  6.1497613224E-01
Rho =  3.2956171746E+00
DelSqRho = -3.0532615932E+01
GradDelSqRho = -4.2632564146E-14 -1.0658141036E-14  2.1316282073E-14
HessDelSqRho_EigVals = -8.0863327325E+01  1.4580116860E+02  6.4197116903E+03
HessDelSqRho_EigVec1 = -3.5916034279E-01  7.4883251684E-01  5.5700422789E-01
HessDelSqRho_EigVec2 = -1.0082498364E-01 -6.2446693190E-01  7.7451621910E-01
HessDelSqRho_EigVec3 =  9.2781365092E-01  2.2201556858E-01  2.9978478358E-01
</CP of DelSqRho>
<CP of DelSqRho>
CP# = 46      
Type = (3,+1)
Coords =  5.71876353340242E-01 -1.32995397601415E-01  1.83246970634353E-01
DistFromNuc =  6.1497537079E-01
Rho =  3.2956118372E+00
DelSqRho = -3.0533918497E+01
GradDelSqRho = -2.2737367544E-13  1.1368683772E-13 -2.1316282073E-13
HessDelSqRho_EigVals = -8.0744276275E+01  1.4580588263E+02  6.4197971597E+03
HessDelSqRho_EigVec1 =  3.5356193253E-01  7.5181559026E-01 -5.5656740661E-01
HessDelSqRho_EigVec2 = -1.0532576674E-01  6.2321058968E-01  7.7492905725E-01
HessDelSqRho_EigVec3 =  9.2946244826E-01 -2.1536452621E-01  2.9952909395E-01
</CP of DelSqRho>
<CP of DelSqRho>
CP# = 47      
Type = (3,+1)
Coords = -5.71893695995971E-01  1.32098542379449E-01 -1.83212174888200E-01
DistFromNuc =  6.1497464050E-01
Rho =  3.2956199756E+00
DelSqRho = -3.0534472117E+01
GradDelSqRho =  4.0500935938E-13 -1.2789769244E-13  1.5934475961E-13
HessDelSqRho_EigVals = -8.0704880938E+01  1.4579380483E+02  6.4198815341E+03
HessDelSqRho_EigVec1 =  3.5349884972E-01  7.5179909883E-01 -5.5662974970E-01
HessDelSqRho_EigVec2 = -1.0529692396E-01  6.2324721486E-01  7.7490352108E-01
HessDelSqRho_EigVec3 =  9.2948971003E-01 -2.1531610292E-01  2.9947930609E-01
</CP of DelSqRho>
<CP of DelSqRho>
CP# = 48      
Type = (3,+1)
Coords = -5.70847263116428E-01 -1.37118058585003E-01 -1.83431250989522E-01
DistFromNuc =  6.1497686991E-01
Rho =  3.2956088608E+00
DelSqRho = -3.0532057329E+01
GradDelSqRho =  6.3948846218E-13  8.8817841970E-14  2.9842794902E-13
HessDelSqRho_EigVals = -8.0902682914E+01  1.4581309464E+02  6.4196264216E+03
HessDelSqRho_EigVec1 = -3.5922321398E-01  7.4884853409E-01  5.5694214739E-01
HessDelSqRho_EigVec2 = -1.0085403873E-01 -6.2443068833E-01  7.7454165694E-01
HessDelSqRho_EigVec3 =  9.2778615285E-01  2.2206347847E-01  2.9983439783E-01
</CP of DelSqRho>
<CP of DelSqRho>
CP# = 49      
Type = (3,+1)
Coords =  9.95365491273925E-01  3.12875305769795E-03 -1.73019315613966E-02
DistFromNuc =  9.9552280080E-01
Rho =  9.1093993240E-01
DelSqRho =  5.9487565433E+00
GradDelSqRho = -9.9475983006E-14 -1.6653345369E-15  1.5543122345E-14
HessDelSqRho_EigVals = -1.9950575395E+02  2.3289809616E+00  4.1072078431E+00
HessDelSqRho_EigVec1 =  9.9979511582E-01  3.5736915502E-03 -1.9923732399E-02
HessDelSqRho_EigVec2 =  1.9929443567E-02 -1.5696833971E-03  9.9980015672E-01
HessDelSqRho_EigVec3 = -3.5417034200E-03  9.9999238238E-01  1.6405834779E-03
</CP of DelSqRho>
<CP of DelSqRho>
CP# = 50      
Type = (3,+1)
Coords = -9.95366262894145E-01 -4.08250102181813E-03  1.73053194945749E-02
DistFromNuc =  9.9552280109E-01
Rho =  9.1093994762E-01
DelSqRho =  5.9487563208E+00
GradDelSqRho =  9.0594198809E-14 -2.2204460493E-16 -1.4321877018E-14
HessDelSqRho_EigVals = -1.9950574885E+02  2.3289905755E+00  4.1072022578E+00
HessDelSqRho_EigVec1 =  9.9979477608E-01  3.6708272063E-03 -1.9923120987E-02
HessDelSqRho_EigVec2 =  1.9926943305E-02 -1.0076499303E-03  9.9980093097E-01
HessDelSqRho_EigVec3 = -3.6500209268E-03  9.9999275481E-01  1.0805915021E-03
</CP of DelSqRho>
<CP of DelSqRho>
CP# = 51      
Type = (3,+1)
Coords =  6.64622712662296E-02  7.51389175789634E-01  7.40279097892623E-01
DistFromNuc =  1.0571963058E+00
Rho =  8.6767258356E-01
DelSqRho =  4.2973433946E+00
GradDelSqRho = -4.4408920985E-15 -1.8651746814E-14 -7.9936057773E-15
HessDelSqRho_EigVals = -1.1792486426E+02  6.9500589008E+00  1.8444277886E+01
HessDelSqRho_EigVec1 =  6.3868185304E-02  7.0979598711E-01  7.0150588849E-01
HessDelSqRho_EigVec2 = -9.9480728858E-01 -1.0533803865E-02  1.0122992426E-01
HessDelSqRho_EigVec3 =  7.9242119456E-02 -7.0432854241E-01  7.0543744645E-01
</CP of DelSqRho>
<CP of DelSqRho>
CP# = 52      
Type = (3,+1)
Coords =  7.19203194772040E-02 -7.52225548398519E-01  7.39777861253652E-01
DistFromNuc =  1.0571816588E+00
Rho =  8.6768949166E-01
DelSqRho =  4.2975546945E+00
GradDelSqRho = -1.5543122345E-15  3.3306690739E-14 -5.0404125318E-14
HessDelSqRho_EigVals = -1.1793693739E+02  6.9475575717E+00  1.8446355642E+01
HessDelSqRho_EigVec1 = -6.9024662097E-02  7.0976522066E-01 -7.0104844880E-01
HessDelSqRho_EigVec2 = -9.9485590988E-01  3.2546681135E-03  1.0124784295E-01
HessDelSqRho_EigVec3 =  7.4143877628E-02  7.0443079055E-01  7.0588947204E-01
</CP of DelSqRho>
<CP of DelSqRho>
CP# = 53      
Type = (3,+1)
Coords = -7.19295647852096E-02  7.51364424840379E-01 -7.39769348388086E-01
DistFromNuc =  1.0571824401E+00
Rho =  8.6768723443E-01
DelSqRho =  4.2976243055E+00
GradDelSqRho = -1.1102230246E-15 -1.3322676296E-15  1.2434497876E-14
HessDelSqRho_EigVals = -1.1793825203E+02  6.9475220310E+00  1.8445195819E+01
HessDelSqRho_EigVec1 = -6.9029310336E-02  7.0977506211E-01 -7.0103802716E-01
HessDelSqRho_EigVec2 = -9.9485709601E-01  3.2355975745E-03  1.0123679878E-01
HessDelSqRho_EigVec3 =  7.4123632079E-02  7.0442096229E-01  7.0590140604E-01
</CP of DelSqRho>
<CP of DelSqRho>
CP# = 54      
Type = (3,+1)
Coords = -6.64551876878437E-02 -7.52250138936053E-01 -7.40279797920181E-01
DistFromNuc =  1.0571955415E+00
Rho =  8.6767478884E-01
DelSqRho =  4.2972748720E+00
GradDelSqRho =  3.3306690739E-15  1.8651746814E-14  2.0428103653E-14
HessDelSqRho_EigVals = -1.1792356809E+02  6.9500858677E+00  1.8445428216E+01
HessDelSqRho_EigVec1 =  6.3863570050E-02  7.0978591569E-01  7.0151649895E-01
HessDelSqRho_EigVec2 = -9.9480591297E-01 -1.0553401709E-02  1.0124140075E-01
HessDelSqRho_EigVec3 =  7.9263105758E-02 -7.0433839850E-01  7.0542524797E-01
</CP of DelSqRho>
<CP of DelSqRho>
CP# = 55      
Type = (3,-3)
Coords =  1.21886181919348E-01 -3.15162346985739E-04  9.43237480932410E-01
DistFromNuc =  9.5107811939E-01
Rho =  1.0666866986E+00
DelSqRho =  7.9428261890E+00
GradDelSqRho = -1.0630385461E-14 -3.7747582837E-15 -1.0658141036E-14
HessDelSqRho_EigVals = -2.7549066585E+02 -4.1111345380E+01 -7.1882056019E+00
HessDelSqRho_EigVec1 =  1.2991037765E-01  1.2470656818E-04  9.9152573251E-01
HessDelSqRho_EigVec2 = -3.6261208169E-03  9.9999336459E-01  3.4932525974E-04
HessDelSqRho_EigVec3 =  9.9151910976E-01  3.6407730756E-03 -1.2990996785E-01
</CP of DelSqRho>
<CP of DelSqRho>
CP# = 56      
Type = (3,-3)
Coords = -1.21887626424796E-01 -5.53564232133720E-04 -9.43233457320149E-01
DistFromNuc =  9.5107811167E-01
Rho =  1.0666867217E+00
DelSqRho =  7.9428257074E+00
GradDelSqRho = -1.3322676296E-15  7.9936057773E-15 -8.8817841970E-15
HessDelSqRho_EigVals = -2.7549065225E+02 -4.1111342794E+01 -7.1882082649E+00
HessDelSqRho_EigVec1 =  1.2991065454E-01  1.3847960667E-04  9.9152569440E-01
HessDelSqRho_EigVec2 = -3.6507971974E-03  9.9999327847E-01  3.3866876020E-04
HessDelSqRho_EigVec3 =  9.9151898293E-01  3.6638559066E-03 -1.2991028690E-01
</CP of DelSqRho>
<CP of DelSqRho>
CP# = 57      
Type = (3,-3)
Coords = -3.45742308964092E-03  9.57139833773642E-01  3.02091923010233E-04
DistFromNuc =  9.5757907698E-01
Rho =  1.0546664199E+00
DelSqRho =  7.6911588746E+00
GradDelSqRho = -1.7208456882E-15 -4.4408920985E-16  2.6645352591E-15
HessDelSqRho_EigVals = -2.6509179605E+02 -3.8145347947E+01 -2.6189224481E+00
HessDelSqRho_EigVec1 = -3.6086938863E-03  9.9999343946E-01  3.1364645275E-04
HessDelSqRho_EigVec2 =  9.8339749667E-02  4.2752157261E-05  9.9515289871E-01
HessDelSqRho_EigVec3 =  9.9514635655E-01  3.6220460952E-03 -9.8339258784E-02
</CP of DelSqRho>
<CP of DelSqRho>
CP# = 58      
Type = (3,-3)
Coords =  3.45712539532306E-03 -9.58007654916468E-01 -2.98246217589938E-04
DistFromNuc =  9.5758098808E-01
Rho =  1.0546596497E+00
DelSqRho =  7.6913073119E+00
GradDelSqRho = -5.2180482157E-15 -3.3306690739E-14  1.7763568394E-15
HessDelSqRho_EigVals = -2.6509468715E+02 -3.8146701938E+01 -2.6194356079E+00
HessDelSqRho_EigVec1 = -3.6094793593E-03  9.9999343661E-01  3.1366753024E-04
HessDelSqRho_EigVec2 =  9.8340621718E-02  4.2811600339E-05  9.9515281253E-01
HessDelSqRho_EigVec3 =  9.9514626753E-01  3.6228297961E-03 -9.8340130799E-02
</CP of DelSqRho>
<CP of DelSqRho>
CP# = 59      
Type = (3,-1)
Coords = -8.34239705640160E-01  2.88822174960832E-01  4.48504785745044E-01
DistFromNuc =  9.9034250644E-01
Rho =  9.3659530817E-01
DelSqRho =  6.1629432473E+00
GradDelSqRho =  1.8607337893E-12  4.4231285301E-13 -1.4868106746E-12
HessDelSqRho_EigVals = -2.0746526569E+02 -5.2920528507E+00  6.4309248319E+00
HessDelSqRho_EigVec1 =  8.4428747031E-01 -2.9341398444E-01 -4.4842714148E-01
HessDelSqRho_EigVec2 =  5.2060312579E-01  6.4752709165E-01  5.5648993791E-01
HessDelSqRho_EigVec3 = -1.2708679276E-01  7.0329005347E-01 -6.9945124762E-01
</CP of DelSqRho>
<CP of DelSqRho>
CP# = 60      
Type = (3,-1)
Coords = -8.32197774654638E-01 -2.95988664885716E-01  4.48206927454755E-01
DistFromNuc =  9.9034998150E-01
Rho =  9.3657045022E-01
DelSqRho =  6.1625996390E+00
GradDelSqRho =  1.0209610934E-12 -2.8853308631E-13 -8.2733819795E-13
HessDelSqRho_EigVals = -2.0745234998E+02 -5.2866942414E+00  6.4327277146E+00
HessDelSqRho_EigVec1 =  8.4220830124E-01  2.9978576327E-01 -4.4812238670E-01
HessDelSqRho_EigVec2 =  5.2520359326E-01 -6.4401718204E-01  5.5624010540E-01
HessDelSqRho_EigVec3 =  1.2184565213E-01  7.0382552197E-01  6.9984517693E-01
</CP of DelSqRho>
<CP of DelSqRho>
CP# = 61      
Type = (3,-1)
Coords =  8.32193999321047E-01  2.95119321544880E-01 -4.48210547221866E-01
DistFromNuc =  9.9035012652E-01
Rho =  9.3656995025E-01
DelSqRho =  6.1626301408E+00
GradDelSqRho = -9.7610808325E-13  2.8688162956E-13  7.9580786405E-13
HessDelSqRho_EigVals = -2.0745289813E+02 -5.2866502611E+00  6.4327018496E+00
HessDelSqRho_EigVec1 =  8.4220588835E-01  2.9978088497E-01 -4.4813018492E-01
HessDelSqRho_EigVec2 =  5.2519863721E-01 -6.4405704643E-01  5.5619862676E-01
HessDelSqRho_EigVec3 =  1.2188368677E-01  7.0379112096E-01  6.9987314919E-01
</CP of DelSqRho>
<CP of DelSqRho>
CP# = 62      
Type = (3,-1)
Coords =  8.34241360598151E-01 -2.89690778308267E-01 -4.48493697341069E-01
DistFromNuc =  9.9034237113E-01
Rho =  9.3659577303E-01
DelSqRho =  6.1629114908E+00
