 AIMInt (Version 19.02.13, Professional)
 Portions Copyright (c) 1997-2019 by Todd A. Keith
 AIMInt is a component of the AIMAll package ( http://aim.tkgristmill.com )

 TP:  64-bit Linux

 Licensed To:  Research Group of Fernando Cortes Guzman, UNAM, fercor@unam.mx

 AIMInt is a heavily modified and extended version of the PROAIMV program
 developed by members of R.F.W. Bader's research group

 Much of the Quantum Theory of Atoms in Molecules (QTAIM) is described in the book:
   "Atoms in Molecules - A Quantum Theory"
   R.F.W. Bader, Oxford University Press, Oxford, 1990

 For additional references see:  http://aim.tkgristmill.com/references.html

 Current Directory:  /home/lillian/David/proyecto_spin/noab/hexaaqua/def2/pbe0/opt_scan/int

 Inp File:  fe36_pbe0_noab_atomicfiles/fe1.inp
 Wfx File:  fe36_pbe0_noab.wfx
 Out File:  fe36_pbe0_noab_atomicfiles/fe1.int

 Wfx Title:   Title Card Required                                                           
 Job Title:   Title Card Required                                                           
 
<Atom>
Fe1     
</Atom>
<Nuclei of Molecule>
    19
Fe1       26.0           4.0002127179E-05   8.5152245915E-05   7.9403683743E-05
O2         8.0           2.1647227390E+00  -2.5666982414E+00   1.8919074904E+00
H3         1.0           1.7053492197E+00  -3.4594520118E+00   3.4337799676E+00
H4         1.0           3.8518363323E+00  -3.1316814622E+00   1.4227206427E+00
O5         8.0          -1.5050550319E+00  -2.8382172112E+00  -2.1288406195E+00
H6         1.0          -2.7591000869E+00  -2.6573095348E+00  -3.4630668156E+00
H7         1.0          -1.1050098926E+00  -4.6297478206E+00  -2.0027617103E+00
O8         8.0           1.5052293324E+00   2.8385254734E+00   2.1283002040E+00
H9         1.0           1.0978141570E+00   4.6288486878E+00   2.0087073529E+00
H10        1.0           2.7667804313E+00   2.6590783932E+00   3.4556396885E+00
O11        8.0          -2.8116351334E+00  -4.5716950901E-01   2.5959303498E+00
H12        1.0          -3.0343781604E+00   5.0621346150E-01   4.1476496652E+00
H13        1.0          -4.1838868506E+00  -1.6804079072E+00   2.5177510116E+00
O14        8.0           2.8116316353E+00   4.5644223098E-01  -2.5959624259E+00
H15        1.0           3.0282317261E+00  -4.9958364259E-01  -4.1530914531E+00
H16        1.0           4.1899261772E+00   1.6725144298E+00  -2.5124262441E+00
O17        8.0          -2.1648447401E+00   2.5670726806E+00  -1.8913631000E+00
H18        1.0          -3.8647164657E+00   3.1077421102E+00  -1.4399159407E+00
H19        1.0          -1.6942770540E+00   3.4819279513E+00  -3.4168258522E+00
</Nuclei of Molecule>
<Total Number of CPs of DelSqRho>
    89
</Total Number of CPs of DelSqRho>
<Number of (3,+3) CPs of DelSqRho>
     8
</Number of (3,+3) CPs of DelSqRho>
<Number of (3,+1) CPs of DelSqRho>
    25
</Number of (3,+1) CPs of DelSqRho>
<Number of (3,-1) CPs of DelSqRho>
    40
</Number of (3,-1) CPs of DelSqRho>
<Number of (3,-3) CPs of DelSqRho>
    16
</Number of (3,-3) CPs of DelSqRho>
<Number of Degenerate CPs of DelSqRho>
     0
</Number of Degenerate CPs of DelSqRho>
<CP of DelSqRho>
CP# = 1       
Type = (3,+3)
Coords =  4.00021269479948E-05  8.51522458644391E-05  7.94036836897064E-05
DistFromNuc =  2.4199333734E-13
Rho =  1.1582296531E+04
DelSqRho = -1.8775365707E+09
GradDelSqRho = -3.0100345612E-06 -1.5902519226E-04  5.5432319641E-06
HessDelSqRho_EigVals =  1.4231482070E+15  1.4231482070E+15  1.4231482070E+15
HessDelSqRho_EigVec1 =  9.9019989597E-01  1.3882374053E-01 -1.5235980131E-02
HessDelSqRho_EigVec2 = -1.2674025566E-01  9.3907530252E-01  3.1949097607E-01
HessDelSqRho_EigVec3 =  5.8660665014E-02 -3.1442891925E-01  9.4746682323E-01
</CP of DelSqRho>
<CP of DelSqRho>
CP# = 2       
Type = (3,+1)
Coords = -1.24242095459590E-01 -9.47800000652829E-02  1.35345786398961E-02
DistFromNuc =  1.5692825952E-01
Rho =  1.0651701308E+02
DelSqRho = -6.7590397795E+03
GradDelSqRho =  5.8207660913E-11 -4.1836756282E-11  5.0931703299E-11
HessDelSqRho_EigVals = -9.7762690729E+03  4.8867129408E+03  1.2104135154E+07
HessDelSqRho_EigVec1 = -2.3962924568E-01  4.3690712867E-01  8.6700056836E-01
HessDelSqRho_EigVec2 = -5.6157370439E-01  6.6609041922E-01 -4.9087526721E-01
HessDelSqRho_EigVec3 =  7.9196767558E-01  6.0451279088E-01 -8.5740810008E-02
</CP of DelSqRho>
<CP of DelSqRho>
CP# = 3       
Type = (3,-1)
Coords =  1.52392495208466E-01  1.71979488740173E-02  3.35717657363908E-02
DistFromNuc =  1.5692631479E-01
Rho =  1.0650428203E+02
DelSqRho = -6.7490108214E+03
GradDelSqRho = -3.6379788071E-11 -2.7284841053E-11 -2.0008883439E-11
HessDelSqRho_EigVals = -6.5201560356E+03 -6.5159650763E+03  1.2104085821E+07
HessDelSqRho_EigVec1 = -4.6755189937E-02  9.5955829752E-01 -2.7760011864E-01
HessDelSqRho_EigVec2 = -2.3506808238E-01  2.5953028179E-01  9.3668939862E-01
HessDelSqRho_EigVec3 =  9.7085372166E-01  1.0905001830E-01  2.1342714131E-01
</CP of DelSqRho>
<CP of DelSqRho>
CP# = 4       
Type = (3,-1)
Coords = -1.52314541700473E-01 -1.70444200033596E-02 -3.33950500502492E-02
DistFromNuc =  1.5692631495E-01
Rho =  1.0650428977E+02
DelSqRho = -6.7490180718E+03
GradDelSqRho =  1.0913936421E-10 -1.8189894035E-12 -1.7053025658E-11
HessDelSqRho_EigVals = -6.5163834996E+03 -6.5146350094E+03  1.2104087131E+07
HessDelSqRho_EigVec1 = -2.2821050824E-01  1.4978776056E-01  9.6202057707E-01
HessDelSqRho_EigVec2 = -7.3059368088E-02  9.8267411897E-01 -1.7033468417E-01
HessDelSqRho_EigVec3 =  9.7086677390E-01  1.0915678030E-01  2.1331316100E-01
</CP of DelSqRho>
<CP of DelSqRho>
CP# = 5       
Type = (3,-1)
Coords = -3.30346794272133E-02 -1.54657893221134E-01  2.29778381004316E-01
DistFromNuc =  2.7892824321E-01
Rho =  2.5768587460E+01
DelSqRho =  2.0557078909E+03
GradDelSqRho = -2.5011104299E-12  4.7748471843E-12 -3.4106051316E-12
HessDelSqRho_EigVals = -7.4225355267E+05 -2.6043039441E+03  1.3026880881E+03
HessDelSqRho_EigVec1 = -1.1857799887E-01 -5.5477744420E-01  8.2350546179E-01
HessDelSqRho_EigVec2 =  9.1293907352E-01 -3.8706929285E-01 -1.2930433316E-01
HessDelSqRho_EigVec3 =  3.9048880422E-01  7.3647766425E-01  5.5237590809E-01
</CP of DelSqRho>
<CP of DelSqRho>
CP# = 6       
Type = (3,-1)
Coords = -8.15555376587193E-02  1.16413805487232E-01  6.66803439859177E-02
DistFromNuc =  1.5692632962E-01
Rho =  1.0650425740E+02
DelSqRho = -6.7490089274E+03
GradDelSqRho = -1.2005330063E-10 -2.6147972676E-12  2.9103830457E-11
HessDelSqRho_EigVals = -6.5194808424E+03 -6.5156528616E+03  1.2104077464E+07
HessDelSqRho_EigVec1 =  5.6571494933E-01 -7.3423425029E-02  8.2132551206E-01
HessDelSqRho_EigVec2 =  6.4000573267E-01  6.6715164718E-01 -3.8118413112E-01
HessDelSqRho_EigVec3 = -5.1996082377E-01  7.4129459753E-01  4.2440907321E-01
</CP of DelSqRho>
<CP of DelSqRho>
CP# = 7       
Type = (3,-1)
Coords =  8.16383841961614E-02 -1.16223095439741E-01 -6.65536518276578E-02
DistFromNuc =  1.5692631558E-01
Rho =  1.0650429395E+02
DelSqRho = -6.7490216153E+03
GradDelSqRho = -3.2741809264E-11  2.1827872843E-11 -7.2759576142E-12
HessDelSqRho_EigVals = -6.5174208885E+03 -6.5124034424E+03  1.2104089003E+07
HessDelSqRho_EigVec1 =  6.8758103428E-01  6.5812773767E-01 -3.0675756260E-01
HessDelSqRho_EigVec2 =  5.0680781521E-01 -1.3244869168E-01  8.5182344562E-01
HessDelSqRho_EigVec3 = -5.1997899933E-01  7.4116477586E-01  4.2461348927E-01
</CP of DelSqRho>
<CP of DelSqRho>
CP# = 8       
Type = (3,-3)
Coords = -8.98464760239451E-02 -2.44846568659414E-01  9.86431405310057E-02
DistFromNuc =  2.7890130348E-01
Rho =  2.5746291894E+01
DelSqRho =  2.0641563948E+03
GradDelSqRho = -2.6147972676E-12  2.2737367544E-13 -5.5706550484E-12
HessDelSqRho_EigVals = -7.4306834296E+05 -1.7373260808E+03 -1.7367606127E+03
HessDelSqRho_EigVec1 =  3.2228814357E-01  8.7820202632E-01 -3.5339999079E-01
HessDelSqRho_EigVec2 =  2.9091758015E-01  2.6337042629E-01  9.1978420302E-01
HessDelSqRho_EigVec3 =  9.0083145709E-01 -3.9924581342E-01 -1.7060324262E-01
</CP of DelSqRho>
<CP of DelSqRho>
CP# = 9       
Type = (3,-3)
Coords =  2.70814561204366E-01  3.05184276415096E-02  5.95845456649960E-02
DistFromNuc =  2.7890125137E-01
Rho =  2.5746318422E+01
DelSqRho =  2.0641562513E+03
GradDelSqRho =  1.1368683772E-11  6.7927885539E-12 -6.1390892370E-12
HessDelSqRho_EigVals = -7.4306959712E+05 -1.7369095168E+03 -1.7367143939E+03
HessDelSqRho_EigVec1 =  9.7086176564E-01  1.0911836056E-01  2.1335560788E-01
HessDelSqRho_EigVec2 = -5.3839828693E-03  9.0002371720E-01 -4.3580766538E-01
HessDelSqRho_EigVec3 = -2.3957972526E-01  4.2196029655E-01  8.7438610658E-01
</CP of DelSqRho>
<CP of DelSqRho>
CP# = 10      
Type = (3,-1)
Coords =  5.05949232490009E-02  1.37907365117905E-01 -5.53742416430437E-02
DistFromNuc =  1.5692631771E-01
Rho =  1.0650428552E+02
DelSqRho = -6.7490179516E+03
GradDelSqRho = -6.5483618528E-11 -1.8917489797E-10  6.1845639721E-11
HessDelSqRho_EigVals = -6.5195581114E+03 -6.5136588804E+03  1.2104088249E+07
HessDelSqRho_EigVec1 =  6.7509647268E-01  4.8552459646E-02  7.3613002332E-01
HessDelSqRho_EigVec2 =  6.6367116409E-01 -4.7571100694E-01 -5.7726910867E-01
HessDelSqRho_EigVec3 =  3.2215731953E-01  8.7826060855E-01 -3.5337369021E-01
</CP of DelSqRho>
<CP of DelSqRho>
CP# = 11      
Type = (3,-3)
Coords = -2.70734946074837E-01 -3.03495501150591E-02 -5.94235542167121E-02
DistFromNuc =  2.7890131889E-01
Rho =  2.5746299718E+01
DelSqRho =  2.0641541459E+03
GradDelSqRho =  4.5474735089E-12 -1.7053025658E-13 -2.0463630790E-12
HessDelSqRho_EigVals = -7.4306827604E+05 -1.7367850732E+03 -1.7366624899E+03
HessDelSqRho_EigVec1 =  9.7086296416E-01  1.0912374889E-01  2.1334739802E-01
HessDelSqRho_EigVec2 =  6.6395280359E-02  7.3295181688E-01 -6.7703271774E-01
HessDelSqRho_EigVec3 = -2.3025371128E-01  6.7147125148E-01  7.0435047162E-01
</CP of DelSqRho>
<CP of DelSqRho>
CP# = 12      
Type = (3,+3)
Coords =  2.37879485170950E-01  4.48638474393187E-01  3.36512789096482E-01
DistFromNuc =  6.0906085519E-01
Rho =  3.4920534078E+00
DelSqRho = -3.5922516087E+01
GradDelSqRho =  1.4210854715E-13  2.4158453016E-13  2.5579538487E-13
HessDelSqRho_EigVals =  9.6440494962E+01  9.6562102371E+01  7.2125238041E+03
HessDelSqRho_EigVec1 = -7.6885862920E-01 -6.9103280292E-02  6.3567377243E-01
HessDelSqRho_EigVec2 =  5.0632431860E-01 -6.7293417496E-01  5.3925437463E-01
HessDelSqRho_EigVec3 =  3.9050235940E-01  7.3646746895E-01  5.5237991861E-01
</CP of DelSqRho>
<CP of DelSqRho>
CP# = 13      
Type = (3,+3)
Coords = -2.37798991896703E-01 -4.48465789773053E-01 -3.36357724817205E-01
DistFromNuc =  6.0906097897E-01
Rho =  3.4920526865E+00
DelSqRho = -3.5922675864E+01
GradDelSqRho = -5.6843418861E-14 -4.2632564146E-14 -8.5265128291E-14
HessDelSqRho_EigVals =  9.6436775829E+01  9.6576822719E+01  7.2125106785E+03
HessDelSqRho_EigVec1 = -7.7843253694E-01 -5.6184674630E-02  6.2520881934E-01
HessDelSqRho_EigVec2 =  4.9147890613E-01 -6.7414042723E-01  5.5134668695E-01
HessDelSqRho_EigVec3 =  3.9050130636E-01  7.3646314688E-01  5.5238642545E-01
</CP of DelSqRho>
<CP of DelSqRho>
CP# = 14      
Type = (3,-1)
Coords = -5.05471058399139E-02 -1.37720171523368E-01  5.55457072432181E-02
DistFromNuc =  1.5692633170E-01
Rho =  1.0650425582E+02
DelSqRho = -6.7490074436E+03
GradDelSqRho =  0.0000000000E+00  5.8207660913E-11  3.2741809264E-11
HessDelSqRho_EigVals = -6.5205747480E+03 -6.5172869241E+03  1.2104077238E+07
HessDelSqRho_EigVec1 =  4.5468144301E-01 -4.7113396920E-01 -7.5584229072E-01
HessDelSqRho_EigVec2 =  8.3026950709E-01 -8.2945834492E-02  5.5115563514E-01
HessDelSqRho_EigVec3 =  3.2236211158E-01  8.7815304566E-01 -3.5345423666E-01
</CP of DelSqRho>
<CP of DelSqRho>
CP# = 15      
Type = (3,-1)
Coords =  2.02348302096998E-02 -4.28068112162852E-03  1.55639627231380E-01
DistFromNuc =  1.5692633537E-01
Rho =  1.0650425531E+02
DelSqRho = -6.7490167401E+03
GradDelSqRho = -1.6370904632E-11 -2.1827872843E-11 -8.8220986072E-11
HessDelSqRho_EigVals = -6.5178368730E+03 -6.5147680189E+03  1.2104080243E+07
HessDelSqRho_EigVec1 = -1.8756979781E-01  9.8088030127E-01  5.1878758008E-02
HessDelSqRho_EigVec2 =  9.7378462820E-01  1.9261319118E-01 -1.2101097664E-01
HessDelSqRho_EigVec3 =  1.2868981636E-01 -2.7820732656E-02  9.9129457680E-01
</CP of DelSqRho>
<CP of DelSqRho>
CP# = 16      
Type = (3,-1)
Coords = -2.01373222545439E-02  4.42760843182892E-03 -1.55483758059052E-01
DistFromNuc =  1.5692634781E-01
Rho =  1.0650422999E+02
DelSqRho = -6.7490074418E+03
GradDelSqRho = -8.3673512563E-11 -7.2759576142E-11 -1.7462298274E-10
HessDelSqRho_EigVals = -6.5211023805E+03 -6.5158076526E+03  1.2104070477E+07
HessDelSqRho_EigVec1 =  6.8504352671E-01  7.2526427665E-01 -6.8608275936E-02
HessDelSqRho_EigVec2 =  7.1706552830E-01 -6.8791423281E-01 -1.1220978753E-01
HessDelSqRho_EigVec3 =  1.2857835989E-01 -2.7671958950E-02  9.9131320381E-01
</CP of DelSqRho>
<CP of DelSqRho>
CP# = 17      
Type = (3,-3)
Coords =  3.59176142898426E-02 -7.65186397983226E-03  2.76555296293022E-01
DistFromNuc =  2.7890138700E-01
Rho =  2.5746259539E+01
DelSqRho =  2.0641543179E+03
GradDelSqRho =  0.0000000000E+00 -1.3642420527E-12  6.3664629124E-12
HessDelSqRho_EigVals = -7.4306682066E+05 -1.7371615128E+03 -1.7364355204E+03
HessDelSqRho_EigVec1 =  1.2863928564E-01 -2.7741105540E-02  9.9130336691E-01
HessDelSqRho_EigVec2 =  3.8786954791E-01  9.2138731678E-01 -2.4548447609E-02
HessDelSqRho_EigVec3 =  9.1269334828E-01 -3.8765428353E-01 -1.2928653629E-01
</CP of DelSqRho>
<CP of DelSqRho>
CP# = 18      
Type = (3,-3)
Coords = -3.58319193869173E-02  7.81969958830166E-03 -2.76397266241439E-01
DistFromNuc =  2.7890135709E-01
Rho =  2.5746267279E+01
DelSqRho =  2.0641544246E+03
GradDelSqRho =  6.8212102633E-13 -2.1600499167E-12  8.1286088971E-12
HessDelSqRho_EigVals = -7.4306707439E+05 -1.7372058956E+03 -1.7364790176E+03
HessDelSqRho_EigVec1 =  1.2861851592E-01 -2.7731890447E-02  9.9130631977E-01
HessDelSqRho_EigVec2 =  5.0498876810E-01  8.6213235350E-01 -4.1402284149E-02
HessDelSqRho_EigVec3 =  8.5348908690E-01 -5.0592365757E-01 -1.2489047703E-01
</CP of DelSqRho>
<CP of DelSqRho>
CP# = 19      
Type = (3,+1)
Coords = -1.56671939331121E-01  1.85905801179354E-01 -1.36880844005030E-01
DistFromNuc =  2.7900906009E-01
Rho =  2.5835482061E+01
DelSqRho =  2.0303839030E+03
GradDelSqRho = -1.8189894035E-12 -7.7307049651E-12 -2.5011104299E-12
HessDelSqRho_EigVals = -7.3980911602E+05  2.6023945632E+03  2.6026740801E+03
HessDelSqRho_EigVec1 = -5.6167338164E-01  6.6600246583E-01 -4.9088056374E-01
HessDelSqRho_EigVec2 = -4.7363155059E-01  2.2764501277E-01  8.5079427739E-01
HessDelSqRho_EigVec3 =  6.7837759886E-01  7.1036502143E-01  1.8757763645E-01
</CP of DelSqRho>
<CP of DelSqRho>
CP# = 20      
Type = (3,+3)
Coords =  8.81828785381221E-02 -1.04443150763939E-01  7.71051858199332E-02
DistFromNuc =  1.5693407503E-01
Rho =  1.0655523272E+02
DelSqRho = -6.7891357772E+03
GradDelSqRho =  1.0186340660E-10 -5.8207660913E-11  7.2759576142E-12
HessDelSqRho_EigVals =  9.7732062925E+03  9.7759739524E+03  1.2104302116E+07
HessDelSqRho_EigVec1 = -2.5184727223E-01  4.2743941031E-01  8.6825601177E-01
HessDelSqRho_EigVec2 = -7.8810915570E-01 -6.1127143127E-01  7.2327007463E-02
HessDelSqRho_EigVec3 = -5.6165550845E-01  6.6606515284E-01 -4.9081595533E-01
</CP of DelSqRho>
<CP of DelSqRho>
CP# = 21      
Type = (3,-1)
Coords =  3.31157168518360E-02  1.54828621522143E-01 -2.29619172713994E-01
DistFromNuc =  2.7892827069E-01
Rho =  2.5768577978E+01
DelSqRho =  2.0557077864E+03
GradDelSqRho =  4.2064129957E-12  1.0970779840E-11 -1.0231815395E-11
HessDelSqRho_EigVals = -7.4225319289E+05 -2.6042931950E+03  1.3026951395E+03
HessDelSqRho_EigVec1 = -1.1858154197E-01 -5.5477869167E-01  8.2350411120E-01
HessDelSqRho_EigVec2 =  9.1294633309E-01 -3.8705645400E-01 -1.2929150904E-01
HessDelSqRho_EigVec3 =  3.9047075537E-01  7.3648347210E-01  5.5238092339E-01
</CP of DelSqRho>
<CP of DelSqRho>
CP# = 22      
Type = (3,-1)
Coords =  2.54678701709524E-01 -1.07890689726994E-01 -3.59936920903116E-02
DistFromNuc =  2.7892815923E-01
Rho =  2.5768613576E+01
DelSqRho =  2.0557127594E+03
GradDelSqRho = -5.2295945352E-12  2.7853275242E-12  3.6379788071E-12
HessDelSqRho_EigVals = -7.4225572705E+05 -2.6045408752E+03  1.3021039995E+03
HessDelSqRho_EigVec1 =  9.1291873503E-01 -3.8710951964E-01 -1.2932750304E-01
HessDelSqRho_EigVec2 =  1.1860371172E-01  5.5481402232E-01 -8.2347711577E-01
HessDelSqRho_EigVec3 =  3.9052854288E-01  7.3642896496E-01  5.5241274130E-01
</CP of DelSqRho>
<CP of DelSqRho>
CP# = 23      
Type = (3,-1)
Coords = -2.54602200367915E-01  1.08054536808965E-01  3.61472142906129E-02
DistFromNuc =  2.7892817401E-01
Rho =  2.5768608916E+01
DelSqRho =  2.0557118672E+03
GradDelSqRho = -2.7739588404E-11  1.0004441720E-11  1.0231815395E-12
HessDelSqRho_EigVals = -7.4225524812E+05 -2.6045208057E+03  1.3021240099E+03
HessDelSqRho_EigVec1 =  9.1293102651E-01 -3.8708679723E-01 -1.2930874779E-01
HessDelSqRho_EigVec2 =  1.1860153651E-01  5.5480700999E-01 -8.2348215354E-01
HessDelSqRho_EigVec3 =  3.9050046912E-01  7.3644619157E-01  5.5240962206E-01
</CP of DelSqRho>
<CP of DelSqRho>
CP# = 24      
Type = (3,-1)
Coords = -3.37367208536423E-02  2.76693987774001E-01  1.22283689992200E-02
DistFromNuc =  2.7892814893E-01
Rho =  2.5768610805E+01
DelSqRho =  2.0557128548E+03
GradDelSqRho =  6.8212102633E-13 -1.5916157281E-12 -9.0949470177E-13
HessDelSqRho_EigVals = -7.4225557137E+05 -2.6047014295E+03  1.3021401833E+03
HessDelSqRho_EigVec1 = -1.2109494368E-01  9.9168487185E-01  4.3556050776E-02
HessDelSqRho_EigVec2 =  6.7327759029E-01  4.9812981666E-02  7.3770993844E-01
HessDelSqRho_EigVec3 =  7.2940612901E-01  1.1865825636E-01 -6.7371130105E-01
</CP of DelSqRho>
<CP of DelSqRho>
CP# = 25      
Type = (3,-1)
Coords =  3.38189937213221E-02 -2.76523373114537E-01 -1.20722796927789E-02
DistFromNuc =  2.7892823447E-01
Rho =  2.5768584151E+01
DelSqRho =  2.0557116606E+03
GradDelSqRho =  4.7748471843E-12 -3.6379788071E-12 -2.5863755582E-12
HessDelSqRho_EigVals = -7.4225430714E+05 -2.6046292111E+03  1.3022145471E+03
HessDelSqRho_EigVec1 = -1.2110261637E-01  9.9168351358E-01  4.3565642520E-02
HessDelSqRho_EigVec2 =  6.7327379747E-01  4.9810501199E-02  7.3771356746E-01
HessDelSqRho_EigVec3 =  7.2940835610E-01  1.1867064873E-01 -6.7370670709E-01
</CP of DelSqRho>
<CP of DelSqRho>
CP# = 26      
Type = (3,+1)
Coords =  1.08990257868615E-01  2.05563488280986E-01  1.54204466128823E-01
DistFromNuc =  2.7900903154E-01
Rho =  2.5835497717E+01
DelSqRho =  2.0303841055E+03
GradDelSqRho =  4.9737991503E-13  5.9117155615E-12  1.5916157281E-12
HessDelSqRho_EigVals = -7.3980997049E+05  2.6025129455E+03  2.6028270589E+03
HessDelSqRho_EigVec1 =  3.9049015791E-01  7.3645776740E-01  5.5240147847E-01
HessDelSqRho_EigVec2 =  9.1613139001E-01 -2.5176520113E-01 -3.1195762490E-01
HessDelSqRho_EigVec3 =  9.0668146627E-02 -6.2788871653E-01  7.7300391127E-01
</CP of DelSqRho>
<CP of DelSqRho>
CP# = 27      
Type = (3,+1)
Coords = -1.08910970440863E-01 -2.05392982442092E-01 -1.54045427970226E-01
DistFromNuc =  2.7900903568E-01
Rho =  2.5835496923E+01
DelSqRho =  2.0303835184E+03
GradDelSqRho = -1.3642420527E-12 -5.0022208598E-12 -1.8189894035E-12
HessDelSqRho_EigVals = -7.3980969158E+05  2.6024484443E+03  2.6028649637E+03
HessDelSqRho_EigVec1 =  3.9049271921E-01  7.3645693410E-01  5.5240077883E-01
HessDelSqRho_EigVec2 =  9.1702051647E-01 -3.6407234109E-01 -1.6286406243E-01
HessDelSqRho_EigVec3 = -8.1171476676E-02 -5.7016007810E-01  8.1751371653E-01
</CP of DelSqRho>
<CP of DelSqRho>
CP# = 28      
Type = (3,-1)
Coords =  1.87836750222562E-01  1.39797047069211E-02  2.05846875691307E-01
DistFromNuc =  2.7892818022E-01
Rho =  2.5768593759E+01
DelSqRho =  2.0557130545E+03
GradDelSqRho =  4.3200998334E-12  3.9790393203E-12  4.0927261580E-12
HessDelSqRho_EigVals = -7.4225508897E+05 -2.6046975801E+03  1.3021425256E+03
HessDelSqRho_EigVec1 =  6.7328034219E-01  4.9814057967E-02  7.3770735420E-01
HessDelSqRho_EigVec2 = -1.2102230999E-01  9.9169671981E-01  4.3488117901E-02
HessDelSqRho_EigVec3 =  7.2941564372E-01  1.1855874300E-01 -6.7371851923E-01
</CP of DelSqRho>
<CP of DelSqRho>
CP# = 29      
Type = (3,-3)
Coords = -1.44979275269091E-01  2.06815995227973E-01  1.18475746619461E-01
DistFromNuc =  2.7890128411E-01
Rho =  2.5746308981E+01
DelSqRho =  2.0641538586E+03
GradDelSqRho = -4.2490455598E-12  5.6843418861E-12  2.9558577808E-12
HessDelSqRho_EigVals = -7.4306863935E+05 -1.7366573841E+03 -1.7365759863E+03
HessDelSqRho_EigVec1 = -5.1996633937E-01  7.4123322099E-01  4.2450950287E-01
HessDelSqRho_EigVec2 =  8.5357844800E-01  4.6963953506E-01  2.2548290451E-01
HessDelSqRho_EigVec3 = -3.2231025968E-02  4.7959568306E-01 -8.7689745224E-01
</CP of DelSqRho>
<CP of DelSqRho>
CP# = 30      
Type = (3,-3)
Coords =  1.45062250330890E-01 -2.06642661178061E-01 -1.18318716174368E-01
DistFromNuc =  2.7890133758E-01
Rho =  2.5746295056E+01
DelSqRho =  2.0641530260E+03
GradDelSqRho = -1.4097167877E-11  1.2960299500E-11  5.2295945352E-12
HessDelSqRho_EigVals = -7.4306795446E+05 -1.7366292230E+03 -1.7364656914E+03
HessDelSqRho_EigVec1 = -5.1997702145E-01  7.4122180740E-01  4.2451634762E-01
HessDelSqRho_EigVec2 =  6.2698636933E-01  6.6871780044E-01 -3.9963057447E-01
HessDelSqRho_EigVec3 =  5.8009653493E-01 -5.8367247724E-02  8.1245385995E-01
</CP of DelSqRho>
<CP of DelSqRho>
CP# = 31      
Type = (3,-1)
Coords = -1.87761277679660E-01 -1.38116532746935E-02 -2.05683862775949E-01
DistFromNuc =  2.7892824117E-01
Rho =  2.5768575518E+01
DelSqRho =  2.0557113231E+03
GradDelSqRho =  5.9117155615E-12  1.4779288904E-12  3.6379788071E-12
HessDelSqRho_EigVals = -7.4225390236E+05 -2.6046250830E+03  1.3022037717E+03
HessDelSqRho_EigVec1 =  6.7329609581E-01  4.9822349483E-02  7.3769241616E-01
HessDelSqRho_EigVec2 = -1.2102251421E-01  9.9169702444E-01  4.3480602335E-02
HessDelSqRho_EigVec3 =  7.2940106829E-01  1.1855271072E-01 -6.7373536078E-01
</CP of DelSqRho>
<CP of DelSqRho>
CP# = 32      
Type = (3,-1)
Coords =  2.20921513470711E-01  1.68726106044006E-01 -2.38479661171392E-02
DistFromNuc =  2.7892818498E-01
Rho =  2.5768609595E+01
DelSqRho =  2.0557120048E+03
GradDelSqRho = -4.7180037654E-12  7.5033312896E-12 -4.3200998334E-12
HessDelSqRho_EigVals = -7.4225541668E+05 -2.6046210949E+03  1.3023555520E+03
HessDelSqRho_EigVec1 =  7.9189399661E-01  6.0460332955E-01 -8.5782935500E-02
HessDelSqRho_EigVec2 = -2.3962652816E-01  4.3687196918E-01  8.6701903644E-01
HessDelSqRho_EigVec3 =  5.6167875617E-01 -6.6603130289E-01  4.9083528646E-01
</CP of DelSqRho>
<CP of DelSqRho>
CP# = 33      
Type = (3,-1)
Coords = -2.20846623479548E-01 -1.68549598810829E-01  2.40028897992433E-02
DistFromNuc =  2.7892815172E-01
Rho =  2.5768619875E+01
DelSqRho =  2.0557116545E+03
GradDelSqRho = -3.1832314562E-12 -4.7180037654E-12 -1.1368683772E-13
HessDelSqRho_EigVals = -7.4225557384E+05 -2.6046414474E+03  1.3022964878E+03
HessDelSqRho_EigVec1 =  7.9191224223E-01  6.0458135119E-01 -8.5769402495E-02
HessDelSqRho_EigVec2 = -2.3962602308E-01  4.3687482885E-01  8.6701773510E-01
HessDelSqRho_EigVec3 =  5.6165324683E-01 -6.6604937783E-01  4.9083995010E-01
</CP of DelSqRho>
<CP of DelSqRho>
CP# = 34      
Type = (3,-1)
Coords = -6.68087941177893E-02  1.21949538200666E-01  2.41908424215584E-01
DistFromNuc =  2.7892824399E-01
Rho =  2.5768572506E+01
DelSqRho =  2.0557123683E+03
GradDelSqRho = -6.1390892370E-12  8.1854523160E-12  6.3664629124E-12
HessDelSqRho_EigVals = -7.4225404052E+05 -2.6046540393E+03  1.3020695464E+03
HessDelSqRho_EigVec1 = -2.3966317449E-01  4.3690265138E-01  8.6699344635E-01
HessDelSqRho_EigVec2 =  7.9186517304E-01  6.0463876966E-01 -8.5799218856E-02
HessDelSqRho_EigVec3 = -5.6170375691E-01  6.6597900226E-01 -4.9087764059E-01
</CP of DelSqRho>
<CP of DelSqRho>
CP# = 35      
Type = (3,-1)
Coords =  6.68932058248572E-02 -1.21781775297691E-01 -2.41747050663836E-01
DistFromNuc =  2.7892818591E-01
Rho =  2.5768591988E+01
DelSqRho =  2.0557127477E+03
GradDelSqRho =  0.0000000000E+00 -1.8758328224E-12  9.0949470177E-13
HessDelSqRho_EigVals = -7.4225480494E+05 -2.6046810154E+03  1.3020031983E+03
HessDelSqRho_EigVec1 = -2.3967894675E-01  4.3691153199E-01  8.6698461099E-01
HessDelSqRho_EigVec2 =  7.9186244800E-01  6.0464297230E-01 -8.5794752162E-02
HessDelSqRho_EigVec3 = -5.6170086873E-01  6.6596936060E-01 -4.9089402604E-01
</CP of DelSqRho>
<CP of DelSqRho>
CP# = 36      
Type = (3,+1)
Coords =  1.56749412552495E-01 -1.85739293562344E-01  1.37037393281200E-01
DistFromNuc =  2.7900905880E-01
Rho =  2.5835482470E+01
DelSqRho =  2.0303843627E+03
GradDelSqRho = -5.4569682106E-12 -3.6379788071E-12  3.4106051316E-12
HessDelSqRho_EigVals = -7.3980930805E+05  2.6023750758E+03  2.6026895591E+03
HessDelSqRho_EigVec1 = -5.6166451597E-01  6.6601558601E-01 -4.9087290687E-01
HessDelSqRho_EigVec2 = -4.2569747732E-01  2.7610707262E-01  8.6171140311E-01
HessDelSqRho_EigVec3 =  7.0944670646E-01  6.9295607627E-01  1.2844160952E-01
</CP of DelSqRho>
<CP of DelSqRho>
CP# = 37      
Type = (3,+1)
Coords = -2.03467221740082E-01 -3.30096026106180E-02  1.88057041193643E-01
DistFromNuc =  2.7900904137E-01
Rho =  2.5835495794E+01
DelSqRho =  2.0303840687E+03
GradDelSqRho = -4.3200998334E-12 -1.6768808564E-12  1.5916157281E-12
HessDelSqRho_EigVals = -7.3980959794E+05  2.6023660170E+03  2.6026793316E+03
HessDelSqRho_EigVec1 =  7.2939319183E-01  1.1861554003E-01 -6.7373282938E-01
HessDelSqRho_EigVec2 =  6.0440528917E-01 -5.7305276432E-01  5.5344807862E-01
HessDelSqRho_EigVec3 =  3.2043691757E-01  8.1088894614E-01  4.8967264462E-01
</CP of DelSqRho>
<CP of DelSqRho>
CP# = 38      
Type = (3,+1)
Coords =  2.03546799320574E-01  3.31814117070051E-02 -1.87898424537184E-01
DistFromNuc =  2.7900903712E-01
Rho =  2.5835497195E+01
DelSqRho =  2.0303846282E+03
GradDelSqRho =  0.0000000000E+00  7.9580786405E-13  6.8212102633E-13
HessDelSqRho_EigVals = -7.3980985428E+05  2.6023602314E+03  2.6026682299E+03
HessDelSqRho_EigVec1 =  7.2939160090E-01  1.1862045649E-01 -6.7373368615E-01
HessDelSqRho_EigVec2 =  5.2113491474E-01 -7.3436215969E-01  4.3489150262E-01
HessDelSqRho_EigVec3 =  4.4317749625E-01  6.6831235640E-01  5.9745485277E-01
</CP of DelSqRho>
<CP of DelSqRho>
CP# = 39      
Type = (3,-3)
Coords =  8.99229870644311E-02  2.45018677570498E-01 -9.84831312048590E-02
DistFromNuc =  2.7890133756E-01
Rho =  2.5746283014E+01
DelSqRho =  2.0641562438E+03
GradDelSqRho = -4.9595882956E-12 -3.6379788071E-12  4.0927261580E-12
HessDelSqRho_EigVals = -7.4306804488E+05 -1.7373197638E+03 -1.7366703978E+03
HessDelSqRho_EigVec1 =  3.2227513532E-01  8.7820866630E-01 -3.5339535310E-01
HessDelSqRho_EigVec2 =  3.7659918949E-01  2.2356016340E-01  8.9899605328E-01
HessDelSqRho_EigVec3 =  8.6851124784E-01 -4.2281247827E-01 -2.5868479002E-01
</CP of DelSqRho>
<CP of DelSqRho>
CP# = 40      
Type = (3,-1)
Coords =  5.96653446246078E-01  6.71621959489203E-02  1.31183266575075E-01
DistFromNuc =  6.1452026359E-01
Rho =  3.3549192654E+00
DelSqRho = -3.0059043540E+01
GradDelSqRho =  4.4764192353E-13  4.2632564146E-14  2.4868995752E-14
HessDelSqRho_EigVals = -6.1001234178E+01 -6.0997709345E+01  6.5138267456E+03
HessDelSqRho_EigVec1 = -2.0561125211E-01  8.3670947461E-01  5.0758375478E-01
HessDelSqRho_EigVec2 = -1.2310051963E-01 -5.3665866540E-01  8.3477166873E-01
HessDelSqRho_EigVec3 =  9.7086058478E-01  1.0915462406E-01  2.1334243125E-01
</CP of DelSqRho>
<CP of DelSqRho>
CP# = 41      
Type = (3,-1)
Coords = -5.96572068765394E-01 -6.69387635727982E-02 -1.31061140222091E-01
DistFromNuc =  6.1452096033E-01
Rho =  3.3549032747E+00
DelSqRho = -3.0058561919E+01
GradDelSqRho = -6.6791017161E-13 -8.5265128291E-14 -2.0605739337E-13
HessDelSqRho_EigVals = -6.1018400633E+01 -6.0991805902E+01  6.5137391289E+03
HessDelSqRho_EigVec1 = -5.6714707676E-02  9.6971042818E-01 -2.3758183308E-01
HessDelSqRho_EigVec2 = -2.3285088922E-01  2.1855498892E-01  9.4763610115E-01
HessDelSqRho_EigVec3 =  9.7085730430E-01  1.0906604556E-01  2.1340265318E-01
</CP of DelSqRho>
<CP of DelSqRho>
CP# = 42      
Type = (3,+1)
Coords = -7.41667611483833E-02  6.08102870084755E-01  2.68851816071069E-02
DistFromNuc =  6.1311559975E-01
Rho =  3.3892522231E+00
DelSqRho = -3.1505001526E+01
GradDelSqRho = -3.5527136788E-14 -2.8421709430E-13 -2.8421709430E-14
HessDelSqRho_EigVals = -9.2784721020E+01  4.6380423348E+01  6.6879137852E+03
HessDelSqRho_EigVec1 =  6.7334253734E-01  4.9643319828E-02  7.3766209623E-01
HessDelSqRho_EigVec2 = -7.2935824746E-01 -1.1871953729E-01  6.7375234199E-01
HessDelSqRho_EigVec3 = -1.2102220574E-01  9.9168604521E-01  4.3731149722E-02
</CP of DelSqRho>
<CP of DelSqRho>
CP# = 43      
Type = (3,+1)
Coords =  7.42283857442635E-02 -6.07937122257911E-01 -2.66932047930117E-02
DistFromNuc =  6.1311644499E-01
Rho =  3.3892289267E+00
DelSqRho = -3.1504256497E+01
GradDelSqRho = -9.2370555649E-14  5.4001247918E-13  7.1054273576E-14
HessDelSqRho_EigVals = -9.2795986914E+01  4.6369486520E+01  6.6878044392E+03
HessDelSqRho_EigVec1 =  6.7328482560E-01  4.9653993328E-02  7.3771405339E-01
HessDelSqRho_EigVec2 = -7.2941645147E-01 -1.1866474586E-01  6.7369898205E-01
HessDelSqRho_EigVec3 = -1.2099249542E-01  9.9169206866E-01  4.3676733107E-02
</CP of DelSqRho>
<CP of DelSqRho>
CP# = 44      
Type = (3,-1)
Coords =  7.90811539532164E-02 -1.69763653324574E-02  6.09258411388249E-01
DistFromNuc =  6.1452230431E-01
Rho =  3.3548683173E+00
DelSqRho = -3.0057644101E+01
GradDelSqRho =  3.1974423109E-14 -1.4210854715E-14  2.2737367544E-13
HessDelSqRho_EigVals = -6.1025057164E+01 -6.1004493833E+01  6.5135705699E+03
HessDelSqRho_EigVec1 =  6.3299475501E-01  7.7178721625E-01 -6.0515559690E-02
HessDelSqRho_EigVec2 =  7.6339616689E-01 -6.3527443908E-01 -1.1684468081E-01
HessDelSqRho_EigVec3 =  1.2862321917E-01 -2.7764723799E-02  9.9130479047E-01
</CP of DelSqRho>
<CP of DelSqRho>
CP# = 45      
Type = (3,-1)
Coords = -7.90060341366156E-02  1.71416301611657E-02 -6.09098862159215E-01
DistFromNuc =  6.1452205726E-01
Rho =  3.3548651333E+00
DelSqRho = -3.0057550528E+01
GradDelSqRho =  2.4868995752E-14 -7.1054273576E-15 -4.2632564146E-14
HessDelSqRho_EigVals = -6.1025295892E+01 -6.1005958788E+01  6.5135938473E+03
HessDelSqRho_EigVec1 =  3.6598521224E-01  9.3037363732E-01 -2.1441068162E-02
HessDelSqRho_EigVec2 =  9.2168827958E-01 -3.6556065754E-01 -1.2983112474E-01
HessDelSqRho_EigVec3 =  1.2862946673E-01 -2.7754290515E-02  9.9130427198E-01
</CP of DelSqRho>
<CP of DelSqRho>
CP# = 46      
Type = (3,+3)
Coords =  4.44298335717604E-01  7.23221362559805E-02 -4.10251880774727E-01
DistFromNuc =  6.0906109039E-01
Rho =  3.4920498638E+00
DelSqRho = -3.5922391725E+01
GradDelSqRho =  8.2778228716E-13 -6.6613381478E-14 -6.5281113848E-13
HessDelSqRho_EigVals =  9.6431493007E+01  9.6563562167E+01  7.2124950240E+03
HessDelSqRho_EigVec1 = -5.5238733724E-01  6.8305418572E-01 -4.7781294356E-01
HessDelSqRho_EigVec2 =  4.0351082804E-01  7.2067350246E-01  5.6374525674E-01
HessDelSqRho_EigVec3 =  7.2941568485E-01  1.1860304475E-01 -6.7371067712E-01
</CP of DelSqRho>
<CP of DelSqRho>
CP# = 47      
Type = (3,+1)
Coords =  4.12885674865804E-01  3.07384660859766E-02  4.52329490385768E-01
DistFromNuc =  6.1311607063E-01
Rho =  3.3892391697E+00
DelSqRho = -3.1504680137E+01
GradDelSqRho = -1.9184653866E-13 -7.1054273576E-14 -1.3500311979E-13
HessDelSqRho_EigVals = -9.2787716338E+01  4.6376658227E+01  6.6878540694E+03
HessDelSqRho_EigVec1 = -1.2117205530E-01  9.9168321094E-01  4.3379051913E-02
HessDelSqRho_EigVec2 =  7.2932175325E-01  1.1858914424E-01 -6.7381480772E-01
HessDelSqRho_EigVec3 =  6.7335511674E-01  5.0010238947E-02  7.3762582842E-01
</CP of DelSqRho>
<CP of DelSqRho>
CP# = 48      
Type = (3,+3)
Coords = -4.44219786696704E-01 -7.21680805946900E-02  4.10406401333410E-01
DistFromNuc =  6.0906119120E-01
Rho =  3.4920485544E+00
DelSqRho = -3.5922344687E+01
GradDelSqRho = -5.3290705182E-14 -1.4210854715E-14  6.0396132540E-14
HessDelSqRho_EigVals =  9.6430800453E+01  9.6564179692E+01  7.2124807524E+03
HessDelSqRho_EigVec1 = -5.6548615742E-01  6.5875512189E-01 -4.9625305556E-01
HessDelSqRho_EigVec2 =  3.8493468213E-01  7.4294580715E-01  5.4759183534E-01
HessDelSqRho_EigVec3 =  7.2941805315E-01  1.1863059060E-01 -6.7370326310E-01
</CP of DelSqRho>
<CP of DelSqRho>
CP# = 49      
Type = (3,+1)
Coords = -4.12779292231292E-01 -3.05500269910059E-02 -4.52196850824427E-01
DistFromNuc =  6.1311670536E-01
Rho =  3.3892194496E+00
DelSqRho = -3.1504059590E+01
GradDelSqRho =  7.2386541206E-14 -1.5987211555E-14  4.2632564146E-14
HessDelSqRho_EigVals = -9.2797821998E+01  4.6370745836E+01  6.6877686200E+03
HessDelSqRho_EigVec1 = -1.2110868807E-01  9.9169218915E-01  4.3350751385E-02
HessDelSqRho_EigVec2 =  7.2937272980E-01  1.1852653416E-01 -6.7377064475E-01
HessDelSqRho_EigVec3 =  6.7331129999E-01  4.9980622967E-02  7.3766783218E-01
</CP of DelSqRho>
<CP of DelSqRho>
CP# = 50      
Type = (3,+3)
Coords = -3.42060088110983E-01  4.05737958372431E-01 -2.98867525295080E-01
DistFromNuc =  6.0906152169E-01
Rho =  3.4920363072E+00
DelSqRho = -3.5922070497E+01
GradDelSqRho = -4.4764192353E-13  4.7251091928E-13 -4.4053649617E-13
HessDelSqRho_EigVals =  9.6434012865E+01  9.6556948730E+01  7.2124335441E+03
HessDelSqRho_EigVec1 =  3.2642327017E-01  7.2352709642E-01  6.0824040431E-01
HessDelSqRho_EigVec2 = -7.6023597059E-01 -1.8142016987E-01  6.2380124318E-01
HessDelSqRho_EigVec3 = -5.6168417969E-01  6.6602947585E-01 -4.9083155927E-01
</CP of DelSqRho>
<CP of DelSqRho>
CP# = 51      
Type = (3,+3)
Coords =  3.42151491108855E-01 -4.05544253386171E-01  2.99044898536801E-01
DistFromNuc =  6.0906145233E-01
Rho =  3.4920367417E+00
DelSqRho = -3.5922058805E+01
GradDelSqRho =  1.4210854715E-13 -4.2632564146E-14  7.8159700934E-14
HessDelSqRho_EigVals =  9.6435498743E+01  9.6553187512E+01  7.2124427595E+03
HessDelSqRho_EigVec1 =  4.2465901969E-01  7.4126954155E-01  5.1979244297E-01
HessDelSqRho_EigVec2 = -7.1003842707E-01 -8.3519760776E-02  6.9919230662E-01
HessDelSqRho_EigVec3 = -5.6170290107E-01  6.6599092812E-01 -4.9086243958E-01
</CP of DelSqRho>
<CP of DelSqRho>
CP# = 52      
Type = (3,-1)
Coords = -1.97989198422298E-01 -5.39594312089300E-01  2.17259290015256E-01
DistFromNuc =  6.1452143292E-01
Rho =  3.3548855075E+00
DelSqRho = -3.0057950991E+01
GradDelSqRho =  9.9475983006E-14  1.5720758029E-13 -5.6843418861E-14
HessDelSqRho_EigVals = -6.1026555571E+01 -6.1006571590E+01  6.5136755301E+03
HessDelSqRho_EigVec1 =  6.2822867114E-01  8.0878311616E-02  7.7381356635E-01
HessDelSqRho_EigVec2 =  7.0815479951E-01 -4.7138579037E-01 -5.2565408452E-01
HessDelSqRho_EigVec3 =  3.2225070472E-01  8.7821075793E-01 -3.5341243322E-01
</CP of DelSqRho>
<CP of DelSqRho>
CP# = 53      
Type = (3,-1)
Coords =  1.98067690384702E-01  5.39756022900015E-01 -2.17123966947547E-01
DistFromNuc =  6.1452169869E-01
Rho =  3.3548864768E+00
DelSqRho = -3.0057978277E+01
GradDelSqRho = -5.1070259133E-14 -2.1316282073E-13  3.0198066270E-14
HessDelSqRho_EigVals = -6.1018634249E+01 -6.1014906624E+01  6.5136488982E+03
HessDelSqRho_EigVec1 =  8.9831545350E-01 -1.6589084430E-01  4.0682867865E-01
HessDelSqRho_EigVec2 = -2.9864164128E-01  4.4860882116E-01  8.4235580111E-01
HessDelSqRho_EigVec3 =  3.2224604899E-01  8.7819721780E-01 -3.5345032262E-01
</CP of DelSqRho>
<CP of DelSqRho>
CP# = 54      
Type = (3,+1)
Coords = -1.47003611573326E-01  2.67911354362948E-01  5.31642769768315E-01
DistFromNuc =  6.1311688203E-01
Rho =  3.3892209206E+00
DelSqRho = -3.1504015767E+01
GradDelSqRho =  9.9475983006E-14 -2.0961010705E-13 -4.7606363296E-13
HessDelSqRho_EigVals = -9.2797206673E+01  4.6363503936E+01  6.6877502006E+03
HessDelSqRho_EigVec1 =  7.9181766374E-01  6.0472417639E-01 -8.5635610990E-02
HessDelSqRho_EigVec2 = -5.6169454186E-01  6.6595555855E-01 -4.9091998908E-01
HessDelSqRho_EigVec3 = -2.3984167492E-01  4.3682017412E-01  8.6698564374E-01
</CP of DelSqRho>
<CP of DelSqRho>
CP# = 55      
Type = (3,+1)
Coords =  1.47100076864434E-01 -2.67763869765375E-01 -5.31467173246193E-01
DistFromNuc =  6.1311624315E-01
Rho =  3.3892311023E+00
DelSqRho = -3.1504438782E+01
GradDelSqRho = -1.0835776720E-13  4.2632564146E-14  1.9539925233E-13
HessDelSqRho_EigVals = -9.2793807018E+01  4.6376172692E+01  6.6878287668E+03
HessDelSqRho_EigVec1 =  7.9182582090E-01  6.0471406459E-01 -8.5631591405E-02
HessDelSqRho_EigVec2 = -5.6167192648E-01  6.6594157053E-01 -4.9096483748E-01
HessDelSqRho_EigVec3 = -2.3986770598E-01  4.3685549638E-01  8.6696064438E-01
</CP of DelSqRho>
<CP of DelSqRho>
CP# = 56      
Type = (3,-1)
Coords = -3.19486856417908E-01  4.55565913388024E-01  2.60991964381523E-01
DistFromNuc =  6.1452054598E-01
Rho =  3.3549125987E+00
DelSqRho = -3.0058953728E+01
GradDelSqRho = -1.5987211555E-13  2.5579538487E-13  7.9936057773E-14
HessDelSqRho_EigVals = -6.1008923868E+01 -6.0982441557E+01  6.5137895652E+03
HessDelSqRho_EigVec1 =  7.5768307118E-01  6.2971185452E-01 -1.7140403705E-01
HessDelSqRho_EigVec2 =  3.9440692213E-01 -2.3257334384E-01  8.8901789606E-01
HessDelSqRho_EigVec3 = -5.1996109798E-01  7.4119674852E-01  4.2457959981E-01
</CP of DelSqRho>
<CP of DelSqRho>
CP# = 57      
Type = (3,-1)
Coords =  3.19570338554610E-01 -4.55431014961743E-01 -2.60768028548160E-01
DistFromNuc =  6.1452094951E-01
Rho =  3.3549020559E+00
DelSqRho = -3.0058650263E+01
GradDelSqRho =  9.2370555649E-14 -4.2632564146E-14 -1.4210854715E-14
HessDelSqRho_EigVals = -6.1006529861E+01 -6.0993863349E+01  6.5137401422E+03
HessDelSqRho_EigVec1 =  7.7334080868E-01  1.9749032272E-01  6.0244631800E-01
HessDelSqRho_EigVec2 =  3.6273661124E-01  6.4151395354E-01 -6.7593046852E-01
HessDelSqRho_EigVec3 = -5.1996744562E-01  7.4125395098E-01  4.2447194919E-01
</CP of DelSqRho>
<CP of DelSqRho>
CP# = 58      
Type = (3,+1)
Coords = -5.59669676012959E-01  2.37490591627704E-01  7.92914655044086E-02
DistFromNuc =  6.1311566379E-01
Rho =  3.3892513244E+00
DelSqRho = -3.1504886027E+01
GradDelSqRho =  3.1263880373E-13 -1.4921397451E-13 -6.0396132540E-14
HessDelSqRho_EigVals = -9.2782637960E+01  4.6372153658E+01  6.6879049806E+03
HessDelSqRho_EigVec1 = -1.1879729227E-01 -5.5479596646E-01  8.2346137672E-01
HessDelSqRho_EigVec2 =  3.9053073908E-01  7.3638506977E-01  5.5246970130E-01
HessDelSqRho_EigVec3 =  9.1289262522E-01 -3.8721888463E-01 -1.2918432646E-01
</CP of DelSqRho>
<CP of DelSqRho>
CP# = 59      
Type = (3,+1)
Coords =  5.59771632957192E-01 -2.37279760994143E-01 -7.90972316295497E-02
DistFromNuc =  6.1311543788E-01
Rho =  3.3892561376E+00
DelSqRho = -3.1505052421E+01
GradDelSqRho = -2.7000623959E-13  2.1049828547E-13  1.8651746814E-14
HessDelSqRho_EigVals = -9.2780580067E+01  4.6373584535E+01  6.6879351559E+03
HessDelSqRho_EigVec1 = -1.1875491704E-01 -5.5470247532E-01  8.2353046911E-01
HessDelSqRho_EigVec2 =  3.9045943336E-01  7.3649008503E-01  5.5238010966E-01
HessDelSqRho_EigVec3 =  9.1292863937E-01 -3.8715309442E-01 -1.2912699525E-01
</CP of DelSqRho>
<CP of DelSqRho>
CP# = 60      
Type = (3,+1)
Coords = -7.25744263313318E-02 -3.40127254957658E-01  5.04949754484110E-01
DistFromNuc =  6.1311614589E-01
Rho =  3.3892346852E+00
DelSqRho = -3.1504709188E+01
GradDelSqRho = -4.2632564146E-14 -7.1054273576E-14 -8.5265128291E-14
HessDelSqRho_EigVals = -9.2783412343E+01  4.6391178444E+01  6.6878392450E+03
HessDelSqRho_EigVec1 =  9.1296502216E-01 -3.8695542467E-01 -1.2946183851E-01
HessDelSqRho_EigVec2 =  3.9047544253E-01  7.3644766899E-01  5.5242534303E-01
HessDelSqRho_EigVec3 = -1.1842211402E-01 -5.5489668423E-01  8.2344755312E-01
</CP of DelSqRho>
<CP of DelSqRho>
CP# = 61      
Type = (3,+1)
Coords =  7.26498267844961E-02  3.40286239807565E-01 -5.04799620663852E-01
DistFromNuc =  6.1311646189E-01
Rho =  3.3892285652E+00
DelSqRho = -3.1504531447E+01
GradDelSqRho = -1.2079226508E-13 -3.8369307731E-13  5.8264504332E-13
HessDelSqRho_EigVals = -9.2786072943E+01  4.6388402648E+01  6.6878009550E+03
HessDelSqRho_EigVec1 =  9.1297319536E-01 -3.8694076608E-01 -1.2944801307E-01
HessDelSqRho_EigVec2 =  3.9045864430E-01  7.3646983149E-01  5.5240767048E-01
HessDelSqRho_EigVec3 = -1.1841449083E-01 -5.5487749175E-01  8.2346158229E-01
</CP of DelSqRho>
<CP of DelSqRho>
CP# = 62      
Type = (3,+1)
Coords =  4.85600118043571E-01  3.70716150019296E-01 -5.25961776036101E-02
DistFromNuc =  6.1311555154E-01
Rho =  3.3892550783E+00
DelSqRho = -3.1504970480E+01
