 AIMInt (Version 19.02.13, Professional)
 Portions Copyright (c) 1997-2019 by Todd A. Keith
 AIMInt is a component of the AIMAll package ( http://aim.tkgristmill.com )

 TP:  64-bit Linux

 Licensed To:  Research Group of Fernando Cortes Guzman, UNAM, fercor@unam.mx

 AIMInt is a heavily modified and extended version of the PROAIMV program
 developed by members of R.F.W. Bader's research group

 Much of the Quantum Theory of Atoms in Molecules (QTAIM) is described in the book:
   "Atoms in Molecules - A Quantum Theory"
   R.F.W. Bader, Oxford University Press, Oxford, 1990

 For additional references see:  http://aim.tkgristmill.com/references.html

 Current Directory:  /home/lillian/David/proyecto_spin/noab/hexaaqua/def2/pbe0/opt_scan/int

 Inp File:  mn26_pbe0_noab_atomicfiles/mn1.inp
 Wfx File:  mn26_pbe0_noab.wfx
 Out File:  mn26_pbe0_noab_atomicfiles/mn1.int

 Wfx Title:   Title Card Required                                                           
 Job Title:   Title Card Required                                                           
 
<Atom>
Mn1     
</Atom>
<Nuclei of Molecule>
    19
Mn1       25.0           9.4655876607E-05   8.8847330165E-05   1.9935942434E-05
O2         8.0           3.0114355400E+00  -6.7872632196E-01  -2.7886800687E+00
H3         1.0           4.8091646611E+00  -5.8016738388E-01  -2.4987946587E+00
H4         1.0           2.7941640058E+00  -1.1312924970E+00  -4.5418176457E+00
O5         8.0           4.6551344419E-02  -4.0299160921E+00   1.0305898541E+00
H6         1.0          -1.0010500066E+00  -4.8498929186E+00   2.2778894370E+00
H7         1.0           1.1190828466E+00  -5.3245306219E+00   3.2398924429E-01
O8         8.0          -4.6057758041E-02   4.0301007675E+00  -1.0303034435E+00
H9         1.0          -1.1145352125E+00   5.3258157243E+00  -3.1958994831E-01
H10        1.0           9.9759121698E-01   4.8490318284E+00  -2.2816012078E+00
O11        8.0           2.8705061401E+00   7.7679193979E-01   2.9089790357E+00
H12        1.0           3.6035594189E+00   2.3967498096E+00   3.3139136098E+00
H13        1.0           3.6416704282E+00  -4.3531350037E-01   4.0322462436E+00
O14        8.0          -2.8706752289E+00  -7.7728035268E-01  -2.9086027621E+00
H15        1.0          -3.6080906179E+00  -2.3964935471E+00  -3.3085752060E+00
H16        1.0          -3.6376755337E+00   4.3322898624E-01  -4.0364360860E+00
O17        8.0          -3.0119139517E+00   6.7894873171E-01   2.7879825436E+00
H18        1.0          -2.7954695900E+00   1.1266948375E+00   4.5424561388E+00
H19        1.0          -4.8095467011E+00   5.8459872181E-01   2.4961004083E+00
</Nuclei of Molecule>
<Total Number of CPs of DelSqRho>
    92
</Total Number of CPs of DelSqRho>
<Number of (3,+3) CPs of DelSqRho>
    13
</Number of (3,+3) CPs of DelSqRho>
<Number of (3,+1) CPs of DelSqRho>
    30
</Number of (3,+1) CPs of DelSqRho>
<Number of (3,-1) CPs of DelSqRho>
    33
</Number of (3,-1) CPs of DelSqRho>
<Number of (3,-3) CPs of DelSqRho>
    16
</Number of (3,-3) CPs of DelSqRho>
<Number of Degenerate CPs of DelSqRho>
     0
</Number of Degenerate CPs of DelSqRho>
<CP of DelSqRho>
CP# = 1       
Type = (3,+3)
Coords =  9.46558765021822E-05  8.88473300781350E-05  1.99359422836843E-05
DistFromNuc =  2.0271367628E-13
Rho =  1.0267680477E+04
DelSqRho = -1.5362717676E+09
GradDelSqRho =  6.4969062805E-06 -4.1723251343E-06  7.1525573730E-07
HessDelSqRho_EigVals =  1.0732513815E+15  1.0732513815E+15  1.0732513815E+15
HessDelSqRho_EigVec1 =  9.7114697026E-01  2.1932973101E-01  9.3637766111E-02
HessDelSqRho_EigVec2 = -1.7899053550E-01  9.2981708289E-01 -3.2156271638E-01
HessDelSqRho_EigVec3 = -1.5759425862E-01  2.9552438386E-01  9.4224698896E-01
</CP of DelSqRho>
<CP of DelSqRho>
CP# = 2       
Type = (3,+1)
Coords =  1.64042626792022E-01  2.79259565172257E-03  3.40090201070445E-03
DistFromNuc =  1.6400511685E-01
Rho =  9.2556880891E+01
DelSqRho = -5.4023781658E+03
GradDelSqRho = -1.4551915228E-11 -1.4551915228E-11  7.2759576142E-12
HessDelSqRho_EigVals = -4.8830279119E+03  2.4441484446E+03  8.8722217235E+06
HessDelSqRho_EigVec1 = -2.4056543222E-02  2.4753965652E-01  9.6857906295E-01
HessDelSqRho_EigVec2 = -1.0864617128E-02  9.6873749883E-01 -2.4784999184E-01
HessDelSqRho_EigVec3 =  9.9965156071E-01  1.6485654718E-02  2.0615051919E-02
</CP of DelSqRho>
<CP of DelSqRho>
CP# = 3       
Type = (3,+1)
Coords = -1.63852622536383E-01 -2.70090906174031E-03 -3.32539480107599E-03
DistFromNuc =  1.6400513430E-01
Rho =  9.2556847303E+01
DelSqRho = -5.4023668732E+03
GradDelSqRho = -1.5279510990E-10 -2.9103830457E-11 -1.4551915228E-11
HessDelSqRho_EigVals = -4.8858239257E+03  2.4423751185E+03  8.8722117907E+06
HessDelSqRho_EigVec1 = -2.3974798774E-02  2.4743018068E-01  9.6860906186E-01
HessDelSqRho_EigVec2 = -1.1429430527E-02  9.6875639414E-01 -2.4775071532E-01
HessDelSqRho_EigVec3 =  9.9964722635E-01  1.7010423526E-02  2.0397753550E-02
</CP of DelSqRho>
<CP of DelSqRho>
CP# = 4       
Type = (3,-1)
Coords = -4.17490718168292E-03  1.24954306592336E-01  1.06263089692416E-01
DistFromNuc =  1.6400371887E-01
Rho =  9.2549277190E+01
DelSqRho = -5.3969118435E+03
GradDelSqRho = -1.4551915228E-11  2.9103830457E-11 -4.9112713896E-11
HessDelSqRho_EigVals = -3.2540661072E+03 -3.2532438595E+03  8.8722164152E+06
HessDelSqRho_EigVec1 = -5.5219266545E-01 -5.5114439194E-01  6.2555824626E-01
HessDelSqRho_EigVec2 =  8.3330998386E-01 -3.4143028779E-01  4.3476410775E-01
HessDelSqRho_EigVec3 = -2.6033267755E-02  7.6135748359E-01  6.4780942502E-01
</CP of DelSqRho>
<CP of DelSqRho>
CP# = 5       
Type = (3,-1)
Coords =  4.37441796629883E-03 -1.24763771450578E-01 -1.06237949150235E-01
DistFromNuc =  1.6400375278E-01
Rho =  9.2549212217E+01
DelSqRho = -5.3968896028E+03
GradDelSqRho =  2.6602720027E-11  2.9103830457E-11  3.7289282773E-11
HessDelSqRho_EigVals = -3.2590247911E+03 -3.2575564502E+03  8.8721971128E+06
HessDelSqRho_EigVec1 =  9.9941474379E-01  3.4207694325E-02  5.9479235878E-05
HessDelSqRho_EigVec2 =  2.2117851691E-02 -6.4752139576E-01  7.6172622554E-01
HessDelSqRho_EigVec3 = -2.6095411960E-02  7.6127910498E-01  6.4789903055E-01
</CP of DelSqRho>
<CP of DelSqRho>
CP# = 6       
Type = (3,+1)
Coords = -3.16427607025479E-03  2.83411422829326E-01 -7.24374908086223E-02
DistFromNuc =  2.9245919564E-01
Rho =  2.2148319124E+01
DelSqRho =  1.6012439729E+03
GradDelSqRho =  3.7516656448E-12 -6.7075234256E-12  4.3200998334E-12
HessDelSqRho_EigVals = -5.2633586449E+05  1.2978544693E+03  1.2985033140E+03
HessDelSqRho_EigVec1 = -1.1143062281E-02  9.6875934044E-01 -2.4775224010E-01
HessDelSqRho_EigVec2 = -3.3168650590E-02  2.4727317834E-01  9.6837793030E-01
HessDelSqRho_EigVec3 =  9.9938764890E-01  1.9008303074E-02  2.9377059642E-02
</CP of DelSqRho>
<CP of DelSqRho>
CP# = 7       
Type = (3,+1)
Coords =  3.35178962976796E-03 -2.83234186534927E-01  7.24757806331990E-02
DistFromNuc =  2.9245922770E-01
Rho =  2.2148311136E+01
DelSqRho =  1.6012435360E+03
GradDelSqRho = -7.9580786405E-13 -3.1690206015E-12 -2.6147972676E-12
HessDelSqRho_EigVals = -5.2633550658E+05  1.2979591055E+03  1.2984356734E+03
HessDelSqRho_EigVec1 = -1.1137096445E-02  9.6876078197E-01 -2.4774687164E-01
HessDelSqRho_EigVec2 = -6.5670420660E-02  2.4651872578E-01  9.6691049932E-01
HessDelSqRho_EigVec3 =  9.9777921452E-01  2.7038216762E-02  6.0873425246E-02
</CP of DelSqRho>
<CP of DelSqRho>
CP# = 8       
Type = (3,+1)
Coords = -8.25564775896405E-02 -9.33367909469659E-02  1.06500544657381E-01
DistFromNuc =  1.6400512121E-01
Rho =  9.2556878791E+01
DelSqRho = -5.4023770114E+03
GradDelSqRho =  6.5483618528E-11  2.9103830457E-11 -2.9103830457E-11
HessDelSqRho_EigVals = -4.8839798074E+03  2.4429107092E+03  8.8722206701E+06
HessDelSqRho_EigVec1 =  5.1965816279E-01 -8.0038645223E-01 -2.9889282515E-01
HessDelSqRho_EigVec2 =  6.8991671441E-01  1.8676044544E-01  6.9938220109E-01
HessDelSqRho_EigVec3 = -5.0395468152E-01 -5.6965082560E-01  6.4925158134E-01
</CP of DelSqRho>
<CP of DelSqRho>
CP# = 9       
Type = (3,+1)
Coords =  8.26910554238917E-02  9.35021276448874E-02 -1.06513983692395E-01
DistFromNuc =  1.6400512855E-01
Rho =  9.2556864084E+01
DelSqRho = -5.4023715962E+03
GradDelSqRho = -9.4587448984E-11 -7.2759576142E-12  4.3655745685E-11
HessDelSqRho_EigVals = -4.8843894821E+03  2.4409060151E+03  8.8722163547E+06
HessDelSqRho_EigVec1 =  5.1978804262E-01 -8.0034433120E-01 -2.9877975546E-01
HessDelSqRho_EigVec2 =  6.9006270138E-01  1.8717056558E-01  6.9912849144E-01
HessDelSqRho_EigVec3 = -5.0362074909E-01 -5.6957539527E-01  6.4957679314E-01
</CP of DelSqRho>
<CP of DelSqRho>
CP# = 10      
Type = (3,+3)
Coords = -1.73403120760804E-03  1.58973669540209E-01 -4.06166531992515E-02
DistFromNuc =  1.6400933877E-01
Rho =  9.2579694087E+01
DelSqRho = -5.4187937029E+03
GradDelSqRho = -3.6379788071E-11  3.6379788071E-11 -8.1854523160E-12
HessDelSqRho_EigVals =  4.8808414257E+03  4.8865371227E+03  8.8722393694E+06
HessDelSqRho_EigVec1 =  4.8467445595E-02  2.4801776040E-01  9.6754229739E-01
HessDelSqRho_EigVec2 =  9.9876252799E-01 -1.2208177692E-03 -4.9718430014E-02
HessDelSqRho_EigVec3 = -1.1149860834E-02  9.6875471618E-01 -2.4777001529E-01
</CP of DelSqRho>
<CP of DelSqRho>
CP# = 11      
Type = (3,+3)
Coords =  1.91472008782948E-03 -1.58796047800607E-01  4.06566131188635E-02
DistFromNuc =  1.6400933530E-01
Rho =  9.2579702986E+01
DelSqRho = -5.4187974581E+03
GradDelSqRho = -4.3655745685E-11 -7.2759576142E-11 -4.5474735089E-12
HessDelSqRho_EigVals =  4.8839984424E+03  4.8852075315E+03  8.8722416346E+06
HessDelSqRho_EigVec1 =  9.3209691600E-01 -7.9691903950E-02 -3.5333346804E-01
HessDelSqRho_EigVec2 =  3.6203893522E-01  2.3486722332E-01  9.0208935078E-01
HessDelSqRho_EigVec3 = -1.1097232648E-02  9.6875517436E-01 -2.4777058658E-01
</CP of DelSqRho>
<CP of DelSqRho>
CP# = 12      
Type = (3,+3)
Coords =  1.13242640779847E-01  3.07395095375136E-02  1.14724484908852E-01
DistFromNuc =  1.6400933856E-01
Rho =  9.2579694715E+01
DelSqRho = -5.4187933369E+03
GradDelSqRho = -4.3655745685E-11  2.9103830457E-11  2.1827872843E-11
HessDelSqRho_EigVals =  4.8819728460E+03  4.8848122687E+03  8.8722396044E+06
HessDelSqRho_EigVec1 = -6.3002320925E-01  6.3082941074E-01  4.5290728670E-01
HessDelSqRho_EigVec2 = -3.5654725457E-01 -7.5307950028E-01  5.5294242152E-01
HessDelSqRho_EigVec3 =  6.8988753508E-01  1.8688370928E-01  6.9937805809E-01
</CP of DelSqRho>
<CP of DelSqRho>
CP# = 13      
Type = (3,+3)
Coords = -1.18607266870103E-01  2.68434779962807E-02  1.09988607037125E-01
DistFromNuc =  1.6400934531E-01
Rho =  9.2579690671E+01
DelSqRho = -5.4187964490E+03
GradDelSqRho =  1.8189894035E-11 -2.9103830457E-11 -3.2741809264E-11
HessDelSqRho_EigVals =  4.8830679927E+03  4.8854472709E+03  8.8722386954E+06
HessDelSqRho_EigVec1 =  4.3303020855E-01  8.6389368716E-01  2.5724022967E-01
HessDelSqRho_EigVec2 =  5.3727968178E-01 -4.7652571129E-01  6.9588346009E-01
HessDelSqRho_EigVec3 =  7.2375091159E-01 -1.6312861111E-01 -6.7050255347E-01
</CP of DelSqRho>
<CP of DelSqRho>
CP# = 14      
Type = (3,+3)
Coords =  1.18822459112249E-01 -2.66644269378149E-02 -1.09921129140600E-01
DistFromNuc =  1.6400934954E-01
Rho =  9.2579684134E+01
DelSqRho = -5.4187945568E+03
GradDelSqRho =  5.8207660913E-11 -5.8207660913E-11 -6.5483618528E-11
HessDelSqRho_EigVals =  4.8818255895E+03  4.8860011991E+03  8.8722364372E+06
HessDelSqRho_EigVec1 =  5.2817127733E-01 -4.9405858878E-01  6.9060930536E-01
HessDelSqRho_EigVec2 =  4.4383666660E-01  8.5398938803E-01  2.7149795305E-01
HessDelSqRho_EigVec3 =  7.2390891359E-01 -1.6312031136E-01 -6.7033398306E-01
</CP of DelSqRho>
<CP of DelSqRho>
CP# = 15      
Type = (3,+3)
Coords = -1.13045778879002E-01 -3.05418220679476E-02 -1.14697398750642E-01
DistFromNuc =  1.6400933743E-01
Rho =  9.2579701236E+01
DelSqRho = -5.4187980899E+03
GradDelSqRho =  0.0000000000E+00 -2.1827872843E-11 -1.4551915228E-11
HessDelSqRho_EigVals =  4.8827682236E+03  4.8869524702E+03  8.8722410332E+06
HessDelSqRho_EigVec1 = -4.2404238374E-01 -6.7883967859E-01  5.9947038923E-01
HessDelSqRho_EigVec2 = -5.8677663977E-01  7.1013856319E-01  3.8909689808E-01
HessDelSqRho_EigVec3 =  6.8984145412E-01  1.8676164446E-01  6.9945611466E-01
</CP of DelSqRho>
<CP of DelSqRho>
CP# = 16      
Type = (3,-1)
Coords =  1.32887248867137E-01  9.40767782574555E-02 -2.07072669985535E-02
DistFromNuc =  1.6400372208E-01
Rho =  9.2549243933E+01
DelSqRho = -5.3968904546E+03
GradDelSqRho =  8.7311491370E-11 -2.1827872843E-11  1.8189894035E-12
HessDelSqRho_EigVals = -3.2599318749E+03 -3.2571651674E+03  8.8722077333E+06
HessDelSqRho_EigVec1 = -5.7490348762E-01  8.1783153916E-01  2.5249821244E-02
HessDelSqRho_EigVec2 =  1.1782982801E-01  5.2213120461E-02  9.9166018458E-01
HessDelSqRho_EigVec3 =  8.0969260312E-01  5.7308408075E-01 -1.2638245465E-01
</CP of DelSqRho>
<CP of DelSqRho>
CP# = 17      
Type = (3,+1)
Coords = -2.01667653788088E-01 -5.45479657821081E-02 -2.04526388344373E-01
DistFromNuc =  2.9245924456E-01
Rho =  2.2148306533E+01
DelSqRho =  1.6012432097E+03
GradDelSqRho = -9.0949470177E-13 -1.9326762413E-12 -1.0686562746E-11
HessDelSqRho_EigVals = -5.2633525966E+05  1.2980861900E+03  1.2983099988E+03
HessDelSqRho_EigVec1 =  6.8988213308E-01  1.8681867293E-01  6.9940076201E-01
HessDelSqRho_EigVec2 = -5.3183271868E-01 -5.2466669526E-01  6.6473966200E-01
HessDelSqRho_EigVec3 = -4.9113806797E-01  8.3055622466E-01  2.6260189616E-01
</CP of DelSqRho>
<CP of DelSqRho>
CP# = 18      
Type = (3,-3)
Coords =  2.40607470799465E-01 -1.59460571018425E-01  4.67641714802430E-02
DistFromNuc =  2.9238237736E-01
Rho =  2.2093925236E+01
DelSqRho =  1.6197526749E+03
GradDelSqRho =  1.3642420527E-12 -3.6379788071E-12 -1.7053025658E-12
HessDelSqRho_EigVals = -5.2792152049E+05 -8.6642320506E+02 -8.6598473055E+02
HessDelSqRho_EigVec1 =  8.2259680907E-01 -5.4568746443E-01  1.5987395307E-01
HessDelSqRho_EigVec2 =  5.2755658196E-01  8.3731054145E-01  1.4350996487E-01
HessDelSqRho_EigVec3 = -2.1217573506E-01 -3.3708282944E-02  9.7664999315E-01
</CP of DelSqRho>
<CP of DelSqRho>
CP# = 19      
Type = (3,-1)
Coords = -1.32719830579120E-01 -9.38713652543375E-02  2.07324427988812E-02
DistFromNuc =  1.6400371124E-01
Rho =  9.2549269336E+01
DelSqRho = -5.3969011295E+03
GradDelSqRho = -8.7311491370E-11 -2.9103830457E-11 -4.9112713896E-11
HessDelSqRho_EigVals = -3.2568668470E+03 -3.2549973635E+03  8.8722145544E+06
HessDelSqRho_EigVec1 =  7.2190021484E-02  1.1632174790E-01  9.9058460101E-01
HessDelSqRho_EigVec2 = -5.8221163664E-01  8.1131829373E-01 -5.2841616374E-02
HessDelSqRho_EigVec3 =  8.0982603747E-01  5.7291524437E-01 -1.2629296028E-01
</CP of DelSqRho>
<CP of DelSqRho>
CP# = 20      
Type = (3,+1)
Coords =  8.14062708105971E-02 -9.05882077735608E-02  1.09855157746045E-01
DistFromNuc =  1.6400513100E-01
Rho =  9.2556856256E+01
DelSqRho = -5.4023685502E+03
GradDelSqRho =  2.9103830457E-11  2.1827872843E-11  2.9103830457E-11
HessDelSqRho_EigVals = -4.8851767861E+03  2.4402253793E+03  8.8722148145E+06
HessDelSqRho_EigVec1 =  4.7996636904E-01  8.1712610775E-01  3.1927606961E-01
HessDelSqRho_EigVec2 = -7.2375921241E-01  1.6314331812E-01  6.7049001499E-01
HessDelSqRho_EigVec3 =  4.9578713884E-01 -5.5289165466E-01  6.6970585421E-01
</CP of DelSqRho>
<CP of DelSqRho>
CP# = 21      
Type = (3,+1)
Coords = -8.11266389235551E-02  9.07613675460331E-02 -1.09885821480812E-01
DistFromNuc =  1.6400512238E-01
Rho =  9.2556875105E+01
DelSqRho = -5.4023769377E+03
GradDelSqRho = -2.7284841053E-11 -2.9103830457E-11  8.7311491370E-11
HessDelSqRho_EigVals = -4.8837208363E+03  2.4429766736E+03  8.8722202853E+06
HessDelSqRho_EigVec1 =  4.7996780235E-01  8.1707978262E-01  3.1939245067E-01
HessDelSqRho_EigVec2 = -7.2413536034E-01  1.6346913855E-01  6.7000434375E-01
HessDelSqRho_EigVec3 =  4.9523619478E-01 -5.5286387979E-01  6.7013628600E-01
</CP of DelSqRho>
<CP of DelSqRho>
CP# = 22      
Type = (3,-1)
Coords =  2.92393786462180E-01  4.96945557529150E-03  6.02448421862534E-03
DistFromNuc =  2.9240153330E-01
Rho =  2.2107543879E+01
DelSqRho =  1.6151229762E+03
GradDelSqRho =  1.3187673176E-11 -1.6484591470E-12 -2.7284841053E-12
HessDelSqRho_EigVals = -5.2752579246E+05 -1.2987970129E+03  6.4979816717E+02
HessDelSqRho_EigVec1 =  9.9964977669E-01  1.6691948022E-02  2.0535404612E-02
HessDelSqRho_EigVec2 = -2.4030061909E-02  2.4750037760E-01  9.6858975795E-01
HessDelSqRho_EigVec3 = -1.1085129498E-02  9.6874400228E-01 -2.4781480574E-01
</CP of DelSqRho>
<CP of DelSqRho>
CP# = 23      
Type = (3,-1)
Coords = -2.92204299788223E-01 -4.80817669726903E-03 -5.97664912123326E-03
DistFromNuc =  2.9240146949E-01
Rho =  2.2107560826E+01
DelSqRho =  1.6151232845E+03
GradDelSqRho =  5.9117155615E-12  3.7658764995E-13 -4.5474735089E-13
HessDelSqRho_EigVals = -5.2752632449E+05 -1.2988439442E+03  6.4977188914E+02
HessDelSqRho_EigVec1 =  9.9964941245E-01  1.6747259533E-02  2.0508083638E-02
HessDelSqRho_EigVec2 = -2.4017237890E-02  2.4749502405E-01  9.6859144398E-01
HessDelSqRho_EigVec3 = -1.1145603640E-02  9.6874441540E-01 -2.4781047829E-01
</CP of DelSqRho>
<CP of DelSqRho>
CP# = 24      
Type = (3,+1)
Coords =  3.11284764867220E-01  5.29836172446109E-01  2.07062822752794E-01
DistFromNuc =  6.4833499781E-01
Rho =  2.7327974327E+00
DelSqRho = -2.2970930724E+01
GradDelSqRho =  8.8817841970E-14  2.2026824809E-13  3.7303493627E-14
HessDelSqRho_EigVals = -4.4878294083E+01  2.2480825762E+01  4.3172644176E+03
HessDelSqRho_EigVec1 =  4.9574877525E-01 -5.5295404459E-01  6.6968274310E-01
HessDelSqRho_EigVec2 = -7.2377316878E-01  1.6312248231E-01  6.7048001903E-01
HessDelSqRho_EigVec3 =  4.7998494976E-01  8.1708804931E-01  3.1934553022E-01
</CP of DelSqRho>
<CP of DelSqRho>
CP# = 25      
Type = (3,+1)
Coords = -3.36896771399832E-01  5.18980160947440E-01  1.93739903279520E-01
DistFromNuc =  6.4833544030E-01
Rho =  2.7327890109E+00
DelSqRho = -2.2970750722E+01
GradDelSqRho =  1.5631940187E-13 -2.2204460493E-13 -7.6383344094E-14
HessDelSqRho_EigVals = -4.4876761443E+01  2.2477604637E+01  4.3172292640E+03
HessDelSqRho_EigVec1 =  5.0405264056E-01  5.6969754350E-01 -6.4913453496E-01
HessDelSqRho_EigVec2 =  6.8975370306E-01  1.8679861048E-01  6.9953277853E-01
HessDelSqRho_EigVec3 = -5.1977953467E-01  8.0034429345E-01  2.9879465739E-01
</CP of DelSqRho>
<CP of DelSqRho>
CP# = 26      
Type = (3,+1)
Coords =  3.21393881388765E-01 -3.58373659627265E-01  4.34312350125605E-01
DistFromNuc =  6.4833514653E-01
Rho =  2.7327951967E+00
DelSqRho = -2.2970839554E+01
GradDelSqRho =  1.3811174426E-13 -5.0626169923E-14  1.2079226508E-13
HessDelSqRho_EigVals = -4.4877108494E+01  2.2474133655E+01  4.3172533684E+03
HessDelSqRho_EigVec1 =  4.7998153361E-01  8.1709799637E-01  3.1932521309E-01
HessDelSqRho_EigVec2 = -7.2389381436E-01  1.6326994792E-01  6.7031385905E-01
HessDelSqRho_EigVec3 =  4.9557590026E-01 -5.5289582059E-01  6.6985874529E-01
</CP of DelSqRho>
<CP of DelSqRho>
CP# = 27      
Type = (3,+1)
Coords = -3.26565994680096E-01 -3.69226430693217E-01  4.21016557956383E-01
DistFromNuc =  6.4833564683E-01
Rho =  2.7327864583E+00
DelSqRho = -2.2970581125E+01
GradDelSqRho =  1.0658141036E-13  1.5631940187E-13 -1.0480505352E-13
HessDelSqRho_EigVals = -4.4877513731E+01  2.2468593845E+01  4.3172139543E+03
HessDelSqRho_EigVec1 =  5.1975856767E-01 -8.0035181619E-01 -2.9881097981E-01
HessDelSqRho_EigVec2 =  6.8992181768E-01  1.8695077834E-01  6.9932631294E-01
HessDelSqRho_EigVec3 = -5.0384413942E-01 -5.6963705708E-01  6.4934944858E-01
</CP of DelSqRho>
<CP of DelSqRho>
CP# = 28      
Type = (3,+1)
Coords =  3.26821027487999E-01  3.69417358813755E-01 -4.20913477325934E-01
DistFromNuc =  6.4833526027E-01
Rho =  2.7327933434E+00
DelSqRho = -2.2970802193E+01
GradDelSqRho =  7.1054273576E-14  7.1054273576E-14 -4.2632564146E-14
HessDelSqRho_EigVals = -4.4876364701E+01  2.2474205459E+01  4.3172443908E+03
HessDelSqRho_EigVec1 =  5.1974311185E-01 -8.0035906774E-01 -2.9881844048E-01
HessDelSqRho_EigVec2 =  6.8985908943E-01  1.8685594255E-01  6.9941353538E-01
HessDelSqRho_EigVec3 = -5.0394596379E-01 -5.6965798460E-01  6.4925206674E-01
</CP of DelSqRho>
<CP of DelSqRho>
CP# = 29      
Type = (3,+1)
Coords = -3.21283625105122E-01  3.58549773426184E-01 -4.34216476529765E-01
DistFromNuc =  6.4833594451E-01
Rho =  2.7327811150E+00
DelSqRho = -2.2970407289E+01
GradDelSqRho =  7.1054273576E-15  3.5527136788E-14  1.0658141036E-14
HessDelSqRho_EigVals = -4.4881457266E+01  2.2466286064E+01  4.3171903299E+03
HessDelSqRho_EigVec1 =  4.7997708479E-01  8.1711327253E-01  3.1929280907E-01
HessDelSqRho_EigVec2 = -7.2381315078E-01  1.6320161803E-01  6.7041759719E-01
HessDelSqRho_EigVec3 =  4.9569801374E-01 -5.5289341805E-01  6.6977036919E-01
</CP of DelSqRho>
<CP of DelSqRho>
CP# = 30      
Type = (3,+1)
Coords =  3.36992944350826E-01 -5.18829376620726E-01 -1.93790589729776E-01
DistFromNuc =  6.4833563822E-01
Rho =  2.7327854038E+00
DelSqRho = -2.2970654329E+01
GradDelSqRho =  5.1798565437E-12 -7.0130568020E-12 -2.6343371928E-12
HessDelSqRho_EigVals = -4.4876780072E+01  2.2475917680E+01  4.3172134465E+03
HessDelSqRho_EigVec1 =  5.0400741992E-01  5.6968026981E-01 -6.4918480486E-01
HessDelSqRho_EigVec2 =  6.8989546143E-01  1.8667395040E-01  6.9942625669E-01
HessDelSqRho_EigVec3 = -5.1963523068E-01  8.0038567355E-01  2.9893477650E-01
</CP of DelSqRho>
<CP of DelSqRho>
CP# = 31      
Type = (3,+1)
Coords = -3.11038110658589E-01 -5.29673302523685E-01 -2.07071784012774E-01
DistFromNuc =  6.4833518669E-01
Rho =  2.7327941058E+00
DelSqRho = -2.2970849953E+01
GradDelSqRho =  1.3322676296E-14  2.1316282073E-14  1.4210854715E-14
HessDelSqRho_EigVals = -4.4875525008E+01  2.2477468648E+01  4.3172490278E+03
HessDelSqRho_EigVec1 =  4.9576526966E-01 -5.5295245997E-01  6.6967184084E-01
HessDelSqRho_EigVec2 = -7.2382110261E-01  1.6301434645E-01  6.7045457285E-01
HessDelSqRho_EigVec3 =  4.7989562283E-01  8.1711070233E-01  3.1942180784E-01
</CP of DelSqRho>
<CP of DelSqRho>
CP# = 32      
Type = (3,-3)
Coords = -7.51821694358179E-03  2.22680626948668E-01  1.89446559265128E-01
DistFromNuc =  2.9238245811E-01
Rho =  2.2093910080E+01
DelSqRho =  1.6197496013E+03
GradDelSqRho =  7.9580786405E-13 -8.6401996668E-12 -8.8675733423E-12
HessDelSqRho_EigVals = -5.2792039058E+05 -8.6609613972E+02 -8.6578384186E+02
HessDelSqRho_EigVec1 = -2.6037197329E-02  7.6130368492E-01  6.4787249030E-01
HessDelSqRho_EigVec2 =  9.9965580120E-01  1.7743778704E-02  1.9324529801E-02
HessDelSqRho_EigVec3 = -3.2161296506E-03 -6.4815264996E-01  7.6150364336E-01
</CP of DelSqRho>
<CP of DelSqRho>
CP# = 33      
Type = (3,-3)
Coords = -3.74948839327166E-03 -1.04362855234414E-01  2.73081286605307E-01
DistFromNuc =  2.9238234700E-01
Rho =  2.2093949759E+01
DelSqRho =  1.6197486836E+03
GradDelSqRho = -2.2737367544E-12  3.4106051316E-13  8.6401996668E-12
HessDelSqRho_EigVals = -5.2792142761E+05 -8.6583897271E+02 -8.6571242447E+02
HessDelSqRho_EigVec1 = -1.3147303590E-02 -3.5724376035E-01  9.3391864962E-01
HessDelSqRho_EigVec2 =  8.7157899145E-01  4.5367850559E-01  1.8581139696E-01
HessDelSqRho_EigVec3 = -4.9007877946E-01  8.1642679357E-01  3.0540150730E-01
</CP of DelSqRho>
<CP of DelSqRho>
CP# = 34      
Type = (3,-3)
Coords =  3.94663041673070E-03  1.04541883177811E-01 -2.73040912753909E-01
DistFromNuc =  2.9238245757E-01
Rho =  2.2093923649E+01
DelSqRho =  1.6197469796E+03
GradDelSqRho = -2.2737367544E-13  5.0022208598E-12 -7.9580786405E-12
HessDelSqRho_EigVals = -5.2792024990E+05 -8.6572239420E+02 -8.6562984297E+02
HessDelSqRho_EigVec1 = -1.3174692293E-02 -3.5724816073E-01  9.3391658039E-01
HessDelSqRho_EigVec2 =  9.9111459718E-01  1.1896590470E-01  5.9489232396E-02
HessDelSqRho_EigVec3 = -1.3235664976E-01  9.2640210771E-01  3.5250652773E-01
</CP of DelSqRho>
<CP of DelSqRho>
CP# = 35      
Type = (3,-3)
Coords =  7.70984746079523E-03 -2.22502006181650E-01 -1.89407496162358E-01
DistFromNuc =  2.9238233743E-01
Rho =  2.2093939033E+01
DelSqRho =  1.6197506538E+03
GradDelSqRho = -2.2737367544E-13  4.5474735089E-13  1.8189894035E-12
HessDelSqRho_EigVals = -5.2792139926E+05 -8.6621409749E+02 -8.6588302345E+02
HessDelSqRho_EigVec1 = -2.6045295497E-02  7.6130069219E-01  6.4787568149E-01
HessDelSqRho_EigVec2 =  9.9965932190E-01  1.8734252322E-02  1.8173275384E-02
HessDelSqRho_EigVec3 = -1.6978606384E-03 -6.4812829275E-01  7.6152927285E-01
</CP of DelSqRho>
<CP of DelSqRho>
CP# = 36      
Type = (3,+1)
Coords =  2.01858308308831E-01  5.47274531936470E-02  2.04564377898929E-01
DistFromNuc =  2.9245918934E-01
Rho =  2.2148320382E+01
DelSqRho =  1.6012442385E+03
GradDelSqRho = -7.2759576142E-12 -2.5011104299E-12  6.8212102633E-13
HessDelSqRho_EigVals = -5.2633596194E+05  1.2981200140E+03  1.2982030764E+03
HessDelSqRho_EigVec1 =  6.8988670444E-01  1.8682451526E-01  6.9939469224E-01
HessDelSqRho_EigVec2 = -6.8691974349E-01 -1.3596577778E-01  7.1390095481E-01
HessDelSqRho_EigVec3 = -2.2846794313E-01  9.7293879960E-01 -3.4532465752E-02
</CP of DelSqRho>
<CP of DelSqRho>
CP# = 37      
Type = (3,-1)
Coords = -1.47228424600117E-01 -1.66472368878079E-01  1.89893423396548E-01
DistFromNuc =  2.9240155612E-01
Rho =  2.2107530492E+01
DelSqRho =  1.6151244215E+03
GradDelSqRho = -1.0231815395E-12  3.2969182939E-12 -2.7284841053E-12
HessDelSqRho_EigVals = -5.2752548313E+05 -1.2988920955E+03  6.4937646208E+02
HessDelSqRho_EigVec1 = -5.0383813446E-01 -5.6963180960E-01  6.4935871116E-01
HessDelSqRho_EigVec2 =  5.1972855799E-01 -8.0036161338E-01 -2.9883693520E-01
HessDelSqRho_EigVec3 =  6.8994880990E-01  1.8692482263E-01  6.9930662117E-01
</CP of DelSqRho>
<CP of DelSqRho>
CP# = 38      
Type = (3,-3)
Coords =  2.36847105856864E-01  1.67632623382829E-01 -3.69225438494166E-02
DistFromNuc =  2.9238226054E-01
Rho =  2.2093953398E+01
DelSqRho =  1.6197549018E+03
GradDelSqRho =  6.8212102633E-13  0.0000000000E+00 -1.3642420527E-12
HessDelSqRho_EigVals = -5.2792284284E+05 -8.6654561730E+02 -8.6619135478E+02
HessDelSqRho_EigVec1 =  8.0973595374E-01  5.7303000256E-01 -1.2634991646E-01
HessDelSqRho_EigVec2 = -5.7260214354E-01  8.1868712564E-01  4.3337922488E-02
HessDelSqRho_EigVec3 =  1.2827497977E-01  3.7255959003E-02  9.9103860827E-01
</CP of DelSqRho>
<CP of DelSqRho>
CP# = 39      
Type = (3,-3)
Coords = -2.40418970544056E-01  1.59638704070068E-01 -4.67178846144327E-02
DistFromNuc =  2.9238225861E-01
Rho =  2.2093953268E+01
DelSqRho =  1.6197540717E+03
GradDelSqRho = -2.2737367544E-12  9.0949470177E-13 -1.4779288904E-12
HessDelSqRho_EigVals = -5.2792263760E+05 -8.6647847729E+02 -8.6613922339E+02
HessDelSqRho_EigVec1 =  8.2260008556E-01 -5.4568907981E-01  1.5985157935E-01
HessDelSqRho_EigVec2 =  5.3157292050E-01  8.3780537219E-01  1.2454873955E-01
HessDelSqRho_EigVec3 = -2.0188939901E-01 -1.7481032930E-02  9.7925230868E-01
</CP of DelSqRho>
<CP of DelSqRho>
CP# = 40      
Type = (3,-3)
Coords = -2.36660647215234E-01 -1.67450726530122E-01  3.69638264881934E-02
DistFromNuc =  2.9238234112E-01
Rho =  2.2093935436E+01
DelSqRho =  1.6197534682E+03
GradDelSqRho = -5.9117155615E-12  3.6379788071E-12 -1.1368683772E-12
HessDelSqRho_EigVals = -5.2792196116E+05 -8.6643270084E+02 -8.6613935047E+02
HessDelSqRho_EigVec1 =  8.0974574340E-01  5.7301513760E-01 -1.2635459279E-01
HessDelSqRho_EigVec2 = -5.6241838382E-01  8.1932236330E-01  1.1133924079E-01
HessDelSqRho_EigVec3 =  1.6732421396E-01 -1.9092330437E-02  9.8571704375E-01
</CP of DelSqRho>
<CP of DelSqRho>
CP# = 41      
Type = (3,-1)
Coords =  1.45008059715653E-01 -1.61577087323478E-01  1.95884347834680E-01
DistFromNuc =  2.9240149946E-01
Rho =  2.2107542303E+01
DelSqRho =  1.6151254872E+03
GradDelSqRho =  2.7284841053E-12  1.1368683772E-12  3.1832314562E-12
HessDelSqRho_EigVals = -5.2752608002E+05 -1.2989233794E+03  6.4924996283E+02
HessDelSqRho_EigVec1 =  4.9559722900E-01 -5.5289006035E-01  6.6984771984E-01
HessDelSqRho_EigVec2 =  4.7996507715E-01  8.1710674682E-01  3.1932755755E-01
HessDelSqRho_EigVec3 = -7.2389012379E-01  1.6324565987E-01  6.7032375999E-01
</CP of DelSqRho>
<CP of DelSqRho>
CP# = 42      
Type = (3,-1)
Coords =  1.47404389226559E-01  1.66647606172483E-01 -1.89866007997030E-01
DistFromNuc =  2.9240152085E-01
Rho =  2.2107539711E+01
DelSqRho =  1.6151247060E+03
GradDelSqRho = -2.2737367544E-13  2.2737367544E-13  2.0463630790E-12
HessDelSqRho_EigVals = -5.2752581647E+05 -1.2988991050E+03  6.4934220200E+02
HessDelSqRho_EigVec1 = -5.0379299718E-01 -5.6962366864E-01  6.4940087166E-01
HessDelSqRho_EigVec2 =  5.1974042854E-01 -8.0035651522E-01 -2.9882994409E-01
HessDelSqRho_EigVec3 =  6.8997282767E-01  1.8697145415E-01  6.9927045727E-01
</CP of DelSqRho>
<CP of DelSqRho>
CP# = 43      
Type = (3,-1)
Coords = -1.44801351375954E-01  1.61754621793092E-01 -1.95857579274177E-01
DistFromNuc =  2.9240156723E-01
Rho =  2.2107524258E+01
DelSqRho =  1.6151246774E+03
GradDelSqRho =  1.8189894035E-12  3.2969182939E-12 -1.1368683772E-12
HessDelSqRho_EigVals = -5.2752534418E+05 -1.2988958215E+03  6.4930204310E+02
HessDelSqRho_EigVec1 =  4.9553814166E-01 -5.5288983736E-01  6.6989161654E-01
HessDelSqRho_EigVec2 =  4.7996851426E-01  8.1709972531E-01  3.1934035795E-01
HessDelSqRho_EigVec3 = -7.2392829443E-01  1.6328155637E-01  6.7027379321E-01
</CP of DelSqRho>
<CP of DelSqRho>
CP# = 44      
Type = (3,-1)
Coords = -1.40222012355799E-01 -2.38839383929682E-01 -9.33780980886897E-02
DistFromNuc =  2.9240153871E-01
Rho =  2.2107537210E+01
DelSqRho =  1.6151234482E+03
GradDelSqRho = -3.6095570977E-12 -1.6370904632E-11 -2.2737367544E-12
HessDelSqRho_EigVals = -5.2752553417E+05 -1.2988540296E+03  6.4958084440E+02
HessDelSqRho_EigVec1 =  4.7987656787E-01  8.1712371358E-01  3.1941715094E-01
HessDelSqRho_EigVec2 = -4.9574920798E-01  5.5293056098E-01 -6.6970181239E-01
HessDelSqRho_EigVec3 = -7.2384473639E-01  1.6302340763E-01  6.7042685370E-01
</CP of DelSqRho>
<CP of DelSqRho>
CP# = 45      
Type = (3,-1)
Coords = -6.92392465650694E-03  7.24300171293999E-02  2.83244576935974E-01
DistFromNuc =  2.9240161181E-01
Rho =  2.2107508394E+01
DelSqRho =  1.6151245024E+03
GradDelSqRho = -4.5474735089E-13 -4.7748471843E-12  0.0000000000E+00
HessDelSqRho_EigVals = -5.2752471691E+05 -1.2988660981E+03  6.4916655453E+02
HessDelSqRho_EigVec1 = -2.4002880737E-02  2.4740294554E-01  9.6861532316E-01
HessDelSqRho_EigVec2 =  9.9964964265E-01  1.6751710928E-02  2.0493221664E-02
HessDelSqRho_EigVec3 = -1.1155880491E-02  9.6876785801E-01 -2.4771835541E-01
</CP of DelSqRho>
<CP of DelSqRho>
CP# = 46      
Type = (3,-1)
Coords =  7.11726861023350E-03 -7.22330774553209E-02 -2.83209498934173E-01
DistFromNuc =  2.9240159144E-01
Rho =  2.2107514060E+01
DelSqRho =  1.6151241987E+03
GradDelSqRho =  1.6484591470E-12 -5.0022208598E-12 -3.6379788071E-12
HessDelSqRho_EigVals = -5.2752474954E+05 -1.2988866987E+03  6.4916372888E+02
HessDelSqRho_EigVec1 = -2.4017165177E-02  2.4733813533E-01  9.6863152054E-01
HessDelSqRho_EigVec2 =  9.9964939107E-01  1.6745929258E-02  2.0510211785E-02
HessDelSqRho_EigVec3 = -1.1147677382E-02  9.6878450682E-01 -2.4765360612E-01
</CP of DelSqRho>
<CP of DelSqRho>
CP# = 47      
Type = (3,+1)
Coords = -2.11600753227587E-01  4.78015739710124E-02  1.96083603523889E-01
DistFromNuc =  2.9245924890E-01
Rho =  2.2148303921E+01
DelSqRho =  1.6012431251E+03
GradDelSqRho = -1.1823431123E-11  4.3200998334E-12  2.1600499167E-12
HessDelSqRho_EigVals = -5.2633514118E+05  1.2981250460E+03  1.2982727459E+03
HessDelSqRho_EigVec1 =  7.2384628281E-01 -1.6314304948E-01 -6.7039608014E-01
HessDelSqRho_EigVec2 =  5.1153961870E-01 -5.2513535684E-01  6.8011769239E-01
HessDelSqRho_EigVec3 =  4.6300515911E-01  8.3523481872E-01  2.9666314270E-01
</CP of DelSqRho>
<CP of DelSqRho>
CP# = 48      
Type = (3,+1)
Coords =  2.11792054523675E-01 -4.76245159327118E-02 -1.96041422112538E-01
DistFromNuc =  2.9245924460E-01
Rho =  2.2148305248E+01
DelSqRho =  1.6012429820E+03
GradDelSqRho = -3.0411229091E-12  1.8189894035E-12  4.5474735089E-13
HessDelSqRho_EigVals = -5.2633512376E+05  1.2980426004E+03  1.2983501440E+03
HessDelSqRho_EigVec1 =  7.2385269684E-01 -1.6314521526E-01 -6.7038862760E-01
HessDelSqRho_EigVec2 =  5.1675577729E-01 -5.1561841646E-01  6.8344796089E-01
HessDelSqRho_EigVec3 =  4.5716598727E-01  8.4114284598E-01  2.8892554877E-01
</CP of DelSqRho>
<CP of DelSqRho>
CP# = 49      
Type = (3,+1)
Coords =  6.48202043816906E-01  1.09859380626631E-02  1.32815485570567E-02
DistFromNuc =  6.4833463833E-01
Rho =  2.7328067545E+00
DelSqRho = -2.2971201030E+01
GradDelSqRho =  8.6544105216E-12  1.3651302311E-12 -6.3238303483E-13
HessDelSqRho_EigVals = -4.4873577518E+01  2.2485212699E+01  4.3172938682E+03
HessDelSqRho_EigVec1 = -2.3979546426E-02  2.4745433670E-01  9.6860277338E-01
HessDelSqRho_EigVec2 = -1.1218647832E-02  9.6875376011E-01 -2.4777064842E-01
HessDelSqRho_EigVec3 =  9.9964950022E-01  1.6807841171E-02  2.0454172707E-02
</CP of DelSqRho>
<CP of DelSqRho>
CP# = 50      
Type = (3,+1)
Coords = -6.48012749687807E-01 -1.07175243574266E-02 -1.32819598068888E-02
DistFromNuc =  6.4833396274E-01
Rho =  2.7328185449E+00
DelSqRho = -2.2971577374E+01
GradDelSqRho = -3.5349501104E-13  2.8421709430E-14  0.0000000000E+00
HessDelSqRho_EigVals = -4.4866362218E+01  2.2489889610E+01  4.3173465220E+03
HessDelSqRho_EigVec1 = -2.4005160731E-02  2.4750897912E-01  9.6858817746E-01
HessDelSqRho_EigVec2 = -1.1065991677E-02  9.6874222717E-01 -2.4782260012E-01
HessDelSqRho_EigVec3 =  9.9965058700E-01  1.6667410059E-02  2.0515880567E-02
</CP of DelSqRho>
<CP of DelSqRho>
CP# = 51      
Type = (3,+3)
Coords = -7.08039356375982E-03  6.24967994087400E-01 -1.59781579771997E-01
DistFromNuc =  6.4502864573E-01
Rho =  2.7947261921E+00
DelSqRho = -2.5353226356E+01
GradDelSqRho = -1.9539925233E-14  1.6342482922E-12 -1.7852386236E-13
HessDelSqRho_EigVals =  4.6268820373E+01  4.6275855234E+01  4.5806005870E+03
HessDelSqRho_EigVec1 =  9.8644837450E-02  2.4761341134E-01  9.6382404751E-01
HessDelSqRho_EigVec2 =  9.9506053567E-01 -1.3717775979E-02 -9.8317612775E-02
HessDelSqRho_EigVec3 = -1.1123237127E-02  9.6876179794E-01 -2.4774352151E-01
</CP of DelSqRho>
<CP of DelSqRho>
CP# = 52      
Type = (3,+3)
Coords =  7.28119172100104E-03 -6.24789242452216E-01  1.59826488969351E-01
DistFromNuc =  6.4502899763E-01
Rho =  2.7947199674E+00
DelSqRho = -2.5353035104E+01
GradDelSqRho = -1.4210854715E-14 -1.4033219031E-12  1.3855583347E-13
HessDelSqRho_EigVals =  4.6259294937E+01  4.6279871971E+01  4.5805713926E+03
HessDelSqRho_EigVec1 =  1.4775752775E-01  2.4664184395E-01  9.5777633809E-01
HessDelSqRho_EigVec2 =  9.8896086054E-01 -2.5936229265E-02 -1.4588943872E-01
HessDelSqRho_EigVec3 = -1.1141333489E-02  9.6875957431E-01 -2.4775140335E-01
</CP of DelSqRho>
<CP of DelSqRho>
CP# = 53      
Type = (3,+3)
Coords =  4.45113244896172E-01  1.20577126132615E-01  4.51132908250851E-01
DistFromNuc =  6.4502859137E-01
Rho =  2.7947265956E+00
DelSqRho = -2.5353235765E+01
GradDelSqRho =  1.7585932710E-13  4.9737991503E-14  1.1368683772E-13
HessDelSqRho_EigVals =  4.6266463920E+01  4.6278017286E+01  4.5806050013E+03
HessDelSqRho_EigVec1 = -5.2494453988E-01 -5.3613860389E-01  6.6105115345E-01
HessDelSqRho_EigVec2 = -4.9843968283E-01  8.2320286345E-01  2.7183621575E-01
HessDelSqRho_EigVec3 =  6.8992109160E-01  1.8679519006E-01  6.9936860405E-01
</CP of DelSqRho>
<CP of DelSqRho>
CP# = 54      
Type = (3,+3)
Coords = -4.44933052199218E-01 -1.20417001485624E-01 -4.51080256503336E-01
DistFromNuc =  6.4502922738E-01
Rho =  2.7947151449E+00
DelSqRho = -2.5352892852E+01
GradDelSqRho = -2.2737367544E-13 -2.8421709430E-14 -2.9842794902E-13
HessDelSqRho_EigVals =  4.6263301261E+01  4.6272178439E+01  4.5805516544E+03
HessDelSqRho_EigVec1 = -7.2373264469E-01  1.9695280243E-01  6.6137784407E-01
HessDelSqRho_EigVec2 =  1.4178068047E-02  9.6244836537E-01 -2.7109431269E-01
HessDelSqRho_EigVec3 =  6.8993480953E-01  1.8682274381E-01  6.9934771108E-01
</CP of DelSqRho>
<CP of DelSqRho>
CP# = 55      
Type = (3,-1)
Coords = -1.68484800408124E-02  4.94500085545692E-01  4.20833622164634E-01
DistFromNuc =  6.4947186301E-01
Rho =  2.7120761327E+00
DelSqRho = -2.2185836239E+01
GradDelSqRho =  1.4210854715E-14  3.0997426848E-13  1.9895196601E-13
HessDelSqRho_EigVals = -2.9652994773E+01 -2.9630771126E+01  4.2298303991E+03
HessDelSqRho_EigVec1 =  9.9813820134E-01  5.5581925448E-02 -2.5115345572E-02
HessDelSqRho_EigVec2 =  5.5132392905E-02 -6.4607033635E-01  7.6128413864E-01
HessDelSqRho_EigVec3 = -2.6087358477E-02  7.6125144995E-01  6.4793184802E-01
</CP of DelSqRho>
<CP of DelSqRho>
CP# = 56      
Type = (3,+3)
Coords = -4.66847545243206E-01  1.05304511522239E-01  4.32405722818492E-01
DistFromNuc =  6.4502932016E-01
Rho =  2.7947112513E+00
DelSqRho = -2.5352802863E+01
GradDelSqRho = -1.5845103007E-12  2.1671553441E-13  3.4727776210E-12
HessDelSqRho_EigVals =  4.6258730025E+01  4.6275258292E+01  4.5805427129E+03
HessDelSqRho_EigVec1 =  4.6151805808E-01 -6.0771553342E-01  6.4628392561E-01
HessDelSqRho_EigVec2 =  5.1279289976E-01  7.7722227272E-01  3.6464912002E-01
HessDelSqRho_EigVec3 =  7.2390919597E-01 -1.6311765453E-01 -6.7033432462E-01
</CP of DelSqRho>
<CP of DelSqRho>
CP# = 57      
Type = (3,+3)
Coords =  4.67015551368643E-01 -1.05124470284566E-01 -4.32389395434202E-01
DistFromNuc =  6.4502929756E-01
Rho =  2.7947116176E+00
DelSqRho = -2.5352829258E+01
GradDelSqRho = -3.7303493627E-13  1.1368683772E-13  3.0198066270E-13
HessDelSqRho_EigVals =  4.6264787304E+01  4.6270965691E+01  4.5805443858E+03
HessDelSqRho_EigVec1 =  1.8139257404E-01  9.8246225612E-01 -4.3181586163E-02
HessDelSqRho_EigVec2 =  6.6565818255E-01 -9.0342307739E-02  7.4076814959E-01
HessDelSqRho_EigVec3 =  7.2387562336E-01 -1.6311401759E-01 -6.7037146357E-01
</CP of DelSqRho>
<CP of DelSqRho>
CP# = 58      
Type = (3,-1)
Coords =  1.70120824824658E-02 -4.94337928162485E-01 -4.20774810086986E-01
DistFromNuc =  6.4947074910E-01
Rho =  2.7120952546E+00
DelSqRho = -2.2186464567E+01
GradDelSqRho =  3.1974423109E-14 -3.9079850467E-13 -3.1263880373E-13
HessDelSqRho_EigVals = -2.9640679217E+01 -2.9623822472E+01  4.2299163248E+03
HessDelSqRho_EigVec1 =  9.9821962846E-01  5.4595862113E-02 -2.4018018330E-02
HessDelSqRho_EigVec2 =  5.3657223819E-02 -6.4612467757E-01  7.6134342013E-01
HessDelSqRho_EigVec3 = -2.6047566037E-02  7.6127668615E-01  6.4790379797E-01
</CP of DelSqRho>
<CP of DelSqRho>
CP# = 59      
Type = (3,-1)
Coords =  5.25998172093315E-01  3.72249625527986E-01 -8.20375939931314E-02
DistFromNuc =  6.4947023905E-01
Rho =  2.7121091829E+00
DelSqRho = -2.2186611009E+01
GradDelSqRho =  9.2370555649E-14  4.4408920985E-14 -4.2632564146E-14
HessDelSqRho_EigVals = -2.9644749612E+01 -2.9633175640E+01  4.2299598063E+03
HessDelSqRho_EigVec1 = -5.8447397862E-01  8.0672822126E-01 -8.7061732871E-02
HessDelSqRho_EigVec2 =  5.2037476506E-02  1.4434271895E-01  9.8815853006E-01
HessDelSqRho_EigVec3 =  8.0974210052E-01  5.7302247469E-01 -1.2634466409E-01
</CP of DelSqRho>
<CP of DelSqRho>
CP# = 60      
Type = (3,-1)
Coords = -5.34139366431350E-01  3.54522333137116E-01 -1.03818655377727E-01
DistFromNuc =  6.4947019909E-01
Rho =  2.7121085308E+00
DelSqRho = -2.2186648792E+01
GradDelSqRho = -1.4743761767E-13  1.7763568394E-14 -2.8421709430E-14
HessDelSqRho_EigVals = -2.9650550084E+01 -2.9622648340E+01  4.2299613648E+03
HessDelSqRho_EigVec1 =  5.5225945551E-01  8.3366145124E-01  4.2518843161E-03
HessDelSqRho_EigVec2 = -1.3560768772E-01  8.4798784755E-02  9.8712700355E-01
HessDelSqRho_EigVec3 =  8.2256917571E-01 -5.4572680970E-01  1.5988183244E-01
</CP of DelSqRho>
<CP of DelSqRho>
CP# = 61      
Type = (3,-1)
Coords =  5.34349486473830E-01 -3.54332770259540E-01  1.03799159948763E-01
DistFromNuc =  6.4947134992E-01
Rho =  2.7120885373E+00
DelSqRho = -2.2186018095E+01
GradDelSqRho =  4.9737991503E-14 -6.3948846218E-14  3.6859404418E-14
HessDelSqRho_EigVals = -2.9651627226E+01 -2.9639148734E+01  4.2298720952E+03
HessDelSqRho_EigVec1 =  5.6768219976E-01  8.0428853283E-01 -1.7566125366E-01
HessDelSqRho_EigVec2 = -3.2657832994E-02  2.3520900995E-01  9.7139599937E-01
HessDelSqRho_EigVec3 =  8.2259977269E-01 -5.4570750187E-01  1.5979028875E-01
</CP of DelSqRho>
<CP of DelSqRho>
CP# = 62      
Type = (3,-1)
Coords = -5.25790599130579E-01 -3.72094456859914E-01  8.20985434234742E-02
DistFromNuc =  6.4947102411E-01
Rho =  2.7120954044E+00
DelSqRho = -2.2186185797E+01
