 AIMInt (Version 19.02.13, Professional)
 Portions Copyright (c) 1997-2019 by Todd A. Keith
 AIMInt is a component of the AIMAll package ( http://aim.tkgristmill.com )

 TP:  64-bit Linux

 Licensed To:  Research Group of Fernando Cortes Guzman, UNAM, fercor@unam.mx

 AIMInt is a heavily modified and extended version of the PROAIMV program
 developed by members of R.F.W. Bader's research group

 Much of the Quantum Theory of Atoms in Molecules (QTAIM) is described in the book:
   "Atoms in Molecules - A Quantum Theory"
   R.F.W. Bader, Oxford University Press, Oxford, 1990

 For additional references see:  http://aim.tkgristmill.com/references.html

 Current Directory:  /home/lillian/David/proyecto_spin/noab/hexaaqua/def2/pbe0/opt_scan/int

 Inp File:  mn35_pbe0_noab_atomicfiles/mn1.inp
 Wfx File:  mn35_pbe0_noab.wfx
 Out File:  mn35_pbe0_noab_atomicfiles/mn1.int

 Wfx Title:   Title Card Required                                                           
 Job Title:   Title Card Required                                                           
 
<Atom>
Mn1     
</Atom>
<Nuclei of Molecule>
    19
Mn1       25.0           3.3430366821E-04  -1.6672581659E-06   1.7785657643E-06
O2         8.0          -3.2495603685E-04   3.7122916048E+00  -6.8663309896E-02
H3         1.0          -1.7453919205E-02   4.8147880540E+00   1.4053873180E+00
H4         1.0           1.8736250686E-02   4.7583003766E+00  -1.5834658816E+00
O5         8.0           4.0812262156E+00   2.0198244021E-06   6.4139527875E-05
H6         1.0           5.1936405983E+00  -1.4607444462E+00   2.0373026189E-02
H7         1.0           5.1936317527E+00   1.4607570246E+00  -2.0188055349E-02
O8         8.0          -4.0814060953E+00  -3.4649883105E-06  -7.0031026969E-05
H9         1.0          -5.1936963592E+00  -1.4605487101E+00   3.2986948070E-02
H10        1.0          -5.1936919765E+00   1.4605426901E+00  -3.3181812182E-02
O11        8.0          -2.1374717105E-04   6.8710664116E-02   3.7014140079E+00
H12        1.0          -1.5041371720E+00   8.3219318924E-02   4.7662652305E+00
H13        1.0           1.5029273130E+00   9.5216624771E-02   4.7671269456E+00
O14        8.0          -6.0618832030E-05  -6.8706440143E-02  -3.7014123405E+00
H15        1.0           1.5031314873E+00  -9.5209186986E-02  -4.7670534686E+00
H16        1.0          -1.5039330083E+00  -8.3218309407E-02  -4.7663353727E+00
O17        8.0          -3.2168601110E-04  -3.7122911605E+00   6.8663087576E-02
H18        1.0           1.8696978403E-02  -4.7583018052E+00   1.5834656593E+00
H19        1.0          -1.7402434877E-02  -4.8147857350E+00  -1.4053894300E+00
</Nuclei of Molecule>
<Total Number of CPs of DelSqRho>
    65
</Total Number of CPs of DelSqRho>
<Number of (3,+3) CPs of DelSqRho>
    11
</Number of (3,+3) CPs of DelSqRho>
<Number of (3,+1) CPs of DelSqRho>
    20
</Number of (3,+1) CPs of DelSqRho>
<Number of (3,-1) CPs of DelSqRho>
    24
</Number of (3,-1) CPs of DelSqRho>
<Number of (3,-3) CPs of DelSqRho>
    10
</Number of (3,-3) CPs of DelSqRho>
<Number of Degenerate CPs of DelSqRho>
     0
</Number of Degenerate CPs of DelSqRho>
<CP of DelSqRho>
CP# = 1       
Type = (3,+3)
Coords =  3.34303667183721E-04 -1.66725815509906E-06  1.77856575977861E-06
DistFromNuc =  1.0221467414E-12
Rho =  1.0270546048E+04
DelSqRho = -1.5367315597E+09
GradDelSqRho = -4.3213367462E-07  2.3841857910E-07 -7.4505805969E-08
HessDelSqRho_EigVals =  1.0735746515E+15  1.0735746516E+15  1.0735746648E+15
HessDelSqRho_EigVec1 = -1.1359554129E-06  9.9998684777E-01  5.1287695490E-03
HessDelSqRho_EigVec2 = -2.2225702691E-05 -5.1287695730E-03  9.9998684753E-01
HessDelSqRho_EigVec3 =  9.9999999975E-01  1.0219499651E-06  2.2231236427E-05
</CP of DelSqRho>
<CP of DelSqRho>
CP# = 2       
Type = (3,+1)
Coords =  1.64295777992886E-01 -1.10245061513683E-06  2.53164818633177E-06
DistFromNuc =  1.6396147433E-01
Rho =  9.2852439415E+01
DelSqRho = -5.4457682350E+03
GradDelSqRho =  3.6379788071E-11  3.0922819860E-11  1.8189894035E-12
HessDelSqRho_EigVals = -4.3374534907E+02  2.2436242484E+02  8.9086025620E+06
HessDelSqRho_EigVec1 = -3.3363515437E-06  9.9970999893E-01 -2.4081487146E-02
HessDelSqRho_EigVec2 = -4.6527287436E-06  2.4081487130E-02  9.9970999893E-01
HessDelSqRho_EigVec3 =  9.9999999998E-01  3.4474286257E-06  4.5710351405E-06
</CP of DelSqRho>
<CP of DelSqRho>
CP# = 3       
Type = (3,+1)
Coords = -1.63627164991513E-01 -2.15021953348631E-06  6.13470702831202E-06
DistFromNuc =  1.6396146872E-01
Rho =  9.2852459792E+01
DelSqRho = -5.4457877651E+03
GradDelSqRho =  2.1827872843E-11 -1.0913936421E-11  7.2759576142E-12
HessDelSqRho_EigVals = -4.2472162433E+02  2.2843981331E+02  8.9086090885E+06
HessDelSqRho_EigVec1 = -3.3497168603E-06  9.9988657060E-01 -1.5061404738E-02
HessDelSqRho_EigVec2 =  2.6588276742E-05  1.5061404822E-02  9.9988657026E-01
HessDelSqRho_EigVec3 =  9.9999999964E-01  2.9488801055E-06 -2.6635712292E-05
</CP of DelSqRho>
<CP of DelSqRho>
CP# = 4       
Type = (3,-1)
Coords =  3.14846614999507E-04  1.63792898550078E-01 -3.03627964895620E-03
DistFromNuc =  1.6382273946E-01
Rho =  9.2700519279E+01
DelSqRho = -5.3512764656E+03
GradDelSqRho =  1.4551915228E-11 -1.0732037481E-10  7.2759576142E-12
HessDelSqRho_EigVals = -4.7701937712E+04 -1.4512172454E+04  8.9444956743E+06
HessDelSqRho_EigVec1 = -1.1000075741E-04  1.8544577487E-02  9.9982802849E-01
HessDelSqRho_EigVec2 =  9.9999998698E-01  1.2012237032E-04  1.0779167447E-04
HessDelSqRho_EigVec3 = -1.1810276163E-04  9.9982802732E-01 -1.8544590459E-02
</CP of DelSqRho>
<CP of DelSqRho>
CP# = 5       
Type = (3,-1)
Coords =  3.15053746141541E-04 -1.63796231740715E-01  3.03986180656002E-03
DistFromNuc =  1.6382273858E-01
Rho =  9.2700521247E+01
DelSqRho = -5.3512769805E+03
GradDelSqRho =  1.2732925825E-11 -4.3655745685E-11  1.4551915228E-11
HessDelSqRho_EigVals = -4.7701853304E+04 -1.4512115259E+04  8.9444961790E+06
HessDelSqRho_EigVec1 =  6.9039626534E-05  1.8544733907E-02  9.9982802925E-01
HessDelSqRho_EigVec2 =  9.9999999079E-01 -1.1809858481E-04 -6.6861017207E-05
HessDelSqRho_EigVec3 =  1.1683835554E-04  9.9982802466E-01 -1.8544741889E-02
</CP of DelSqRho>
<CP of DelSqRho>
CP# = 6       
Type = (3,-1)
Coords =  3.25134362571707E-04  3.03419452515491E-03  1.63796866169646E-01
DistFromNuc =  1.6382321955E-01
Rho =  9.2699028295E+01
DelSqRho = -5.3522132447E+03
GradDelSqRho = -1.4551915228E-11  1.0913936421E-11  7.2759576142E-11
HessDelSqRho_EigVals = -4.7562102609E+04 -1.3715976722E+04  8.9444167881E+06
HessDelSqRho_EigVec1 = -8.8367029537E-05  9.9982827250E-01 -1.8531532714E-02
HessDelSqRho_EigVec2 =  9.9999999454E-01  8.9384715541E-05  5.4088168939E-05
HessDelSqRho_EigVec3 = -5.5735316293E-05  1.8531527833E-02  9.9982827494E-01
</CP of DelSqRho>
<CP of DelSqRho>
CP# = 7       
Type = (3,-1)
Coords =  3.32039868828460E-04 -3.03757599706263E-03 -1.63793308695128E-01
DistFromNuc =  1.6382321984E-01
Rho =  9.2699027595E+01
DelSqRho = -5.3522130732E+03
GradDelSqRho =  1.1823431123E-11 -1.8189894035E-11 -7.2759576142E-11
HessDelSqRho_EigVals = -4.7562136675E+04 -1.3715981449E+04  8.9444166234E+06
HessDelSqRho_EigVec1 =  8.7213955120E-05  9.9982826739E-01 -1.8531813534E-02
HessDelSqRho_EigVec2 =  9.9999999610E-01 -8.7450688512E-05 -1.1964052869E-05
HessDelSqRho_EigVec3 =  1.3582618104E-05  1.8531812418E-02  9.9982827113E-01
</CP of DelSqRho>
<CP of DelSqRho>
CP# = 8       
Type = (3,+3)
Coords =  3.25334585619819E-04  1.17912614281077E-01  1.13789877933319E-01
DistFromNuc =  1.6386430188E-01
Rho =  9.2921712582E+01
DelSqRho = -5.5115504711E+03
GradDelSqRho =  2.5465851650E-11  0.0000000000E+00 -5.0931703299E-11
HessDelSqRho_EigVals =  9.6965333657E+03  4.7613088904E+04  8.9443036087E+06
HessDelSqRho_EigVec1 =  9.9999999835E-01  5.1515741777E-05  2.5409961237E-05
HessDelSqRho_EigVec2 =  1.7488055309E-05 -6.9440339672E-01  7.1958593810E-01
HessDelSqRho_EigVec3 = -5.4714766768E-05  7.1958593647E-01  6.9440339648E-01
</CP of DelSqRho>
<CP of DelSqRho>
CP# = 9       
Type = (3,+3)
Coords =  3.75634766310066E-04 -1.13616858446327E-01  1.18082708408610E-01
DistFromNuc =  1.6386433221E-01
Rho =  9.2921660780E+01
DelSqRho = -5.5115419872E+03
GradDelSqRho = -3.8653524825E-12  1.4551915228E-11 -1.1641532183E-10
HessDelSqRho_EigVals =  9.6938856381E+03  4.7611755609E+04  8.9442928785E+06
HessDelSqRho_EigVec1 =  9.9999996786E-01  1.5916327027E-04 -1.9736787304E-04
HessDelSqRho_EigVec2 =  2.2151874759E-05  7.2060079567E-01  6.9335019492E-01
HessDelSqRho_EigVec3 =  2.5257933081E-04 -6.9335017700E-01  7.2060076898E-01
</CP of DelSqRho>
<CP of DelSqRho>
CP# = 10      
Type = (3,+3)
Coords =  3.80162757502888E-04  1.13613485386701E-01 -1.18079187057225E-01
DistFromNuc =  1.6386433247E-01
Rho =  9.2921660079E+01
DelSqRho = -5.5115419455E+03
GradDelSqRho =  1.4551915228E-11 -4.3655745685E-11 -3.6379788071E-11
HessDelSqRho_EigVals =  9.6938915588E+03  4.7611819877E+04  8.9442927429E+06
HessDelSqRho_EigVec1 =  9.9999995937E-01 -1.5652419717E-04  2.3825660651E-04
HessDelSqRho_EigVec2 = -5.2403711841E-05  7.2060102687E-01  6.9334995300E-01
HessDelSqRho_EigVec3 = -2.8021400006E-04 -6.9334993731E-01  7.2060098939E-01
</CP of DelSqRho>
<CP of DelSqRho>
CP# = 11      
Type = (3,+3)
Coords =  3.30110155737821E-04 -1.17916031252464E-01 -1.13786235352899E-01
DistFromNuc =  1.6386430168E-01
Rho =  9.2921712998E+01
DelSqRho = -5.5115505338E+03
GradDelSqRho = -1.8189894035E-11 -6.1845639721E-11 -8.0035533756E-11
HessDelSqRho_EigVals =  9.6965498965E+03  4.7613064760E+04  8.9443037117E+06
HessDelSqRho_EigVec1 =  9.9999999861E-01 -5.0352187120E-05  1.5357045580E-05
HessDelSqRho_EigVec2 = -4.6015425051E-05 -6.9440286728E-01  7.1958644776E-01
HessDelSqRho_EigVec3 =  2.5568774983E-05  7.1958644747E-01  6.9440286863E-01
</CP of DelSqRho>
<CP of DelSqRho>
CP# = 12      
Type = (3,-3)
Coords =  3.28838653244193E-04  5.41029502205033E-03  2.91918105904787E-01
DistFromNuc =  2.9196649043E-01
Rho =  2.1778619744E+01
DelSqRho =  1.7048398149E+03
GradDelSqRho = -1.0231815395E-12 -1.2505552149E-12  5.6843418861E-13
HessDelSqRho_EigVals = -5.3836412983E+05 -1.2722652556E+04 -4.1752907803E+03
HessDelSqRho_EigVec1 = -1.8865241235E-05  1.8536453037E-02  9.9982818502E-01
HessDelSqRho_EigVec2 = -9.3604264396E-06  9.9982818515E-01 -1.8536453217E-02
HessDelSqRho_EigVec3 =  9.9999999978E-01  9.7085128397E-06  1.8688490802E-05
</CP of DelSqRho>
<CP of DelSqRho>
CP# = 13      
Type = (3,-3)
Coords =  3.41091388764864E-04 -5.41364845346748E-03 -2.91914547601591E-01
DistFromNuc =  2.9196648963E-01
Rho =  2.1778619915E+01
DelSqRho =  1.7048398192E+03
GradDelSqRho = -7.1054273576E-14  6.8212102633E-13  1.2164491636E-11
HessDelSqRho_EigVals = -5.3836413531E+05 -1.2722653452E+04 -4.1752910218E+03
HessDelSqRho_EigVec1 = -2.3107558643E-05  1.8536528790E-02  9.9982818352E-01
HessDelSqRho_EigVec2 =  8.2162326725E-06  9.9982818376E-01 -1.8536528604E-02
HessDelSqRho_EigVec3 =  9.9999999970E-01 -7.7864870666E-06  2.3255888822E-05
</CP of DelSqRho>
<CP of DelSqRho>
CP# = 14      
Type = (3,-3)
Coords =  3.32831884454923E-04  2.91907894193878E-01 -5.41112874023504E-03
DistFromNuc =  2.9195974317E-01
Rho =  2.1781701254E+01
DelSqRho =  1.7055698950E+03
GradDelSqRho =  3.9790393203E-13  1.3642420527E-11 -2.5011104299E-12
HessDelSqRho_EigVals = -5.3847585820E+05 -1.2757645276E+04 -4.3871194795E+03
HessDelSqRho_EigVec1 = -5.8882423177E-06  9.9982812486E-01 -1.8539706002E-02
HessDelSqRho_EigVec2 = -2.9481284684E-05  1.8539705821E-02  9.9982812445E-01
HessDelSqRho_EigVec3 =  9.9999999955E-01  6.4338046234E-06  2.9367051304E-05
</CP of DelSqRho>
<CP of DelSqRho>
CP# = 15      
Type = (3,-3)
Coords =  3.33202089278874E-04 -2.91911230839197E-01  5.41469375853087E-03
DistFromNuc =  2.9195974545E-01
Rho =  2.1781700736E+01
DelSqRho =  1.7055698884E+03
GradDelSqRho =  2.4442670110E-12  2.2282620193E-11 -1.7053025658E-12
HessDelSqRho_EigVals = -5.3847584377E+05 -1.2757643122E+04 -4.3871182957E+03
HessDelSqRho_EigVec1 =  4.6200739482E-06  9.9982812428E-01 -1.8539738032E-02
HessDelSqRho_EigVec2 = -1.1500792611E-05  1.8539738084E-02  9.9982812422E-01
HessDelSqRho_EigVec3 =  9.9999999992E-01 -4.4060581872E-06  1.1584470865E-05
</CP of DelSqRho>
<CP of DelSqRho>
CP# = 16      
Type = (3,+1)
Coords =  2.92737947637964E-01 -1.46123282225245E-06  6.72672080858759E-06
DistFromNuc =  2.9240364401E-01
Rho =  2.2284215425E+01
DelSqRho =  1.6040134981E+03
GradDelSqRho =  1.3642420527E-12  2.0214940832E-12  5.6843418861E-14
HessDelSqRho_EigVals = -5.2856753158E+05  3.7892425776E+02  5.5553201727E+02
HessDelSqRho_EigVec1 =  9.9999999986E-01  7.0282564591E-07  1.6916563316E-05
HessDelSqRho_EigVec2 = -3.5875200536E-07  9.9979330660E-01 -2.0330865363E-02
HessDelSqRho_EigVec3 = -1.6927355827E-05  2.0330865354E-02  9.9979330645E-01
</CP of DelSqRho>
<CP of DelSqRho>
CP# = 17      
Type = (3,+1)
Coords = -2.92069558081310E-01 -1.55355154195509E-06 -3.18484348445955E-06
DistFromNuc =  2.9240386179E-01
Rho =  2.2284159062E+01
DelSqRho =  1.6040095138E+03
GradDelSqRho = -1.9554136088E-11 -1.9326762413E-12  4.5474735089E-13
HessDelSqRho_EigVals = -5.2856477170E+05  3.7913722508E+02  5.5563709458E+02
HessDelSqRho_EigVec1 =  9.9999999986E-01 -3.8784733756E-07  1.6971981594E-05
HessDelSqRho_EigVec2 =  7.1905304153E-07  9.9980948216E-01 -1.9519205455E-02
HessDelSqRho_EigVec3 = -1.6961177657E-05  1.9519205464E-02  9.9980948202E-01
</CP of DelSqRho>
<CP of DelSqRho>
CP# = 18      
Type = (3,+1)
Coords =  3.25591320234510E-04  2.10492832161906E-01  2.03105506647606E-01
DistFromNuc =  2.9250480120E-01
Rho =  2.2187076055E+01
DelSqRho =  1.5695310897E+03
GradDelSqRho =  8.0291329141E-13  1.0118128557E-11  3.0411229091E-12
HessDelSqRho_EigVals = -5.2713781743E+05  2.0791044551E+03  1.2678431241E+04
HessDelSqRho_EigVec1 = -2.9459760217E-05  7.1963661847E-01  6.9435087419E-01
HessDelSqRho_EigVec2 =  9.9999999950E-01  1.2952665695E-05  2.9003416586E-05
HessDelSqRho_EigVec3 = -1.1878225888E-05 -6.9435087469E-01  7.1963661849E-01
</CP of DelSqRho>
<CP of DelSqRho>
CP# = 19      
Type = (3,+1)
Coords =  3.34079921702608E-04 -2.10496175111267E-01 -2.03101940798341E-01
DistFromNuc =  2.9250480108E-01
Rho =  2.2187076093E+01
DelSqRho =  1.5695311037E+03
GradDelSqRho =  1.3358203432E-12  5.9117155615E-12  1.8982149186E-11
HessDelSqRho_EigVals = -5.2713782258E+05  2.0791045041E+03  1.2678430358E+04
HessDelSqRho_EigVec1 =  4.3463920026E-07  7.1963663625E-01  6.9435085639E-01
HessDelSqRho_EigVec2 =  9.9999999986E-01 -1.1848506417E-05  1.1654021922E-05
HessDelSqRho_EigVec3 = -1.6613681712E-05 -6.9435085629E-01  7.1963663615E-01
</CP of DelSqRho>
<CP of DelSqRho>
CP# = 20      
Type = (3,+3)
Coords =  3.31202760567148E-04  4.55728619930177E-01  4.39625310964588E-01
DistFromNuc =  6.3321319073E-01
Rho =  2.9627801734E+00
DelSqRho = -3.5377916158E+01
GradDelSqRho = -3.5527136788E-15 -1.5631940187E-13 -1.8118839762E-13
HessDelSqRho_EigVals =  9.7569415109E+01  5.3906104244E+02  5.6395439316E+03
HessDelSqRho_EigVec1 =  9.9999999976E-01 -1.2080625990E-05  1.8544190507E-05
HessDelSqRho_EigVec2 = -2.1733867675E-05 -6.9424829972E-01  7.1973557496E-01
HessDelSqRho_EigVec3 = -4.1794164368E-06  7.1973557518E-01  6.9424829981E-01
</CP of DelSqRho>
<CP of DelSqRho>
CP# = 21      
Type = (3,+3)
Coords =  2.93521848584250E-04 -4.39123797085696E-01  4.56217410400498E-01
DistFromNuc =  6.3321477344E-01
Rho =  2.9627427015E+00
DelSqRho = -3.5376706323E+01
GradDelSqRho = -3.5527136788E-15 -1.4210854715E-14  7.1054273576E-15
HessDelSqRho_EigVals =  9.7539785339E+01  5.3904212964E+02  5.6393827887E+03
HessDelSqRho_EigVec1 =  9.9999999751E-01 -2.8331164282E-05  6.4697458089E-05
HessDelSqRho_EigVec2 = -2.4456855739E-05  7.2045093695E-01  6.9350590974E-01
HessDelSqRho_EigVec3 = -6.6259174158E-05 -6.9350590959E-01  7.2045093446E-01
</CP of DelSqRho>
<CP of DelSqRho>
CP# = 22      
Type = (3,+3)
Coords =  3.11349750527014E-04  4.39120504383990E-01 -4.56213825452765E-01
DistFromNuc =  6.3321478150E-01
Rho =  2.9627425689E+00
DelSqRho = -3.5376698230E+01
GradDelSqRho = -3.3306690739E-15  5.6843418861E-14 -2.1316282073E-14
HessDelSqRho_EigVals =  9.7539733969E+01  5.3904183812E+02  5.6393818939E+03
HessDelSqRho_EigVec1 =  9.9999999926E-01  3.0500239148E-05 -2.3528730721E-05
HessDelSqRho_EigVec2 = -5.6566091336E-06  7.2045088365E-01  6.9350596552E-01
HessDelSqRho_EigVec3 =  3.8103392638E-05 -6.9350596487E-01  7.2045088329E-01
</CP of DelSqRho>
<CP of DelSqRho>
CP# = 23      
Type = (3,+3)
Coords =  3.49973243584714E-04 -4.55731877925778E-01 -4.39621829850704E-01
DistFromNuc =  6.3321318862E-01
Rho =  2.9627802055E+00
DelSqRho = -3.5377918133E+01
GradDelSqRho =  1.7763568394E-14 -8.7041485131E-14 -7.3718808835E-14
HessDelSqRho_EigVals =  9.7569376706E+01  5.3906113627E+02  5.6395441829E+03
HessDelSqRho_EigVec1 =  9.9999999965E-01  1.3701816559E-05  2.2475404462E-05
HessDelSqRho_EigVec2 = -6.6638810369E-06 -6.9424842056E-01  7.1973545870E-01
HessDelSqRho_EigVec3 = -2.5465197275E-05  7.1973545860E-01  6.9424842023E-01
</CP of DelSqRho>
<CP of DelSqRho>
CP# = 24      
Type = (3,+1)
Coords =  3.36104962254520E-04 -2.02822508790899E-01  2.10768937737692E-01
DistFromNuc =  2.9250485321E-01
Rho =  2.2187039718E+01
DelSqRho =  1.5695331034E+03
GradDelSqRho =  0.0000000000E+00 -8.1854523160E-12  3.8653524825E-12
HessDelSqRho_EigVals = -5.2713694226E+05  2.0785208440E+03  1.2678331092E+04
HessDelSqRho_EigVec1 =  4.8418885654E-06 -6.9340254204E-01  7.2055042479E-01
HessDelSqRho_EigVec2 =  9.9999999991E-01  1.2094684268E-05  4.9192896562E-06
HessDelSqRho_EigVec3 = -1.2125877839E-05  7.2055042471E-01  6.9340254204E-01
</CP of DelSqRho>
<CP of DelSqRho>
CP# = 25      
Type = (3,+1)
Coords =  3.44174182017983E-04  2.02819171710648E-01 -2.10765383821458E-01
DistFromNuc =  2.9250485391E-01
Rho =  2.2187039508E+01
DelSqRho =  1.5695330724E+03
GradDelSqRho = -6.2527760747E-13  6.8212102633E-12  2.5579538487E-13
HessDelSqRho_EigVals = -5.2713692783E+05  2.0785212959E+03  1.2678333147E+04
HessDelSqRho_EigVec1 = -3.2432930628E-05 -6.9340253682E-01  7.2055042911E-01
HessDelSqRho_EigVec2 =  9.9999999931E-01 -9.4497102303E-06  3.5917649222E-05
HessDelSqRho_EigVec3 = -1.8096396326E-05  7.2055042977E-01  6.9340253664E-01
</CP of DelSqRho>
<CP of DelSqRho>
CP# = 26      
Type = (3,-1)
Coords =  2.64497896935619E-01 -8.96559271001377E-02  8.75849876630855E-02
DistFromNuc =  2.9238862637E-01
Rho =  2.2242361703E+01
DelSqRho =  1.6058263173E+03
GradDelSqRho = -1.0004441720E-11  9.0949470177E-13  3.1832314562E-12
HessDelSqRho_EigVals = -5.2900265404E+05 -7.6186314916E+02  2.3322842141E+03
HessDelSqRho_EigVec1 =  9.0342076543E-01 -3.0670101190E-01  2.9960876137E-01
HessDelSqRho_EigVec2 =  4.2818576948E-01  6.0938641306E-01 -6.6731188090E-01
HessDelSqRho_EigVec3 =  2.2087720710E-02  7.3115161825E-01  6.8185734851E-01
</CP of DelSqRho>
<CP of DelSqRho>
CP# = 27      
Type = (3,-1)
Coords = -2.63816361181259E-01 -8.96776017254759E-02  8.76018608721837E-02
DistFromNuc =  2.9238864784E-01
Rho =  2.2242332901E+01
DelSqRho =  1.6058245117E+03
GradDelSqRho =  1.3642420527E-12 -4.0927261580E-12 -5.6843418861E-13
HessDelSqRho_EigVals = -5.2900196173E+05 -7.6226493660E+02  2.3333140361E+03
HessDelSqRho_EigVec1 =  9.0337543895E-01  3.0677699606E-01 -2.9966763422E-01
HessDelSqRho_EigVec2 = -4.2828083095E-01  6.0936102404E-01 -6.6727406081E-01
HessDelSqRho_EigVec3 = -2.2098555460E-02  7.3114090097E-01  6.8186848936E-01
</CP of DelSqRho>
<CP of DelSqRho>
CP# = 28      
Type = (3,-1)
Coords =  2.64501385175491E-01  8.96528690552580E-02 -8.75706252144049E-02
DistFromNuc =  2.9238862621E-01
Rho =  2.2242362175E+01
DelSqRho =  1.6058262502E+03
GradDelSqRho =  6.5938365879E-12 -9.0949470177E-13  1.4779288904E-12
HessDelSqRho_EigVals = -5.2900265135E+05 -7.6185278349E+02  2.3322853570E+03
HessDelSqRho_EigVec1 =  9.0343269784E-01  3.0670195423E-01 -2.9957181400E-01
HessDelSqRho_EigVec2 = -4.2815918467E-01  6.0938831121E-01 -6.6732720516E-01
HessDelSqRho_EigVec3 = -2.2114996112E-02  7.3114964093E-01  6.8185858469E-01
</CP of DelSqRho>
<CP of DelSqRho>
CP# = 29      
Type = (3,-1)
Coords = -2.63812969157800E-01  8.96738858000020E-02 -8.76089230022772E-02
DistFromNuc =  2.9238864818E-01
Rho =  2.2242332486E+01
DelSqRho =  1.6058245551E+03
GradDelSqRho =  8.1854523160E-12  6.8212102633E-12 -4.2632564146E-12
HessDelSqRho_EigVals = -5.2900195518E+05 -7.6227235447E+02  2.3333082202E+03
HessDelSqRho_EigVec1 =  9.0336383581E-01 -3.0677569062E-01  2.9970394692E-01
HessDelSqRho_EigVec2 =  4.2830668839E-01  6.0935885969E-01 -6.6725944039E-01
HessDelSqRho_EigVec3 =  2.2071720307E-02  7.3114325256E-01  6.8186683700E-01
</CP of DelSqRho>
<CP of DelSqRho>
CP# = 30      
Type = (3,-1)
Coords =  2.64471661448452E-01  9.28769030613878E-02  8.42399510521001E-02
DistFromNuc =  2.9238851261E-01
Rho =  2.2242345660E+01
DelSqRho =  1.6058304077E+03
GradDelSqRho =  3.6379788071E-12 -5.4569682106E-12 -8.8675733423E-12
HessDelSqRho_EigVals = -5.2900415588E+05 -7.6275762507E+02  2.3332871139E+03
HessDelSqRho_EigVec1 =  9.0333084856E-01  3.1773171870E-01  2.8816650216E-01
HessDelSqRho_EigVec2 = -4.2837520716E-01  6.3363536468E-01  6.4420563993E-01
HessDelSqRho_EigVec3 =  2.2092078486E-02 -7.0537421243E-01  7.0849076248E-01
</CP of DelSqRho>
<CP of DelSqRho>
CP# = 31      
Type = (3,-1)
Coords = -2.63805305113780E-01  9.28765648116192E-02  8.42339354817280E-02
DistFromNuc =  2.9238870563E-01
Rho =  2.2242295949E+01
DelSqRho =  1.6058265387E+03
GradDelSqRho =  1.1368683772E-12 -6.1390892370E-12  6.2527760747E-13
HessDelSqRho_EigVals = -5.2900170429E+05 -7.6276094393E+02  2.3336734246E+03
HessDelSqRho_EigVec1 =  9.0333780161E-01 -3.1773100277E-01 -2.8814549460E-01
HessDelSqRho_EigVec2 =  4.2836010555E-01  6.3364789637E-01  6.4420335562E-01
HessDelSqRho_EigVec3 = -2.2100591666E-02 -7.0536327754E-01  7.0850138359E-01
</CP of DelSqRho>
<CP of DelSqRho>
CP# = 32      
Type = (3,-1)
Coords =  2.64475277559363E-01 -9.28796321553153E-02 -8.42257195667547E-02
DistFromNuc =  2.9238851190E-01
Rho =  2.2242346274E+01
DelSqRho =  1.6058303428E+03
GradDelSqRho = -7.7307049651E-12  4.3200998334E-12  8.4128259914E-12
HessDelSqRho_EigVals = -5.2900416350E+05 -7.6274752324E+02  2.3332942041E+03
HessDelSqRho_EigVec1 =  9.0334321895E-01 -3.1772964690E-01 -2.8813000582E-01
HessDelSqRho_EigVec2 =  4.2834779314E-01  6.3363847006E-01  6.4422081414E-01
HessDelSqRho_EigVec3 = -2.2117795736E-02 -7.0537235610E-01  7.0849180826E-01
</CP of DelSqRho>
<CP of DelSqRho>
CP# = 33      
Type = (3,-1)
Coords = -2.63801629315301E-01 -9.28805651479746E-02 -8.42411691419456E-02
DistFromNuc =  2.9238870533E-01
Rho =  2.2242295533E+01
DelSqRho =  1.6058266229E+03
GradDelSqRho =  1.8189894035E-12 -5.4569682106E-12 -6.8212102633E-13
HessDelSqRho_EigVals = -5.2900171029E+05 -7.6277347836E+02  2.3336691869E+03
HessDelSqRho_EigVec1 =  9.0332522868E-01  3.1773327988E-01  2.8818239726E-01
HessDelSqRho_EigVec2 = -4.2838796840E-01  6.3364518994E-01  6.4418748963E-01
HessDelSqRho_EigVec3 =  2.2074414091E-02 -7.0536468307E-01  7.0850080036E-01
</CP of DelSqRho>
<CP of DelSqRho>
CP# = 35      
Type = (3,-1)
Coords =  3.47916033949694E-04  6.66960012704355E-01 -1.23674459240390E-02
DistFromNuc =  6.6707636777E-01
Rho =  2.3270645347E+00
DelSqRho = -1.0572684841E+01
GradDelSqRho = -2.8421709430E-14 -1.0658141036E-13  1.7763568394E-15
HessDelSqRho_EigVals = -3.9970925437E+02 -1.3058740567E+02  3.0281927371E+03
HessDelSqRho_EigVec1 = -5.8481093947E-06  1.8541075327E-02  9.9982809947E-01
HessDelSqRho_EigVec2 =  9.9999999980E-01 -1.8906494384E-05  6.1997218656E-06
HessDelSqRho_EigVec3 =  1.9018193858E-05  9.9982809931E-01 -1.8541075213E-02
</CP of DelSqRho>
<CP of DelSqRho>
CP# = 36      
Type = (3,-1)
Coords =  3.48750936763148E-04 -6.66963371949439E-01  1.23709663778949E-02
DistFromNuc =  6.6707639183E-01
Rho =  2.3270640308E+00
DelSqRho = -1.0572672268E+01
GradDelSqRho =  0.0000000000E+00 -1.9184653866E-13 -7.1054273576E-15
HessDelSqRho_EigVals = -3.9970935651E+02 -1.3058748947E+02  3.0281912991E+03
HessDelSqRho_EigVec1 = -3.5328124069E-05  1.8541022030E-02  9.9982809985E-01
HessDelSqRho_EigVec2 =  9.9999999917E-01  2.0920040071E-05  3.4946252382E-05
HessDelSqRho_EigVec3 = -2.0268504678E-05  9.9982810026E-01 -1.8541022754E-02
</CP of DelSqRho>
<CP of DelSqRho>
CP# = 37      
Type = (3,-1)
Coords =  3.21822512658856E-04  1.23575165123297E-02  6.66809013736602E-01
DistFromNuc =  6.6692176337E-01
Rho =  2.3271335462E+00
DelSqRho = -1.0670261626E+01
GradDelSqRho = -1.0658141036E-14  5.3290705182E-15 -1.0125233985E-13
HessDelSqRho_EigVals = -3.9946783034E+02 -1.2432975129E+02  3.0365152644E+03
HessDelSqRho_EigVec1 =  1.2210551828E-05  9.9982826564E-01 -1.8532109230E-02
HessDelSqRho_EigVec2 =  9.9999999975E-01 -1.1857637328E-05  1.9153289902E-05
HessDelSqRho_EigVec3 = -1.8930253594E-05  1.8532109459E-02  9.9982826553E-01
</CP of DelSqRho>
<CP of DelSqRho>
CP# = 38      
Type = (3,-1)
Coords =  3.49547575958864E-04 -1.23607582028056E-02 -6.66805450082247E-01
DistFromNuc =  6.6692175518E-01
Rho =  2.3271337427E+00
DelSqRho = -1.0670266365E+01
GradDelSqRho = -1.5987211555E-14  7.1054273576E-15  1.7053025658E-13
HessDelSqRho_EigVals = -3.9946776733E+02 -1.2432975093E+02  3.0365157673E+03
HessDelSqRho_EigVec1 = -1.3358110566E-05  9.9982826819E-01 -1.8531971112E-02
HessDelSqRho_EigVec2 =  9.9999999965E-01  1.3775519144E-05  2.2396046537E-05
HessDelSqRho_EigVec3 = -2.2647487946E-05  1.8531970806E-02  9.9982826803E-01
</CP of DelSqRho>
<CP of DelSqRho>
CP# = 39      
Type = (3,+1)
Coords =  6.31379954055860E-01 -1.00371861195288E-01  7.20343264987925E-02
DistFromNuc =  6.4302525352E-01
Rho =  2.8827727259E+00
DelSqRho = -2.6231847101E+01
GradDelSqRho =  3.3963942769E-12 -4.6895820560E-13  3.2940317141E-13
HessDelSqRho_EigVals = -5.9377314586E+00  1.7742190503E+01  4.7759983426E+03
HessDelSqRho_EigVec1 = -1.8431902161E-01 -6.0861097045E-01  7.7176368464E-01
HessDelSqRho_EigVec2 =  5.2155795620E-02  7.7805437991E-01  6.2602807835E-01
HessDelSqRho_EigVec3 =  9.8148167138E-01 -1.5564083190E-01  1.1166763268E-01
</CP of DelSqRho>
<CP of DelSqRho>
CP# = 40      
Type = (3,+1)
Coords = -6.30817498020362E-01 -1.00080723266775E-01  7.15230169934914E-02
DistFromNuc =  6.4302698370E-01
Rho =  2.8827832580E+00
DelSqRho = -2.6230775102E+01
GradDelSqRho = -9.9475983006E-14  0.0000000000E+00 -1.5987211555E-14
HessDelSqRho_EigVals = -5.8723942517E+00  1.7604770119E+01  4.7758577373E+03
HessDelSqRho_EigVec1 =  1.8338538103E-01 -6.0822684445E-01  7.7228874634E-01
HessDelSqRho_EigVec2 = -5.2413976372E-02  7.7844468203E-01  6.2552110444E-01
HessDelSqRho_EigVec3 =  9.8164279507E-01  1.5519015019E-01 -1.1087578717E-01
</CP of DelSqRho>
<CP of DelSqRho>
CP# = 41      
Type = (3,+1)
Coords =  6.31385016606365E-01  1.00358927356727E-01 -7.19996455766321E-02
DistFromNuc =  6.4302523771E-01
Rho =  2.8827739742E+00
DelSqRho = -2.6231852475E+01
GradDelSqRho = -4.6185277824E-14  1.7319479184E-14 -8.8817841970E-15
HessDelSqRho_EigVals = -5.9357581552E+00  1.7739371029E+01  4.7759999122E+03
HessDelSqRho_EigVec1 =  1.8427440304E-01 -6.0865300760E-01  7.7174118766E-01
HessDelSqRho_EigVec2 = -5.2165532438E-02  7.7802447473E-01  6.2606443275E-01
HessDelSqRho_EigVec3 =  9.8148953209E-01  1.5562593957E-01 -1.1161928742E-01
</CP of DelSqRho>
<CP of DelSqRho>
CP# = 42      
Type = (3,+1)
Coords = -6.30812136353802E-01  1.00087251993725E-01 -7.15531330704267E-02
DistFromNuc =  6.4302700246E-01
Rho =  2.8827818344E+00
DelSqRho = -2.6230767354E+01
GradDelSqRho = -3.3395508581E-13  9.2370555649E-14 -2.6645352591E-14
HessDelSqRho_EigVals = -5.8746724229E+00  1.7607941436E+01  4.7758558478E+03
HessDelSqRho_EigVec1 = -1.8343422560E-01 -6.0819736650E-01  7.7230036143E-01
HessDelSqRho_EigVec2 =  5.2399041704E-02  7.7846466385E-01  6.2549748806E-01
HessDelSqRho_EigVec3 =  9.8163446624E-01 -1.5520544619E-01  1.1092810360E-01
</CP of DelSqRho>
<CP of DelSqRho>
CP# = 43      
Type = (3,+3)
Coords =  6.43291862851800E-01 -5.08004616579662E-03  1.01128449375099E-04
DistFromNuc =  6.4297762225E-01
Rho =  2.8884715737E+00
DelSqRho = -2.6240135036E+01
GradDelSqRho =  3.0730973322E-13 -1.0658141036E-14  2.3980817332E-14
HessDelSqRho_EigVals =  2.3094057426E-02  6.7358216774E+00  4.7812609172E+03
HessDelSqRho_EigVec1 =  7.8745810590E-03  9.9979329550E-01 -1.8744526007E-02
HessDelSqRho_EigVec2 = -6.4370289860E-06  1.8745157880E-02  9.9982429407E-01
HessDelSqRho_EigVec3 =  9.9996899499E-01 -7.8730767894E-03  1.5404596361E-04
</CP of DelSqRho>
<CP of DelSqRho>
CP# = 44      
Type = (3,+1)
Coords =  6.31371621268876E-01  1.02999407849188E-01  6.82962463966087E-02
DistFromNuc =  6.4302523435E-01
Rho =  2.8827691775E+00
DelSqRho = -2.6231826831E+01
GradDelSqRho =  3.0908609006E-13  8.1046280798E-15  1.5543122345E-14
HessDelSqRho_EigVals = -5.9444382518E+00  1.7749741729E+01  4.7759992672E+03
HessDelSqRho_EigVec1 = -1.8438784647E-01  6.3679049839E-01  7.4866480032E-01
HessDelSqRho_EigVec2 = -5.2158403041E-02  7.5431252335E-01 -6.5444030905E-01
HessDelSqRho_EigVec3 =  9.8146860524E-01  1.5971999963E-01  1.0587208628E-01
</CP of DelSqRho>
<CP of DelSqRho>
CP# = 45      
Type = (3,+1)
Coords = -6.30723428149599E-01  1.02996694673737E-01  6.81332077301265E-02
DistFromNuc =  6.4302753836E-01
Rho =  2.8827354397E+00
DelSqRho = -2.6230592001E+01
GradDelSqRho =  2.1738166822E-13 -5.3290705182E-14 -2.3092638912E-14
HessDelSqRho_EigVals = -5.9318439636E+00  1.7698866955E+01  4.7758009965E+03
HessDelSqRho_EigVec1 =  1.8415457583E-01  6.3625574215E-01  7.4917669664E-01
HessDelSqRho_EigVec2 =  5.2454800898E-02  7.5476454707E-01 -6.5389523040E-01
HessDelSqRho_EigVec3 =  9.8149660522E-01 -1.5971571325E-01 -1.0561867674E-01
</CP of DelSqRho>
<CP of DelSqRho>
CP# = 46      
Type = (3,+1)
Coords =  6.31377728763858E-01 -1.02988872449366E-01 -6.82569201863795E-02
DistFromNuc =  6.4302520848E-01
Rho =  2.8827709334E+00
DelSqRho = -2.6231837700E+01
GradDelSqRho =  4.2632564146E-13 -7.4606987255E-14 -4.8183679269E-14
HessDelSqRho_EigVals = -5.9416451520E+00  1.7745946028E+01  4.7760018018E+03
HessDelSqRho_EigVec1 =  1.8433277106E-01  6.3681270403E-01  7.4865947500E-01
HessDelSqRho_EigVec2 =  5.2174466432E-02  7.5429833252E-01 -6.5445538474E-01
HessDelSqRho_EigVec3 =  9.8147809683E-01 -1.5969848325E-01 -1.0581653879E-01
</CP of DelSqRho>
<CP of DelSqRho>
CP# = 47      
Type = (3,+1)
Coords = -6.30717986336899E-01 -1.03011967642570E-01 -6.81621647321813E-02
DistFromNuc =  6.4302755608E-01
Rho =  2.8827340860E+00
DelSqRho = -2.6230584697E+01
GradDelSqRho = -1.6875389974E-13 -6.6613381478E-15  1.1990408666E-14
HessDelSqRho_EigVals = -5.9340274981E+00  1.7701852574E+01  4.7757992394E+03
HessDelSqRho_EigVec1 = -1.8420326040E-01  6.3622513563E-01  7.4919072048E-01
HessDelSqRho_EigVec2 = -5.2442010624E-02  7.5478642676E-01 -6.5387100066E-01
HessDelSqRho_EigVec3 =  9.8148815295E-01  1.5973423792E-01  1.0566919539E-01
</CP of DelSqRho>
<CP of DelSqRho>
CP# = 49      
Type = (3,+3)
Coords = -6.42582984338722E-01 -8.99575368833532E-03  1.81887527593215E-04
DistFromNuc =  6.4298022151E-01
Rho =  2.8884086387E+00
DelSqRho = -2.6238830247E+01
GradDelSqRho =  2.6112445539E-13  2.1316282073E-14  2.5757174171E-14
HessDelSqRho_EigVals =  6.3698977555E-02  6.6818144317E+00  4.7810314022E+03
HessDelSqRho_EigVec1 = -1.3946504030E-02  9.9969013397E-01 -2.0618706945E-02
HessDelSqRho_EigVec2 = -8.3968656052E-06  2.0620595364E-02  9.9978737288E-01
HessDelSqRho_EigVec3 =  9.9990274275E-01  1.3943711758E-02 -2.7919095266E-04
</CP of DelSqRho>
<CP of DelSqRho>
CP# = 50      
Type = (3,-3)
Coords =  1.05104034411262E+00 -6.19817722800510E-07  1.87483186740672E-05
DistFromNuc =  1.0507060406E+00
Rho =  7.8591155048E-01
DelSqRho =  4.6246193429E+00
GradDelSqRho =  1.3156142842E-14  1.1102230246E-15 -1.1102230246E-16
HessDelSqRho_EigVals = -1.3932534539E+02 -5.0464075747E-01 -3.6850144566E-01
HessDelSqRho_EigVec1 =  9.9999999987E-01  1.0149162224E-06  1.6232179782E-05
HessDelSqRho_EigVec2 = -6.0980650981E-07  9.9968900589E-01 -2.4937752365E-02
HessDelSqRho_EigVec3 = -1.6252441399E-05  2.4937752351E-02  9.9968900576E-01
</CP of DelSqRho>
<CP of DelSqRho>
CP# = 51      
Type = (3,-3)
Coords = -1.05037309359652E+00 -3.00516094113509E-06 -2.06933328008772E-05
DistFromNuc =  1.0507073975E+00
Rho =  7.8590893674E-01
DelSqRho =  4.6243775386E+00
GradDelSqRho = -3.1086244690E-15 -8.8817841970E-16  1.1414480472E-15
HessDelSqRho_EigVals = -1.3931892639E+02 -5.0362960889E-01 -3.6727515502E-01
HessDelSqRho_EigVec1 =  9.9999999977E-01  1.2726306620E-06  2.1468450355E-05
HessDelSqRho_EigVec2 = -8.9938801381E-07  9.9984901401E-01 -1.7376684986E-02
HessDelSqRho_EigVec3 = -2.1487323022E-05  1.7376684962E-02  9.9984901378E-01
</CP of DelSqRho>
<CP of DelSqRho>
CP# = 52      
Type = (3,-3)
Coords =  3.17358340708733E-04  9.96122289075402E-01 -1.84627156159228E-02
DistFromNuc =  9.9629507387E-01
Rho =  8.0492671002E-01
DelSqRho =  6.1574099608E+00
GradDelSqRho = -3.4838798513E-13  4.9116266609E-12 -9.1926466439E-14
HessDelSqRho_EigVals = -2.0254564866E+02 -2.3114246985E+01 -7.6619867725E+00
HessDelSqRho_EigVec1 = -1.0016987029E-05  9.9982817609E-01 -1.8536941419E-02
HessDelSqRho_EigVec2 = -2.0282570922E-05  1.8536941213E-02  9.9982817594E-01
HessDelSqRho_EigVec3 =  9.9999999974E-01  1.0391242699E-05  2.0093401592E-05
</CP of DelSqRho>
<CP of DelSqRho>
CP# = 53      
Type = (3,-3)
Coords =  3.18580080122257E-04 -9.96125566555407E-01  1.84662705446565E-02
DistFromNuc =  9.9629501678E-01
Rho =  8.0492680789E-01
DelSqRho =  6.1574109133E+00
GradDelSqRho = -3.2907010450E-13 -4.9289461401E-12  8.8540286214E-14
HessDelSqRho_EigVals = -2.0254570175E+02 -2.3114259771E+01 -7.6619891980E+00
HessDelSqRho_EigVec1 =  8.7859657405E-06  9.9982817690E-01 -1.8536898461E-02
HessDelSqRho_EigVec2 = -2.0816943182E-05  1.8536898641E-02  9.9982817672E-01
HessDelSqRho_EigVec3 =  9.9999999974E-01 -8.3985745449E-06  2.0976230906E-05
</CP of DelSqRho>
<CP of DelSqRho>
CP# = 54      
Type = (3,-3)
Coords =  3.14351875486875E-04  1.84724951384710E-02  9.96626804072674E-01
DistFromNuc =  9.9679623622E-01
Rho =  8.0338625098E-01
DelSqRho =  6.1372336865E+00
GradDelSqRho = -4.3220982349E-13  9.1371354927E-14  5.0599524570E-12
HessDelSqRho_EigVals = -2.0195155037E+02 -2.3024158247E+01 -7.1984664630E+00
HessDelSqRho_EigVec1 = -2.0455182903E-05  1.8534259319E-02  9.9982822565E-01
HessDelSqRho_EigVec2 = -5.9374146752E-05  9.9982822408E-01 -1.8534260504E-02
HessDelSqRho_EigVec3 =  9.9999999803E-01  5.9743069485E-05  1.9351213362E-05
</CP of DelSqRho>
<CP of DelSqRho>
CP# = 55      
Type = (3,-3)
Coords =  3.56042069373754E-04 -1.84757532247318E-02 -9.96623271469345E-01
DistFromNuc =  9.9679625936E-01
Rho =  8.0338620871E-01
DelSqRho =  6.1372331357E+00
GradDelSqRho =  4.1291969843E-13 -9.3369756371E-14 -5.0954795938E-12
HessDelSqRho_EigVals = -2.0195152555E+02 -2.3024149033E+01 -7.1984633694E+00
HessDelSqRho_EigVec1 = -2.1322356344E-05  1.8534132230E-02  9.9982822799E-01
HessDelSqRho_EigVec2 =  5.8241931385E-05  9.9982822655E-01 -1.8534130961E-02
HessDelSqRho_EigVec3 =  9.9999999808E-01 -5.7836735707E-05  2.2398157387E-05
</CP of DelSqRho>
<CP of DelSqRho>
CP# = 56      
Type = (3,+1)
Coords =  2.64082574823245E-04  7.80443621704570E-01  7.54714159193055E-01
DistFromNuc =  1.0856728934E+00
Rho =  6.8484899529E-01
DelSqRho =  3.9157717880E+00
GradDelSqRho = -9.8476782284E-14 -5.4702908869E-12 -7.2239991766E-12
HessDelSqRho_EigVals = -1.1199041027E+02  1.7951125830E+00  1.1318606409E+01
HessDelSqRho_EigVec1 = -6.6626031445E-05  7.1836812583E-01  6.9566315941E-01
HessDelSqRho_EigVec2 =  9.9999999684E-01  7.7998795023E-05  1.5228897627E-05
HessDelSqRho_EigVec3 =  4.3320933529E-05 -6.9566315823E-01  7.1836812875E-01
</CP of DelSqRho>
<CP of DelSqRho>
CP# = 57      
Type = (3,+1)
Coords =  5.00361192233580E-04 -7.51943328530161E-01  7.83116750499007E-01
DistFromNuc =  1.0856727632E+00
Rho =  6.8484691059E-01
DelSqRho =  3.9157041845E+00
GradDelSqRho =  4.7818693449E-13  8.8471452386E-12 -4.4533265964E-12
HessDelSqRho_EigVals = -1.1198861759E+02  1.7947872653E+00  1.1319203035E+01
HessDelSqRho_EigVec1 =  1.6801556648E-04 -6.9209887332E-01  7.2180268863E-01
HessDelSqRho_EigVec2 =  9.9999998499E-01  1.4688499924E-04 -9.1931801476E-05
HessDelSqRho_EigVec3 = -4.2396091147E-05  7.2180269324E-01  6.9209888761E-01
</CP of DelSqRho>
<CP of DelSqRho>
CP# = 58      
Type = (3,+1)
Coords =  5.30465557037023E-04  7.51940039882433E-01 -7.83113117474273E-01
DistFromNuc =  1.0856727453E+00
Rho =  6.8484693338E-01
DelSqRho =  3.9157042839E+00
GradDelSqRho = -3.0531133177E-16  8.8817841970E-16  8.4376949872E-15
HessDelSqRho_EigVals = -1.1198862430E+02  1.7947882176E+00  1.1319201320E+01
HessDelSqRho_EigVec1 = -1.9573664930E-04 -6.9209892507E-01  7.2180263203E-01
HessDelSqRho_EigVec2 =  9.9999998077E-01 -1.4430533521E-04  1.3281065198E-04
HessDelSqRho_EigVec3 =  1.2241861301E-05  7.2180264414E-01  6.9209894001E-01
</CP of DelSqRho>
<CP of DelSqRho>
CP# = 59      
Type = (3,+1)
Coords =  2.95772117276891E-04 -7.80446894880620E-01 -7.54710669874235E-01
DistFromNuc =  1.0856728949E+00
Rho =  6.8484898910E-01
DelSqRho =  3.9157718788E+00
GradDelSqRho = -4.8593074009E-14  5.4405369099E-12  7.1946892888E-12
HessDelSqRho_EigVals = -1.1199041271E+02  1.7951134382E+00  1.1318604783E+01
HessDelSqRho_EigVec1 =  3.7446695974E-05  7.1836809655E-01  6.9566319182E-01
HessDelSqRho_EigVec2 =  9.9999999672E-01 -7.6852623658E-05  2.5532150228E-05
HessDelSqRho_EigVec3 = -7.1805023634E-05 -6.9566318859E-01  7.1836809707E-01
</CP of DelSqRho>
<CP of DelSqRho>
CP# = 60      
Type = (3,-1)
Coords =  1.01701971280542E+00  5.10617458080586E-03  2.64805438356046E-01
DistFromNuc =  1.0506170993E+00
Rho =  7.8236668802E-01
DelSqRho =  4.6181675243E+00
GradDelSqRho = -1.8873791419E-14  2.2204460493E-15 -2.8310687128E-15
HessDelSqRho_EigVals = -1.3954387838E+02 -1.1266493564E+00  6.8718140680E-01
HessDelSqRho_EigVec1 =  9.6709473715E-01  4.8995210496E-03  2.5436934578E-01
HessDelSqRho_EigVec2 = -2.0284642728E-04  9.9982908127E-01 -1.8486944262E-02
HessDelSqRho_EigVec3 = -2.5441644646E-01  1.7827028589E-02  9.6693043639E-01
</CP of DelSqRho>
<CP of DelSqRho>
CP# = 61      
Type = (3,-1)
Coords = -1.01646920806499E+00  4.85822946062304E-03  2.64364230614800E-01
DistFromNuc =  1.0506191061E+00
Rho =  7.8237434528E-01
DelSqRho =  4.6179671130E+00
GradDelSqRho =  6.0507154842E-15  4.4408920985E-16 -1.0214051827E-14
HessDelSqRho_EigVals = -1.3953705151E+02 -1.1237765776E+00  6.8502022176E-01
HessDelSqRho_EigVec1 =  9.6720923338E-01 -4.6733088884E-03 -2.5393790392E-01
HessDelSqRho_EigVec2 = -3.3216051283E-05  9.9982836525E-01 -1.8526709030E-02
HessDelSqRho_EigVec3 =  2.5398090039E-01  1.7927638852E-02  9.6704307143E-01
</CP of DelSqRho>
<CP of DelSqRho>
CP# = 62      
Type = (3,-1)
Coords =  1.01703157668803E+00 -5.10730292176464E-03 -2.64756515459817E-01
DistFromNuc =  1.0506171361E+00
Rho =  7.8236674291E-01
DelSqRho =  4.6181683563E+00
GradDelSqRho =  2.8865798640E-15 -2.2204460493E-15 -3.6637359813E-15
HessDelSqRho_EigVals = -1.3954386438E+02 -1.1266338556E+00  6.8714974335E-01
HessDelSqRho_EigVec1 =  9.6710614856E-01 -4.8973876448E-03 -2.5432599753E-01
HessDelSqRho_EigVec2 =  2.0143824309E-04  9.9982907952E-01 -1.8487053873E-02
HessDelSqRho_EigVec3 =  2.5437306627E-01  1.7827712487E-02  9.6694183683E-01
</CP of DelSqRho>
<CP of DelSqRho>
CP# = 63      
Type = (3,-1)
Coords = -1.01645825949209E+00 -4.86366272545632E-03 -2.64402590400089E-01
DistFromNuc =  1.0506190679E+00
Rho =  7.8237437995E-01
DelSqRho =  4.6179672180E+00
GradDelSqRho = -1.7097434579E-14  0.0000000000E+00 -3.4139358007E-15
HessDelSqRho_EigVals = -1.3953707765E+02 -1.1237776415E+00  6.8501611651E-01
HessDelSqRho_EigVec1 =  9.6719872818E-01  4.6752973797E-03  2.5397787659E-01
HessDelSqRho_EigVec2 =  3.1682974928E-05  9.9982838247E-01 -1.8525781902E-02
HessDelSqRho_EigVec3 = -2.5402090308E-01  1.7926159469E-02  9.6703259180E-01
</CP of DelSqRho>
<CP of DelSqRho>
CP# = 64      
Type = (3,-1)
Coords =  1.00543980052185E+00  3.06562361935809E-01 -5.45826816362943E-03
DistFromNuc =  1.0508322301E+00
Rho =  7.8086641777E-01
DelSqRho =  4.6127772528E+00
