 AIMInt (Version 19.02.13, Professional)
 Portions Copyright (c) 1997-2019 by Todd A. Keith
 AIMInt is a component of the AIMAll package ( http://aim.tkgristmill.com )

 TP:  64-bit Linux

 Licensed To:  Research Group of Fernando Cortes Guzman, UNAM, fercor@unam.mx

 AIMInt is a heavily modified and extended version of the PROAIMV program
 developed by members of R.F.W. Bader's research group

 Much of the Quantum Theory of Atoms in Molecules (QTAIM) is described in the book:
   "Atoms in Molecules - A Quantum Theory"
   R.F.W. Bader, Oxford University Press, Oxford, 1990

 For additional references see:  http://aim.tkgristmill.com/references.html

 Current Directory:  /home/lillian/David/proyecto_spin/noab/hexaaqua/def2/pbe0/opt_scan/int

 Inp File:  mn44_pbe0_noab_atomicfiles/mn1.inp
 Wfx File:  mn44_pbe0_noab.wfx
 Out File:  mn44_pbe0_noab_atomicfiles/mn1.int

 Wfx Title:   Title Card Required                                                           
 Job Title:   Title Card Required                                                           
 
<Atom>
Mn1     
</Atom>
<Nuclei of Molecule>
    19
Mn1       25.0          -4.1841665697E-05   1.1378160309E-05  -9.6725154619E-06
O2         8.0           2.5741167867E+00  -3.4402252083E-01   2.5205722531E+00
H3         1.0           4.3240672324E+00   2.9168745849E-01   2.3809306512E+00
H4         1.0           2.3713639052E+00  -1.1865562175E+00   4.1746477790E+00
O5         8.0          -1.0529625449E+00   3.1210539438E+00   1.4998703568E+00
H6         1.0          -2.4521536042E+00   4.2000413601E+00   8.9615033289E-01
H7         1.0          -2.8612236711E-01   3.9180816259E+00   3.0042825760E+00
O8         8.0           1.0525084756E+00  -3.1210236429E+00  -1.4998613478E+00
H9         1.0           2.9366317686E-01  -3.9117938269E+00  -3.0116055050E+00
H10        1.0           2.4435648210E+00  -4.2062798658E+00  -8.8864875271E-01
O11        8.0           2.3176369879E+00   1.8000006970E+00  -2.1183634946E+00
H12        1.0           3.4500706510E+00   1.0322549338E+00  -3.3890630059E+00
H13        1.0           2.5762295732E+00   3.6492059376E+00  -2.1226749162E+00
O14        8.0          -2.3171990923E+00  -1.8000590823E+00   2.1187126513E+00
H15        1.0          -3.4582804049E+00  -1.0315636381E+00   3.3811956879E+00
H16        1.0          -2.5675503136E+00  -3.6503807680E+00   2.1306718375E+00
O17        8.0          -2.5740077281E+00   3.4412649729E-01  -2.5207994923E+00
H18        1.0          -2.3813473608E+00   1.2180099711E+00  -4.1597284293E+00
H19        1.0          -4.3132023456E+00  -3.2359856054E-01  -2.3969638547E+00
</Nuclei of Molecule>
<Total Number of CPs of DelSqRho>
    91
</Total Number of CPs of DelSqRho>
<Number of (3,+3) CPs of DelSqRho>
    11
</Number of (3,+3) CPs of DelSqRho>
<Number of (3,+1) CPs of DelSqRho>
    32
</Number of (3,+1) CPs of DelSqRho>
<Number of (3,-1) CPs of DelSqRho>
    36
</Number of (3,-1) CPs of DelSqRho>
<Number of (3,-3) CPs of DelSqRho>
    12
</Number of (3,-3) CPs of DelSqRho>
<Number of Degenerate CPs of DelSqRho>
     0
</Number of Degenerate CPs of DelSqRho>
<CP of DelSqRho>
CP# = 1       
Type = (3,+3)
Coords = -4.18416656772062E-05  1.13781607813928E-05 -9.67251547765747E-06
DistFromNuc =  4.7334215010E-13
Rho =  1.0272485944E+04
DelSqRho = -1.5370456061E+09
GradDelSqRho = -9.5367431641E-07  8.3446502686E-07  1.1920928955E-07
HessDelSqRho_EigVals =  1.0737955947E+15  1.0737955947E+15  1.0737955948E+15
HessDelSqRho_EigVec1 =  9.9170078663E-01  1.2563667748E-01 -2.7294231337E-02
HessDelSqRho_EigVec2 = -1.2235537399E-01  9.8746399013E-01  9.9719760548E-02
HessDelSqRho_EigVec3 =  3.9480529978E-02 -9.5552569095E-02  9.9464113845E-01
</CP of DelSqRho>
<CP of DelSqRho>
CP# = 2       
Type = (3,-3)
Coords =  1.86770228385219E-01  1.45151512022220E-01 -1.70887094559473E-01
DistFromNuc =  2.9182786251E-01
Rho =  2.1758047395E+01
DelSqRho =  1.7331987947E+03
GradDelSqRho = -1.3642420527E-12  1.8189894035E-12 -4.5474735089E-12
HessDelSqRho_EigVals = -5.4214899947E+05 -1.1803400279E+04 -1.1801630277E+04
HessDelSqRho_EigVec1 =  6.4014525530E-01  4.9734829643E-01 -5.8554139407E-01
HessDelSqRho_EigVec2 =  7.1868546903E-01 -6.5701338811E-01  2.2765017998E-01
HessDelSqRho_EigVec3 =  2.7148710600E-01  5.6654927401E-01  7.7802099676E-01
</CP of DelSqRho>
<CP of DelSqRho>
CP# = 3       
Type = (3,-3)
Coords = -1.86853622309820E-01 -1.45129308155866E-01  1.70867677803767E-01
DistFromNuc =  2.9182791002E-01
Rho =  2.1758036678E+01
DelSqRho =  1.7331987439E+03
GradDelSqRho = -2.7284841053E-12 -4.5474735089E-13  2.7284841053E-12
HessDelSqRho_EigVals = -5.4214872999E+05 -1.1803277501E+04 -1.1801682386E+04
HessDelSqRho_EigVec1 =  6.4014385799E-01  4.9735039517E-01 -5.8554113904E-01
HessDelSqRho_EigVec2 =  7.1818008938E-01 -6.5806624363E-01  2.2619942135E-01
HessDelSqRho_EigVec3 =  2.7282448626E-01  5.6532415782E-01  7.7844421526E-01
</CP of DelSqRho>
<CP of DelSqRho>
CP# = 4       
Type = (3,+1)
Coords =  4.04214407334771E-02  1.57502219110937E-01 -1.98229736960325E-02
DistFromNuc =  1.6380845250E-01
Rho =  9.3041251677E+01
DelSqRho = -5.4902630870E+03
GradDelSqRho =  4.0017766878E-11  1.4551915228E-11 -1.4551915228E-11
HessDelSqRho_EigVals = -2.2075088025E+04  4.4143064899E+04  8.9728897116E+06
HessDelSqRho_EigVec1 =  7.1105342963E-01 -9.5039900515E-02  6.9668532174E-01
HessDelSqRho_EigVec2 = -6.5832074158E-01  2.5809715132E-01  7.0710654196E-01
HessDelSqRho_EigVec3 =  2.4701583231E-01  9.6143292943E-01 -1.2095412684E-01
</CP of DelSqRho>
<CP of DelSqRho>
CP# = 5       
Type = (3,+1)
Coords = -4.04970445468376E-02 -1.57480615546377E-01  1.98108221426971E-02
DistFromNuc =  1.6380843547E-01
Rho =  9.3041292493E+01
DelSqRho = -5.4902686138E+03
GradDelSqRho =  3.6152414395E-11  6.5483618528E-11 -5.0931703299E-11
HessDelSqRho_EigVals = -2.2074982838E+04  4.4141602768E+04  8.9728988359E+06
HessDelSqRho_EigVec1 =  7.1107445653E-01 -9.4978321185E-02  6.9667225851E-01
HessDelSqRho_EigVec2 = -6.5831644266E-01  2.5809331200E-01  7.0711194561E-01
HessDelSqRho_EigVec3 =  2.4696675606E-01  9.6144004535E-01 -1.2099777103E-01
</CP of DelSqRho>
<CP of DelSqRho>
CP# = 6       
Type = (3,+1)
Coords = -3.71594573488742E-02  4.55908760288925E-02  2.86520212083726E-01
DistFromNuc =  2.9249715005E-01
Rho =  2.2258428314E+01
DelSqRho =  1.5658006135E+03
GradDelSqRho = -4.7748471843E-12  9.6633812063E-13  8.0149220594E-12
HessDelSqRho_EigVals = -5.2818066281E+05  7.8191669517E+03  7.8203785469E+03
HessDelSqRho_EigVec1 = -1.2689916762E-01  1.5582911151E-01  9.7959884099E-01
HessDelSqRho_EigVec2 = -1.3139589529E-01  9.7623887730E-01 -1.7231591091E-01
HessDelSqRho_EigVec3 = -9.8317430802E-01 -1.5058201240E-01 -1.0340859531E-01
</CP of DelSqRho>
<CP of DelSqRho>
CP# = 7       
Type = (3,+1)
Coords =  3.70746487356620E-02 -4.55677354546998E-02 -2.86539708561546E-01
DistFromNuc =  2.9249709574E-01
Rho =  2.2258440658E+01
DelSqRho =  1.5658013823E+03
GradDelSqRho = -3.9790393203E-13  6.8212102633E-13 -6.0822458181E-12
HessDelSqRho_EigVals = -5.2818119535E+05  7.8190476898E+03  7.8203952208E+03
HessDelSqRho_EigVec1 = -1.2689552396E-01  1.5582769475E-01  9.7959953836E-01
HessDelSqRho_EigVec2 = -1.1055352132E-01  9.7920812833E-01 -1.7008633203E-01
HessDelSqRho_EigVec3 = -9.8573599149E-01 -1.2988137267E-01 -1.0702982813E-01
</CP of DelSqRho>
<CP of DelSqRho>
CP# = 8       
Type = (3,-1)
Coords =  1.16418832537554E-01 -1.55536057366461E-02  1.14075112692926E-01
DistFromNuc =  1.6377025241E-01
Rho =  9.2835997158E+01
DelSqRho = -5.3422277809E+03
GradDelSqRho = -5.4569682106E-12 -7.2759576142E-12 -4.7293724492E-11
HessDelSqRho_EigVals = -4.4158993835E+04 -4.4156995623E+04  8.9730197611E+06
HessDelSqRho_EigVec1 =  2.0701343375E-01  9.7520179412E-01 -7.8274510450E-02
HessDelSqRho_EigVec2 = -6.7190025163E-01  1.9987131540E-01  7.1316303125E-01
HessDelSqRho_EigVec3 =  7.1112269694E-01 -9.5041664653E-02  6.9661437817E-01
</CP of DelSqRho>
<CP of DelSqRho>
CP# = 9       
Type = (3,-1)
Coords = -1.16503838756310E-01  1.55778838570751E-02 -1.14092911699526E-01
DistFromNuc =  1.6377026082E-01
Rho =  9.2835981615E+01
DelSqRho = -5.3422228426E+03
GradDelSqRho =  6.1845639721E-11  2.5465851650E-11  3.4560798667E-11
HessDelSqRho_EigVals = -4.4162408790E+04 -4.4155515064E+04  8.9730149750E+06
HessDelSqRho_EigVec1 =  2.8127436753E-01  9.4653316561E-01 -1.5798638095E-01
HessDelSqRho_EigVec2 = -6.4434301323E-01  3.0828609181E-01  6.9984410185E-01
HessDelSqRho_EigVec3 =  7.1113065710E-01 -9.5050786372E-02  6.9660500754E-01
</CP of DelSqRho>
<CP of DelSqRho>
CP# = 10      
Type = (3,+3)
Coords =  1.00249926391238E-01  1.19622932281110E-01  4.97096237716268E-02
DistFromNuc =  1.6382115566E-01
Rho =  9.3109779731E+01
DelSqRho = -5.5396254354E+03
GradDelSqRho =  2.9103830457E-11  2.9103830457E-11 -2.0008883439E-11
HessDelSqRho_EigVals =  2.9421540664E+04  2.9431512309E+04  8.9728678942E+06
HessDelSqRho_EigVec1 = -2.0167150401E-01 -2.2695414049E-01  9.5279610756E-01
HessDelSqRho_EigVec2 =  7.6454954761E-01 -6.4451145082E-01  8.3053601268E-03
HessDelSqRho_EigVec3 =  6.1220306575E-01  7.3013478747E-01  3.0349727908E-01
</CP of DelSqRho>
<CP of DelSqRho>
CP# = 11      
Type = (3,+1)
Coords = -1.16093573564740E-01  1.10904095240121E-01 -3.26900127198128E-02
DistFromNuc =  1.6380843633E-01
Rho =  9.3041267744E+01
DelSqRho = -5.4902596128E+03
GradDelSqRho = -9.0039975476E-11  1.4551915228E-11  7.2759576142E-12
HessDelSqRho_EigVals = -2.2077329807E+04  4.4141072345E+04  8.9728947228E+06
HessDelSqRho_EigVec1 =  6.4010814546E-01  4.9730432294E-01 -5.8561930680E-01
HessDelSqRho_EigVec2 =  2.9723024327E-01  5.4259174987E-01  7.8565156110E-01
HessDelSqRho_EigVec3 =  7.0846012210E-01 -6.7696573278E-01  1.9950351387E-01
</CP of DelSqRho>
<CP of DelSqRho>
CP# = 12      
Type = (3,+1)
Coords =  1.16003297979217E-01 -1.10886518596822E-01  3.26763821751654E-02
DistFromNuc =  1.6380841282E-01
Rho =  9.3041318578E+01
DelSqRho = -5.4902719302E+03
GradDelSqRho = -7.2759576142E-11  5.0931703299E-11  0.0000000000E+00
HessDelSqRho_EigVals = -2.2074888643E+04  4.4141565794E+04  8.9729079768E+06
HessDelSqRho_EigVec1 =  6.4015284575E-01  4.9726456311E-01 -5.8560420793E-01
HessDelSqRho_EigVec2 =  2.9722920153E-01  5.4258878024E-01  7.8565400611E-01
HessDelSqRho_EigVec3 =  7.0842016899E-01 -6.7699731892E-01  1.9953820270E-01
</CP of DelSqRho>
<CP of DelSqRho>
CP# = 13      
Type = (3,+3)
Coords = -1.00332675520090E-01 -1.19601164374691E-01 -4.97283709630501E-02
DistFromNuc =  1.6382112398E-01
Rho =  9.3109850529E+01
DelSqRho = -5.5396443445E+03
GradDelSqRho = -2.9103830457E-11 -1.5643308870E-10 -1.6370904632E-11
HessDelSqRho_EigVals =  2.9423723287E+04  2.9434827981E+04  8.9728861018E+06
HessDelSqRho_EigVec1 =  2.3908633237E-01  1.9492756719E-01 -9.5123129113E-01
HessDelSqRho_EigVec2 =  7.5369227617E-01 -6.5490252252E-01  5.5232588623E-02
HessDelSqRho_EigVec3 =  6.1219741793E-01  7.3014103401E-01  3.0349364397E-01
</CP of DelSqRho>
<CP of DelSqRho>
CP# = 14      
Type = (3,-3)
Coords = -8.49089805967874E-02  2.51666507936158E-01  1.20948028903127E-01
DistFromNuc =  2.9182786218E-01
Rho =  2.1758042675E+01
DelSqRho =  1.7331987567E+03
GradDelSqRho =  5.0022208598E-12 -4.5474735089E-13 -9.0949470177E-13
HessDelSqRho_EigVals = -5.4214896922E+05 -1.1803716270E+04 -1.1801238626E+04
HessDelSqRho_EigVec1 = -2.9081246227E-01  8.6234103044E-01  4.1448288144E-01
HessDelSqRho_EigVec2 =  9.5158230438E-01  3.0577814664E-01  3.1477659292E-02
HessDelSqRho_EigVec3 =  9.9595330152E-02 -4.0356867105E-01  9.0951256064E-01
</CP of DelSqRho>
<CP of DelSqRho>
CP# = 15      
Type = (3,+1)
Coords =  2.77249043986586E-01 -7.76829619580851E-02 -5.12726549621200E-02
DistFromNuc =  2.9249707541E-01
Rho =  2.2258473803E+01
DelSqRho =  1.5657847145E+03
GradDelSqRho =  5.4569682106E-12  3.6379788071E-12 -2.5863755582E-12
HessDelSqRho_EigVals = -5.2818190170E+05  7.8212421188E+03  7.8243074273E+03
HessDelSqRho_EigVec1 =  9.4801257530E-01 -2.6562400980E-01 -1.7525992836E-01
HessDelSqRho_EigVec2 =  1.7186488984E-01 -3.6162802926E-02  9.8445655634E-01
HessDelSqRho_EigVec3 =  2.6783318822E-01  9.6339822353E-01 -1.1368649252E-02
</CP of DelSqRho>
<CP of DelSqRho>
CP# = 16      
Type = (3,-1)
Coords = -1.04876883069762E-01 -8.14394412259854E-02  9.58865164691062E-02
DistFromNuc =  1.6377026881E-01
Rho =  9.2835962597E+01
DelSqRho = -5.3422203143E+03
GradDelSqRho = -5.4569682106E-11 -7.2759576142E-12  2.0918378141E-11
HessDelSqRho_EigVals = -4.4161326961E+04 -4.4156900447E+04  8.9730126461E+06
HessDelSqRho_EigVec1 =  7.2354648749E-01 -6.4651539138E-01  2.4186427837E-01
HessDelSqRho_EigVec2 =  2.5827806175E-01  5.7850038035E-01  7.7371167288E-01
HessDelSqRho_EigVec3 =  6.4013508204E-01  4.9734812622E-01 -5.8555266039E-01
</CP of DelSqRho>
<CP of DelSqRho>
CP# = 17      
Type = (3,-1)
Coords =  1.04794726334845E-01  8.14610694905818E-02 -9.59051852433850E-02
DistFromNuc =  1.6377028903E-01
Rho =  9.2835918187E+01
DelSqRho = -5.3422088612E+03
GradDelSqRho =  2.9103830457E-11  7.2759576142E-12 -3.1832314562E-11
HessDelSqRho_EigVals = -4.4165386142E+04 -4.4155909071E+04  8.9730011383E+06
HessDelSqRho_EigVec1 =  7.2348683037E-01 -6.4663763522E-01  2.4171589726E-01
HessDelSqRho_EigVec2 =  2.5842243544E-01  5.7836968432E-01  7.7376117318E-01
HessDelSqRho_EigVec3 =  6.4014424245E-01  4.9734120779E-01 -5.8554852224E-01
</CP of DelSqRho>
<CP of DelSqRho>
CP# = 18      
Type = (3,+1)
Coords = -2.77332644395959E-01  7.77056897292376E-02  5.12533556394706E-02
DistFromNuc =  2.9249699722E-01
Rho =  2.2258490493E+01
DelSqRho =  1.5657853945E+03
GradDelSqRho = -1.3187673176E-11  8.1001871877E-12  2.0463630790E-12
HessDelSqRho_EigVals = -5.2818254159E+05  7.8211730106E+03  7.8242609561E+03
HessDelSqRho_EigVec1 =  9.4801252160E-01 -2.6562437246E-01 -1.7525966918E-01
HessDelSqRho_EigVec2 =  1.7074491111E-01 -4.0184714768E-02  9.8449548705E-01
HessDelSqRho_EigVec3 =  2.6854875575E-01  9.6323874582E-01 -7.2583970860E-03
</CP of DelSqRho>
<CP of DelSqRho>
CP# = 19      
Type = (3,-3)
Coords =  8.48253261597452E-02 -2.51643885974501E-01 -1.20967166611172E-01
DistFromNuc =  2.9182790052E-01
Rho =  2.1758035259E+01
DelSqRho =  1.7331991749E+03
GradDelSqRho =  1.7053025658E-12 -4.0927261580E-12 -1.1368683772E-13
HessDelSqRho_EigVals = -5.4214890571E+05 -1.1803788179E+04 -1.1801134053E+04
HessDelSqRho_EigVec1 = -2.9081247068E-01  8.6234141936E-01  4.1448206639E-01
HessDelSqRho_EigVec2 =  9.5267520215E-01  3.0106877962E-01  4.2042230450E-02
HessDelSqRho_EigVec3 =  8.8532853223E-02 -4.0709319129E-01  9.0908584166E-01
</CP of DelSqRho>
<CP of DelSqRho>
CP# = 20      
Type = (3,-3)
Coords =  2.07486819885566E-01 -2.77263619768092E-02  2.03278322683813E-01
DistFromNuc =  2.9182792290E-01
Rho =  2.1758041233E+01
DelSqRho =  1.7331978910E+03
GradDelSqRho =  9.0949470177E-13  4.7748471843E-12  6.3664629124E-12
HessDelSqRho_EigVals = -5.4214866504E+05 -1.1802908437E+04 -1.1801885642E+04
HessDelSqRho_EigVec1 =  7.1113398829E-01 -9.5048134662E-02  6.9660196870E-01
HessDelSqRho_EigVec2 =  2.2510214908E-01  9.6944234387E-01 -9.7522122607E-02
HessDelSqRho_EigVec3 = -6.6604614944E-01  2.2615789620E-01  7.1079893979E-01
</CP of DelSqRho>
<CP of DelSqRho>
CP# = 21      
Type = (3,-3)
Coords = -2.07570820624239E-01  2.77488882508670E-02 -2.03297343005883E-01
DistFromNuc =  2.9182790056E-01
Rho =  2.1758046943E+01
DelSqRho =  1.7331979144E+03
GradDelSqRho =  6.8212102633E-12 -1.4779288904E-12  5.0022208598E-12
HessDelSqRho_EigVals = -5.4214881197E+05 -1.1802929283E+04 -1.1801900234E+04
HessDelSqRho_EigVec1 =  7.1113533872E-01 -9.5047442066E-02  6.9660068460E-01
HessDelSqRho_EigVec2 =  2.2868803320E-01  9.6820939191E-01 -1.0135263635E-01
HessDelSqRho_EigVec3 = -6.6482201641E-01  2.3137968187E-01  7.1026412645E-01
</CP of DelSqRho>
<CP of DelSqRho>
CP# = 22      
Type = (3,-1)
Coords = -4.76681338798629E-02  1.41236619608010E-01  6.78716623627058E-02
DistFromNuc =  1.6377029082E-01
Rho =  9.2835908841E+01
DelSqRho = -5.3422078479E+03
GradDelSqRho =  1.4551915228E-11  8.7311491370E-11 -1.4551915228E-11
HessDelSqRho_EigVals = -4.4164272227E+04 -4.4156402233E+04  8.9729998540E+06
HessDelSqRho_EigVec1 =  9.5270456034E-01  3.0093352170E-01  4.2344258522E-02
HessDelSqRho_EigVec2 =  8.8219152646E-02 -4.0720153378E-01  9.0906781485E-01
HessDelSqRho_EigVec3 = -2.9081162600E-01  8.6233747826E-01  4.1449085849E-01
</CP of DelSqRho>
<CP of DelSqRho>
CP# = 23      
Type = (3,-1)
Coords =  4.75843843450268E-02 -1.41213817894663E-01 -6.78910895602652E-02
DistFromNuc =  1.6377026649E-01
Rho =  9.2835964582E+01
DelSqRho = -5.3422200993E+03
GradDelSqRho =  0.0000000000E+00  1.6007106751E-10 -1.2732925825E-11
HessDelSqRho_EigVals = -4.4165763570E+04 -4.4152831318E+04  8.9730135540E+06
HessDelSqRho_EigVec1 =  9.5677104442E-01  2.6402283910E-01  1.2198815103E-01
HessDelSqRho_EigVec2 =  4.2402539724E-03 -4.3204888456E-01  9.0184021955E-01
HessDelSqRho_EigVec3 = -2.9081125977E-01  8.6233734802E-01  4.1449138641E-01
</CP of DelSqRho>
<CP of DelSqRho>
CP# = 24      
Type = (3,-1)
Coords =  2.79265631736139E-01  8.31722599153792E-02  2.29488809490381E-02
DistFromNuc =  2.9232771358E-01
Rho =  2.2133442868E+01
DelSqRho =  1.6076392338E+03
GradDelSqRho =  2.7284841053E-12  2.2737367544E-13 -2.2026824809E-13
HessDelSqRho_EigVals = -5.3170878606E+05 -5.8773360417E+03  1.1748825778E+04
HessDelSqRho_EigVec1 =  9.5546003830E-01  2.8447862900E-01  7.8536773845E-02
HessDelSqRho_EigVec2 = -2.9081832289E-01  8.6230689641E-01  4.1454977924E-01
HessDelSqRho_EigVec3 =  5.0207751141E-02 -4.1892568081E-01  9.0663137806E-01
</CP of DelSqRho>
<CP of DelSqRho>
CP# = 25      
Type = (3,-1)
Coords = -2.79349462012500E-01 -8.31491870826794E-02 -2.29677768109837E-02
DistFromNuc =  2.9232772867E-01
Rho =  2.2133438527E+01
DelSqRho =  1.6076395446E+03
GradDelSqRho =  6.3664629124E-12 -4.8316906032E-12  1.1368683772E-13
HessDelSqRho_EigVals = -5.3170874638E+05 -5.8773410057E+03  1.1748807599E+04
HessDelSqRho_EigVec1 =  9.5546071277E-01  2.8447676032E-01  7.8535337236E-02
HessDelSqRho_EigVec2 = -2.9081607624E-01  8.6230799204E-01  4.1454907630E-01
HessDelSqRho_EigVec3 =  5.0207929264E-02 -4.1892469454E-01  9.0663182392E-01
</CP of DelSqRho>
<CP of DelSqRho>
CP# = 26      
Type = (3,-1)
Coords = -7.22436097708739E-02 -2.81043422645133E-01  3.53549237660979E-02
DistFromNuc =  2.9232781435E-01
Rho =  2.2133461107E+01
DelSqRho =  1.6076297136E+03
GradDelSqRho =  4.2064129957E-12 -8.1854523160E-12  1.5916157281E-12
HessDelSqRho_EigVals = -5.3170710319E+05 -5.8760871558E+03  1.1749306145E+04
HessDelSqRho_EigVec1 =  2.4698886750E-01  9.6143712603E-01 -1.2097583241E-01
HessDelSqRho_EigVec2 =  7.1105914428E-01 -9.5005425019E-02  6.9668419140E-01
HessDelSqRho_EigVec3 =  6.5832468636E-01 -2.5809421131E-01 -7.0710394245E-01
</CP of DelSqRho>
<CP of DelSqRho>
CP# = 27      
Type = (3,-1)
Coords =  7.21617442653956E-02  2.81065945540140E-01 -3.53725101438142E-02
DistFromNuc =  2.9232782617E-01
Rho =  2.2133455533E+01
DelSqRho =  1.6076286135E+03
GradDelSqRho =  3.0979663279E-12  5.6843418861E-12  2.4726887204E-12
HessDelSqRho_EigVals = -5.3170663281E+05 -5.8760774901E+03  1.1749358591E+04
HessDelSqRho_EigVec1 =  2.4699558848E-01  9.6143622786E-01 -1.2096924827E-01
HessDelSqRho_EigVec2 =  7.1105684048E-01 -9.5014523958E-02  6.9668530187E-01
HessDelSqRho_EigVec3 =  6.5832465310E-01 -2.5809420759E-01 -7.0710397476E-01
</CP of DelSqRho>
<CP of DelSqRho>
CP# = 28      
Type = (3,-1)
Coords =  4.78815725233978E-01 -6.39934493068095E-02  4.69076154621782E-01
DistFromNuc =  6.7338154158E-01
Rho =  2.2539041656E+00
DelSqRho = -7.3142367745E+00
GradDelSqRho =  9.5212726592E-13  1.9432233600E-12  6.6258110110E-13
HessDelSqRho_EigVals = -3.4452549564E+02 -3.4428517796E+02  2.6901691842E+03
HessDelSqRho_EigVec1 = -2.0970279110E-01  9.1704373315E-01  3.3919836511E-01
HessDelSqRho_EigVec2 = -6.7106427056E-01 -3.8729357638E-01  6.3219967611E-01
HessDelSqRho_EigVec3 =  7.1112409900E-01 -9.5049866842E-02  6.9661182780E-01
</CP of DelSqRho>
<CP of DelSqRho>
CP# = 29      
Type = (3,-1)
Coords = -1.95867845862229E-01  5.80694218469892E-01  2.79099444884905E-01
DistFromNuc =  6.7338123256E-01
Rho =  2.2539073274E+00
DelSqRho = -7.3143256247E+00
GradDelSqRho = -7.6383344094E-14  1.8829382498E-13  9.5923269328E-14
HessDelSqRho_EigVals = -3.4452955246E+02 -3.4428312706E+02  2.6901836683E+03
HessDelSqRho_EigVec1 =  7.4007767123E-01  4.7730451652E-01 -4.7377783724E-01
HessDelSqRho_EigVec2 =  6.0639441833E-01 -1.6897435968E-01  7.7700287978E-01
HessDelSqRho_EigVec3 = -2.9081067719E-01  8.6233871784E-01  4.1448894527E-01
</CP of DelSqRho>
<CP of DelSqRho>
CP# = 30      
Type = (3,-1)
Coords = -4.31099675505209E-01 -3.34893017110118E-01  3.94288651904901E-01
DistFromNuc =  6.7338174814E-01
Rho =  2.2538999023E+00
DelSqRho = -7.3141208597E+00
GradDelSqRho = -1.3322676296E-14  2.1316282073E-14 -1.0658141036E-14
HessDelSqRho_EigVals = -3.4452691423E+02 -3.4428797143E+02  2.6901572578E+03
HessDelSqRho_EigVec1 =  7.3430789284E-01 -1.7202391061E-01  6.5665797238E-01
HessDelSqRho_EigVec2 = -2.2585897932E-01  8.5032541450E-01  4.7532558411E-01
HessDelSqRho_EigVec3 =  6.4014032834E-01  4.9734742748E-01 -5.8554751849E-01
</CP of DelSqRho>
<CP of DelSqRho>
CP# = 31      
Type = (3,-1)
Coords =  4.31013442522900E-01  3.34918156336535E-01 -3.94307845328866E-01
DistFromNuc =  6.7338121237E-01
Rho =  2.2539098167E+00
DelSqRho = -7.3143468940E+00
GradDelSqRho =  5.6843418861E-14 -4.2632564146E-14  7.1054273576E-15
HessDelSqRho_EigVals = -3.4452645258E+02 -3.4428679993E+02  2.6901856073E+03
HessDelSqRho_EigVec1 =  7.4371846271E-01 -2.1006533493E-01  6.3463013108E-01
HessDelSqRho_EigVec2 = -1.9263082734E-01  8.4173297626E-01  5.0435995186E-01
HessDelSqRho_EigVec3 =  6.4013765127E-01  4.9735113526E-01 -5.8554729585E-01
</CP of DelSqRho>
<CP of DelSqRho>
CP# = 32      
Type = (3,-1)
Coords = -4.78898116812750E-01  6.40167832861250E-02 -4.69096311597079E-01
DistFromNuc =  6.7338124350E-01
Rho =  2.2539083093E+00
DelSqRho = -7.3143655075E+00
GradDelSqRho = -2.1316282073E-14 -2.1316282073E-14  3.7303493627E-14
HessDelSqRho_EigVals = -3.4451990431E+02 -3.4428812181E+02  2.6901847825E+03
HessDelSqRho_EigVec1 = -2.8729104042E-01  8.6503749477E-01  4.1130765947E-01
HessDelSqRho_EigVec2 = -6.4169153061E-01 -4.9262093279E-01  5.8784062136E-01
HessDelSqRho_EigVec3 =  7.1112294130E-01 -9.5051297843E-02  6.9661281437E-01
</CP of DelSqRho>
<CP of DelSqRho>
CP# = 33      
Type = (3,-1)
Coords =  1.95785262587377E-01 -5.80671117270786E-01 -2.79119550651206E-01
DistFromNuc =  6.7338157038E-01
Rho =  2.2539006642E+00
DelSqRho = -7.3142093376E+00
GradDelSqRho =  1.3322676296E-14  3.5527136788E-14  6.3948846218E-14
HessDelSqRho_EigVals = -3.4453561287E+02 -3.4427529865E+02  2.6901664907E+03
HessDelSqRho_EigVec1 =  7.6390508063E-01  4.7011166271E-01 -4.4209054771E-01
HessDelSqRho_EigVec2 =  5.7608786397E-01 -1.8806550225E-01  7.9545844634E-01
HessDelSqRho_EigVec3 = -2.9081231193E-01  8.6233774790E-01  4.1448981625E-01
</CP of DelSqRho>
<CP of DelSqRho>
CP# = 34      
Type = (3,-1)
Coords =  8.68240022622301E-02  1.58603604867166E-01  2.29682391330503E-01
DistFromNuc =  2.9232792102E-01
Rho =  2.2133521250E+01
DelSqRho =  1.6076131364E+03
GradDelSqRho =  6.8212102633E-13  1.1368683772E-13  5.2295945352E-12
HessDelSqRho_EigVals = -5.3170470764E+05 -5.8740396463E+03  1.1749988842E+04
HessDelSqRho_EigVec1 =  2.9715249568E-01  5.4251519942E-01  7.8573383070E-01
HessDelSqRho_EigVec2 =  6.4012583131E-01  4.9739984352E-01 -5.8551884321E-01
HessDelSqRho_EigVec3 =  7.0847675643E-01 -6.7695690709E-01  1.9947438817E-01
</CP of DelSqRho>
<CP of DelSqRho>
CP# = 35      
Type = (3,+1)
Coords =  6.10460897684309E-02 -2.45641117181256E-01  1.46542868720851E-01
DistFromNuc =  2.9249706183E-01
Rho =  2.2258461829E+01
DelSqRho =  1.5657914719E+03
GradDelSqRho =  1.3642420527E-12 -3.1832314562E-12 -2.2737367544E-12
HessDelSqRho_EigVals = -5.2818181294E+05  7.8197485008E+03  7.8234806708E+03
HessDelSqRho_EigVec1 = -2.0884969988E-01  8.3984616948E-01 -5.0103913467E-01
HessDelSqRho_EigVec2 = -1.3721928732E-01  4.8210264643E-01  8.6530220472E-01
HessDelSqRho_EigVec3 =  9.6827303487E-01  2.4947033874E-01  1.4556099819E-02
</CP of DelSqRho>
<CP of DelSqRho>
CP# = 36      
Type = (3,+1)
Coords = -6.11290733593617E-02  2.45664316941502E-01 -1.46561963734665E-01
DistFromNuc =  2.9249716284E-01
Rho =  2.2258436303E+01
DelSqRho =  1.5657893405E+03
GradDelSqRho = -3.4106051316E-12  4.5474735089E-12 -1.1368683772E-12
HessDelSqRho_EigVals = -5.2818051370E+05  7.8198379284E+03  7.8235851140E+03
HessDelSqRho_EigVec1 = -2.0884743153E-01  8.3984745894E-01 -5.0103791878E-01
HessDelSqRho_EigVec2 = -1.2458680661E-01  4.8531213371E-01  8.6541912418E-01
HessDelSqRho_EigVec3 =  9.6997983379E-01  2.4316327557E-01  3.2777203282E-03
</CP of DelSqRho>
<CP of DelSqRho>
CP# = 37      
Type = (3,-1)
Coords = -8.69074570973659E-02 -1.58580584965087E-01 -2.29702044873494E-01
DistFromNuc =  2.9232795253E-01
Rho =  2.2133515356E+01
DelSqRho =  1.6076131473E+03
GradDelSqRho =  5.1727511163E-12  1.9042545318E-12  9.7770680441E-12
HessDelSqRho_EigVals = -5.3170455282E+05 -5.8740176492E+03  1.1749995047E+04
HessDelSqRho_EigVec1 =  2.9715142567E-01  5.4251386073E-01  7.8573515967E-01
HessDelSqRho_EigVec2 =  6.4012417067E-01  4.9740318973E-01 -5.8551781610E-01
HessDelSqRho_EigVec3 =  7.0847870564E-01 -6.7695552126E-01  1.9947216822E-01
</CP of DelSqRho>
<CP of DelSqRho>
CP# = 38      
Type = (3,-1)
Coords = -1.92453811846099E-01  7.54555979582317E-02  2.06730278117667E-01
DistFromNuc =  2.9232790451E-01
Rho =  2.2133511044E+01
DelSqRho =  1.6076157393E+03
GradDelSqRho = -2.5011104299E-12  5.6843418861E-13  1.0913936421E-11
HessDelSqRho_EigVals = -5.3170508218E+05 -5.8744214095E+03  1.1749946957E+04
HessDelSqRho_EigVec1 = -6.5820643068E-01  2.5808121222E-01  7.0721876567E-01
HessDelSqRho_EigVec2 =  7.1115822612E-01 -9.5086006358E-02  6.9657205573E-01
HessDelSqRho_EigVec3 =  2.4701876859E-01  9.6143264938E-01 -1.2095035623E-01
</CP of DelSqRho>
<CP of DelSqRho>
CP# = 39      
Type = (3,-1)
Coords =  1.92368799325771E-01 -7.54327899869594E-02 -2.06750839584763E-01
DistFromNuc =  2.9232787660E-01
Rho =  2.2133518512E+01
DelSqRho =  1.6076163747E+03
GradDelSqRho =  4.3200998334E-12 -2.1032064978E-12  3.1832314562E-12
HessDelSqRho_EigVals = -5.3170544693E+05 -5.8744692439E+03  1.1749929810E+04
HessDelSqRho_EigVec1 = -6.5820173211E-01  2.5808058714E-01  7.0722336668E-01
HessDelSqRho_EigVec2 =  7.1116253504E-01 -9.5087863137E-02  6.9656740308E-01
HessDelSqRho_EigVec3 =  2.4701888307E-01  9.6143263353E-01 -1.2095024838E-01
</CP of DelSqRho>
<CP of DelSqRho>
CP# = 40      
Type = (3,+1)
Coords =  1.79021885841749E-01  2.13576724134272E-01  8.87626592975156E-02
DistFromNuc =  2.9249701264E-01
Rho =  2.2258476157E+01
DelSqRho =  1.5657880629E+03
GradDelSqRho = -7.6738615462E-12 -1.8189894035E-12 -2.5579538487E-12
HessDelSqRho_EigVals = -5.2818227097E+05  7.8205915815E+03  7.8239215433E+03
HessDelSqRho_EigVec1 =  6.1219012471E-01  7.3014531941E-01  3.0349804571E-01
HessDelSqRho_EigVec2 = -2.0298146566E-01 -2.2585048648E-01  9.5278018575E-01
HessDelSqRho_EigVec3 =  7.6421317432E-01 -6.4488709888E-01  9.9425295942E-03
</CP of DelSqRho>
<CP of DelSqRho>
CP# = 41      
Type = (3,-1)
Coords =  2.07054355160113E-01 -1.97890224151663E-01  5.83141762885189E-02
DistFromNuc =  2.9232781304E-01
Rho =  2.2133443970E+01
DelSqRho =  1.6076338776E+03
GradDelSqRho =  5.9117155615E-12 -1.3642420527E-12  1.8189894035E-12
HessDelSqRho_EigVals = -5.3170747737E+05 -5.8766517100E+03  1.1749038377E+04
HessDelSqRho_EigVec1 =  7.0843818575E-01 -6.7698521986E-01  1.9951528529E-01
HessDelSqRho_EigVec2 =  6.4012795909E-01  4.9728015156E-01 -5.8561817497E-01
HessDelSqRho_EigVec3 =  2.9723985763E-01  5.4258958980E-01  7.8564941550E-01
</CP of DelSqRho>
<CP of DelSqRho>
CP# = 42      
Type = (3,-1)
Coords = -2.07139096714653E-01  1.97912177939513E-01 -5.83322647021753E-02
DistFromNuc =  2.9232776871E-01
Rho =  2.2133453808E+01
DelSqRho =  1.6076335255E+03
GradDelSqRho = -4.0927261580E-12  1.3642420527E-12  6.2527760747E-13
HessDelSqRho_EigVals = -5.3170763892E+05 -5.8766883361E+03  1.1749050935E+04
HessDelSqRho_EigVec1 =  7.0844247130E-01 -6.7698214034E-01  1.9951051732E-01
HessDelSqRho_EigVec2 =  6.4012346017E-01  4.9728586224E-01 -5.8561824336E-01
HessDelSqRho_EigVec3 =  2.9723933219E-01  5.4258819825E-01  7.8565057533E-01
</CP of DelSqRho>
<CP of DelSqRho>
CP# = 43      
Type = (3,+1)
Coords = -1.79105389305525E-01 -2.13554275679588E-01 -8.87819119395535E-02
DistFromNuc =  2.9249709928E-01
Rho =  2.2258457786E+01
DelSqRho =  1.5657877979E+03
GradDelSqRho = -4.0927261580E-12 -1.3642420527E-12 -3.9790393203E-12
HessDelSqRho_EigVals = -5.2818169721E+05  7.8206146215E+03  7.8239810071E+03
HessDelSqRho_EigVec1 =  6.1218930921E-01  7.3014618528E-01  3.0349760759E-01
HessDelSqRho_EigVec2 = -2.0620413515E-01 -2.2312692499E-01  9.5272988301E-01
HessDelSqRho_EigVec3 =  7.6335057761E-01 -6.4583351064E-01  1.3963244595E-02
</CP of DelSqRho>
<CP of DelSqRho>
CP# = 44      
Type = (3,-1)
Coords =  1.46259232324949E-02 -1.22425824358639E-01  2.65036829849713E-01
DistFromNuc =  2.9232800123E-01
Rho =  2.2133538842E+01
DelSqRho =  1.6076061535E+03
GradDelSqRho =  1.4779288904E-12 -3.1832314562E-12  3.1832314562E-12
HessDelSqRho_EigVals = -5.3170347660E+05 -5.8732089130E+03  1.1750337799E+04
HessDelSqRho_EigVec1 =  5.0175706090E-02 -4.1883555342E-01  9.0667479159E-01
HessDelSqRho_EigVec2 = -2.9079938036E-01  8.6235810231E-01  4.1445654026E-01
HessDelSqRho_EigVec3 =  9.5546748710E-01  2.8445611713E-01  7.8527692720E-02
</CP of DelSqRho>
<CP of DelSqRho>
CP# = 45      
Type = (3,-1)
Coords = -1.47092410982613E-02  1.22447110063964E-01 -2.65056909839772E-01
DistFromNuc =  2.9232803332E-01
Rho =  2.2133529702E+01
DelSqRho =  1.6076053187E+03
GradDelSqRho = -1.3073986338E-12  5.0590642786E-12 -3.6379788071E-12
HessDelSqRho_EigVals = -5.3170297699E+05 -5.8731975827E+03  1.1750384962E+04
HessDelSqRho_EigVec1 =  5.0174174637E-02 -4.1882984530E-01  9.0667751317E-01
HessDelSqRho_EigVec2 = -2.9079611711E-01  8.6236189149E-01  4.1445094569E-01
HessDelSqRho_EigVec3 =  9.5546856069E-01  2.8445303443E-01  7.8525796599E-02
</CP of DelSqRho>
<CP of DelSqRho>
CP# = 46      
Type = (3,+1)
Coords =  6.10802237751274E-01  1.81897912568119E-01  5.01638590602663E-02
DistFromNuc =  6.3932040796E-01
Rho =  2.8427522916E+00
DelSqRho = -2.9138024851E+01
GradDelSqRho =  1.3322676296E-13  1.4210854715E-14 -1.0658141036E-14
HessDelSqRho_EigVals = -2.3436399306E+02  4.6736886585E+02  5.0746929921E+03
HessDelSqRho_EigVec1 = -2.9081241297E-01  8.6230320232E-01  4.1456160909E-01
HessDelSqRho_EigVec2 =  5.0235146975E-02 -4.1892945115E-01  9.0662811834E-01
HessDelSqRho_EigVec3 =  9.5546039712E-01  2.8448427412E-01  7.8511956447E-02
</CP of DelSqRho>
<CP of DelSqRho>
CP# = 47      
Type = (3,+1)
Coords = -6.10882412402764E-01 -1.81885353940951E-01 -5.01912030484974E-02
DistFromNuc =  6.3932058469E-01
Rho =  2.8427498958E+00
DelSqRho = -2.9138046938E+01
GradDelSqRho = -4.1211478674E-13 -1.1368683772E-13 -3.9079850467E-14
HessDelSqRho_EigVals = -2.3436216112E+02  4.6737038580E+02  5.0746795524E+03
HessDelSqRho_EigVec1 = -2.9083475395E-01  8.6231115318E-01  4.1452939702E-01
HessDelSqRho_EigVec2 =  5.0220894290E-02 -4.1890175735E-01  9.0664170402E-01
HessDelSqRho_EigVec3 =  9.5545434620E-01  2.8450095393E-01  7.8525152256E-02
</CP of DelSqRho>
<CP of DelSqRho>
CP# = 48      
Type = (3,+1)
Coords =  1.89944880538075E-01  3.46814118348973E-01  5.02344389419378E-01
DistFromNuc =  6.3931736935E-01
Rho =  2.8428486232E+00
DelSqRho = -2.9141348979E+01
GradDelSqRho =  9.7699626167E-14  9.9475983006E-14  9.9475983006E-14
HessDelSqRho_EigVals = -2.3424425597E+02  4.6741563075E+02  5.0749749008E+03
HessDelSqRho_EigVec1 =  6.4014945861E-01  4.9740664767E-01 -5.8548723085E-01
HessDelSqRho_EigVec2 = -7.0845853261E-01  6.7697780034E-01 -1.9946820654E-01
HessDelSqRho_EigVec3 =  2.9714504574E-01  5.4248288886E-01  7.8575895610E-01
</CP of DelSqRho>
<CP of DelSqRho>
CP# = 49      
Type = (3,+1)
Coords = -1.90036382360242E-01 -3.46796183504132E-01 -5.02357649948787E-01
DistFromNuc =  6.3931752733E-01
Rho =  2.8428407835E+00
DelSqRho = -2.9141094992E+01
GradDelSqRho = -7.8159700934E-14 -1.3500311979E-13 -1.4388490399E-13
HessDelSqRho_EigVals = -2.3424697304E+02  4.6740952792E+02  5.0749585859E+03
HessDelSqRho_EigVec1 =  6.4012209225E-01  4.9741785929E-01 -5.8550762615E-01
HessDelSqRho_EigVec2 = -7.0847797322E-01  6.7696314837E-01 -1.9944888373E-01
HessDelSqRho_EigVec3 =  2.9715764921E-01  5.4249089303E-01  7.8574866369E-01
</CP of DelSqRho>
<CP of DelSqRho>
CP# = 50      
Type = (3,+3)
Coords = -5.98094420807782E-01  1.67577704984740E-01  1.10537811061793E-01
DistFromNuc =  6.3084554958E-01
Rho =  3.0348501179E+00
DelSqRho = -3.7319831806E+01
GradDelSqRho =  2.8421709430E-13 -2.1316282073E-14 -3.9079850467E-14
HessDelSqRho_EigVals =  3.3640861745E+02  3.3650440095E+02  5.8946846109E+03
HessDelSqRho_EigVec1 =  1.7245575124E-01 -3.3958967737E-02  9.8443171545E-01
HessDelSqRho_EigVec2 =  2.6743756881E-01  9.6347900671E-01 -1.3614346352E-02
HessDelSqRho_EigVec3 =  9.4801696222E-01 -2.6562189696E-01 -1.7523939967E-01
</CP of DelSqRho>
<CP of DelSqRho>
CP# = 51      
Type = (3,+3)
Coords =  5.98008386447543E-01 -1.67553088889500E-01 -1.10575828193944E-01
DistFromNuc =  6.3084609910E-01
Rho =  3.0348426698E+00
DelSqRho = -3.7319576054E+01
GradDelSqRho =  6.7945649107E-14 -4.2632564146E-14 -4.6185277824E-14
HessDelSqRho_EigVals =  3.3638721555E+02  3.3651426022E+02  5.8946315111E+03
HessDelSqRho_EigVec1 =  1.8102142367E-01 -2.8490210980E-03  9.8347502625E-01
HessDelSqRho_EigVec2 =  2.6172786042E-01  9.6407418613E-01 -4.5381612160E-02
HessDelSqRho_EigVec3 =  9.4801359234E-01 -2.6561785844E-01 -1.7526374989E-01
</CP of DelSqRho>
<CP of DelSqRho>
CP# = 52      
Type = (3,+1)
Coords =  3.19933660222184E-02 -2.67753540839623E-01  5.79646710903783E-01
DistFromNuc =  6.3931668930E-01
Rho =  2.8428676303E+00
DelSqRho = -2.9142048062E+01
GradDelSqRho = -1.4210854715E-14  5.8619775700E-14 -1.9895196601E-13
HessDelSqRho_EigVals = -2.3421673820E+02  4.6742756432E+02  5.0750369034E+03
HessDelSqRho_EigVec1 = -2.9081356085E-01  8.6236554447E-01  4.1443110468E-01
HessDelSqRho_EigVec2 =  9.5546480539E-01  2.8445748031E-01  7.8555378866E-02
HessDelSqRho_EigVec3 =  5.0144575732E-02 -4.1881930424E-01  9.0668401989E-01
</CP of DelSqRho>
<CP of DelSqRho>
CP# = 53      
Type = (3,+1)
Coords = -3.20818712643687E-02  2.67790513272803E-01 -5.79659661750536E-01
DistFromNuc =  6.3931708777E-01
Rho =  2.8428612465E+00
DelSqRho = -2.9141811020E+01
GradDelSqRho =  4.1189274214E-14 -1.4210854715E-14 -5.6843418861E-14
HessDelSqRho_EigVals = -2.3421655200E+02  4.6741990195E+02  5.0749995411E+03
HessDelSqRho_EigVec1 = -2.9078641055E-01  8.6236208577E-01  4.1445735181E-01
HessDelSqRho_EigVec2 =  9.5547266131E-01  2.8443419043E-01  7.8544158275E-02
HessDelSqRho_EigVec3 =  5.0152337175E-02 -4.1884224279E-01  9.0667299438E-01
</CP of DelSqRho>
<CP of DelSqRho>
CP# = 54      
Type = (3,+1)
Coords = -4.20826624434513E-01  1.65044104544111E-01  4.52131274886224E-01
DistFromNuc =  6.3931766009E-01
Rho =  2.8428376725E+00
DelSqRho = -2.9140914827E+01
GradDelSqRho =  1.9895196601E-13 -1.1368683772E-13 -3.2684965845E-13
HessDelSqRho_EigVals = -2.3426301017E+02  4.6741134786E+02  5.0749464318E+03
HessDelSqRho_EigVec1 =  7.1116785938E-01 -9.5089033115E-02  6.9656180743E-01
HessDelSqRho_EigVec2 = -2.4703484258E-01 -9.6142621610E-01  1.2096866350E-01
HessDelSqRho_EigVec3 = -6.5818998955E-01  2.5810406192E-01  7.0722572838E-01
</CP of DelSqRho>
<CP of DelSqRho>
CP# = 55      
Type = (3,+1)
Coords =  4.20731750038619E-01 -1.65016518436128E-01 -4.52162445144529E-01
DistFromNuc =  6.3931741094E-01
Rho =  2.8428448473E+00
DelSqRho = -2.9141203141E+01
GradDelSqRho = -2.6645352591E-14  7.1054273576E-15 -5.6843418861E-14
HessDelSqRho_EigVals = -2.3425647526E+02  4.6741584090E+02  5.0749721142E+03
HessDelSqRho_EigVec1 =  7.1118940092E-01 -9.5096309914E-02  6.9653882006E-01
HessDelSqRho_EigVec2 = -2.4703073825E-01 -9.6142762229E-01  1.2096586894E-01
HessDelSqRho_EigVec3 = -6.5816825385E-01  2.5809614281E-01  7.0724884637E-01
</CP of DelSqRho>
<CP of DelSqRho>
CP# = 56      
Type = (3,+3)
Coords = -8.01043201374226E-02  9.83211595500558E-02  6.17970665605882E-01
DistFromNuc =  6.3085221081E-01
Rho =  3.0347345178E+00
DelSqRho = -3.7313748499E+01
GradDelSqRho = -1.5987211555E-13 -7.8159700934E-14  4.6895820560E-13
HessDelSqRho_EigVals =  3.3626600987E+02  3.3630223002E+02  5.8940040781E+03
HessDelSqRho_EigVec1 = -1.6752162425E-01  9.7002809661E-01 -1.7601703667E-01
HessDelSqRho_EigVec2 = -9.7766587787E-01 -1.8644175490E-01 -9.6999501432E-02
HessDelSqRho_EigVec3 = -1.2690916695E-01  1.5583633664E-01  9.7959639624E-01
</CP of DelSqRho>
<CP of DelSqRho>
CP# = 57      
Type = (3,+3)
Coords =  8.00096380804950E-02 -9.82931366823410E-02 -6.17991845686011E-01
DistFromNuc =  6.3085179195E-01
Rho =  3.0347381069E+00
DelSqRho = -3.7313864085E+01
GradDelSqRho =  2.0605739337E-13  4.9737991503E-14 -6.8212102633E-13
HessDelSqRho_EigVals =  3.3626596285E+02  3.3630812400E+02  5.8940439255E+03
HessDelSqRho_EigVec1 = -1.0508465131E-01  9.7991302433E-01 -1.6949242109E-01
HessDelSqRho_EigVec2 = -9.8633384478E-01 -1.2444884639E-01 -1.0797236347E-01
HessDelSqRho_EigVec3 = -1.2689666151E-01  1.5582987319E-01  9.7959904447E-01
</CP of DelSqRho>
<CP of DelSqRho>
CP# = 58      
Type = (3,+1)
Coords = -1.57913704733907E-01 -6.14665206299578E-01  7.73115860426273E-02
DistFromNuc =  6.3931948637E-01
Rho =  2.8427789668E+00
DelSqRho = -2.9139185763E+01
GradDelSqRho =  2.4868995752E-14 -4.2632564146E-14 -1.4210854715E-14
HessDelSqRho_EigVals = -2.3431623398E+02  4.6738773631E+02  5.0747786041E+03
HessDelSqRho_EigVec1 =  7.1106738877E-01 -9.4989264267E-02  6.9667798035E-01
HessDelSqRho_EigVec2 = -6.5832661154E-01  2.5807054431E-01  7.0711078813E-01
HessDelSqRho_EigVec3 =  2.4695999912E-01  9.6144507583E-01 -1.2097158758E-01
</CP of DelSqRho>
<CP of DelSqRho>
CP# = 59      
Type = (3,+1)
Coords =  1.57839069439434E-01  6.14687015073094E-01 -7.73224161680718E-02
DistFromNuc =  6.3931977995E-01
Rho =  2.8427764906E+00
DelSqRho = -2.9139028953E+01
GradDelSqRho =  7.8159700934E-14  2.1316282073E-13 -2.1316282073E-14
HessDelSqRho_EigVals = -2.3431668293E+02  4.6738272683E+02  5.0747500848E+03
HessDelSqRho_EigVec1 =  7.1106313971E-01 -9.5015268655E-02  6.9667877107E-01
HessDelSqRho_EigVec2 = -6.5832421869E-01  2.5807025494E-01  7.0711312150E-01
HessDelSqRho_EigVec3 =  2.4697861127E-01  9.6144258395E-01 -1.2095339324E-01
</CP of DelSqRho>
<CP of DelSqRho>
CP# = 60      
Type = (3,+1)
Coords =  4.52887553487573E-01 -4.32779188352778E-01  1.27574912625997E-01
DistFromNuc =  6.3932037182E-01
Rho =  2.8427585225E+00
DelSqRho = -2.9138357667E+01
GradDelSqRho = -5.6843418861E-14 -1.7763568394E-14  6.0396132540E-14
HessDelSqRho_EigVals = -2.3434168466E+02  4.6737225917E+02  5.0746976609E+03
HessDelSqRho_EigVec1 = -6.4012730675E-01 -4.9727622857E-01  5.8562221922E-01
HessDelSqRho_EigVec2 =  2.9722792680E-01  5.4260709000E-01  7.8564184296E-01
HessDelSqRho_EigVec3 =  7.0844378089E-01 -6.7697407511E-01  1.9953323268E-01
</CP of DelSqRho>
<CP of DelSqRho>
CP# = 61      
Type = (3,+1)
Coords = -4.52960408536036E-01  4.32810185084174E-01 -1.27603221034048E-01
DistFromNuc =  6.3932006782E-01
Rho =  2.8427660398E+00
DelSqRho = -2.9138574419E+01
GradDelSqRho =  1.2789769244E-13 -1.5631940187E-13  5.3290705182E-14
HessDelSqRho_EigVals = -2.3433663559E+02  4.6737445759E+02  5.0747241257E+03
HessDelSqRho_EigVec1 = -6.4015534333E-01 -4.9727579605E-01  5.8559193904E-01
HessDelSqRho_EigVec2 =  2.9720780933E-01  5.4259095068E-01  7.8566059995E-01
HessDelSqRho_EigVec3 =  7.0842688718E-01 -6.7698732847E-01  1.9954824634E-01
</CP of DelSqRho>
<CP of DelSqRho>
CP# = 62      
Type = (3,+3)
Coords =  3.86162896573519E-01  4.60615272042471E-01  1.91451620765509E-01
DistFromNuc =  6.3084663249E-01
Rho =  3.0348270343E+00
DelSqRho = -3.7318766855E+01
