 AIMInt (Version 19.02.13, Professional)
 Portions Copyright (c) 1997-2019 by Todd A. Keith
 AIMInt is a component of the AIMAll package ( http://aim.tkgristmill.com )

 TP:  64-bit Linux

 Licensed To:  Research Group of Fernando Cortes Guzman, UNAM, fercor@unam.mx

 AIMInt is a heavily modified and extended version of the PROAIMV program
 developed by members of R.F.W. Bader's research group

 Much of the Quantum Theory of Atoms in Molecules (QTAIM) is described in the book:
   "Atoms in Molecules - A Quantum Theory"
   R.F.W. Bader, Oxford University Press, Oxford, 1990

 For additional references see:  http://aim.tkgristmill.com/references.html

 Current Directory:  /home/lillian/David/proyecto_spin/noab/hexaaqua/def2/pbe0/opt_scan/int

 Inp File:  ni23_pbe0_noab_atomicfiles/ni1.inp
 Wfx File:  ni23_pbe0_noab.wfx
 Out File:  ni23_pbe0_noab_atomicfiles/ni1.int

 Wfx Title:   Title Card Required                                                           
 Job Title:   Title Card Required                                                           
 
<Atom>
Ni1     
</Atom>
<Nuclei of Molecule>
    19
Ni1       28.0           5.6434242046E-06   1.3050240420E-04  -5.7099792787E-05
O2         8.0           3.2765349667E+00  -9.0024274181E-01  -1.9388348454E+00
H3         1.0           4.3878538566E+00   2.7709162962E-01  -2.7754543952E+00
H4         1.0           3.9588809230E+00  -2.5734793877E+00  -2.1755570575E+00
O5         8.0           2.0553093239E+00   3.4304133054E-01   3.3104974060E+00
H6         1.0           1.3875986574E+00   7.7289902527E-01   4.9507570055E+00
H7         1.0           3.8535556977E+00   1.0573807578E-01   3.4870129439E+00
O8         8.0          -2.0559383002E+00  -3.4329288406E-01  -3.3100276803E+00
H9         1.0          -3.8523564477E+00  -9.3561524016E-02  -3.4879435052E+00
H10        1.0          -1.3904011348E+00  -7.8089806992E-01  -4.9491175392E+00
O11        8.0           5.9211490836E-01   3.7914313202E+00  -7.6102335399E-01
H12        1.0          -2.5854171676E-02   4.7050442572E+00  -2.2117207464E+00
H13        1.0           1.5312492346E+00   4.9609045012E+00   2.7407224101E-01
O14        8.0          -5.9177285945E-01  -3.7912570143E+00   7.6007956464E-01
H15        1.0           1.8305129883E-02  -4.7027248952E+00   2.2154502497E+00
H16        1.0          -1.5225833269E+00  -4.9629051879E+00  -2.8005215049E-01
O17        8.0          -3.2761943309E+00   8.9972729658E-01   1.9395483458E+00
H18        1.0          -3.9443043619E+00   2.5748087041E+00   2.2025415306E+00
H19        1.0          -4.4025317395E+00  -2.8182965328E-01   2.7496947224E+00
</Nuclei of Molecule>
<Total Number of CPs of DelSqRho>
    88
</Total Number of CPs of DelSqRho>
<Number of (3,+3) CPs of DelSqRho>
    11
</Number of (3,+3) CPs of DelSqRho>
<Number of (3,+1) CPs of DelSqRho>
    31
</Number of (3,+1) CPs of DelSqRho>
<Number of (3,-1) CPs of DelSqRho>
    34
</Number of (3,-1) CPs of DelSqRho>
<Number of (3,-3) CPs of DelSqRho>
    12
</Number of (3,-3) CPs of DelSqRho>
<Number of Degenerate CPs of DelSqRho>
     0
</Number of Degenerate CPs of DelSqRho>
<CP of DelSqRho>
CP# = 1       
Type = (3,+1)
Coords = -3.84359801558828E-01 -2.87288333639387E-01  2.68401767408377E-01
DistFromNuc =  5.4992412748E-01
Rho =  5.3426206930E+00
DelSqRho = -6.6965923254E+01
GradDelSqRho =  1.2363443602E-12  7.9580786405E-13 -5.8264504332E-13
HessDelSqRho_EigVals = -8.2198313089E+02  1.6439411754E+03  1.5808878074E+04
HessDelSqRho_EigVec1 =  5.2547065843E-01  8.7739606729E-02  8.4627557482E-01
HessDelSqRho_EigVec2 = -4.8514252828E-01  8.4801730218E-01  2.1331521853E-01
HessDelSqRho_EigVec3 =  6.9894013648E-01  5.2265516033E-01 -4.8817442477E-01
</CP of DelSqRho>
<CP of DelSqRho>
CP# = 2       
Type = (3,+1)
Coords =  6.92616354146725E-02  1.08291493082759E-01  6.66452204458124E-02
DistFromNuc =  1.4472177395E-01
Rho =  1.3771304420E+02
DelSqRho = -1.0223249859E+04
GradDelSqRho =  9.4587448984E-11  6.9121597335E-11 -1.7462298274E-10
HessDelSqRho_EigVals = -7.5426345940E+04  1.5083780810E+05  2.1363204564E+07
HessDelSqRho_EigVec1 = -8.3722813862E-01  2.3016359136E-01  4.9605822754E-01
HessDelSqRho_EigVec2 =  2.6465745444E-01 -6.2326540934E-01  7.3586456724E-01
HessDelSqRho_EigVec3 =  4.7854516579E-01  7.4737202967E-01  4.6090082834E-01
</CP of DelSqRho>
<CP of DelSqRho>
CP# = 3       
Type = (3,-1)
Coords =  8.81632470754300E-02  5.65394329672348E-01 -1.13416737416090E-01
DistFromNuc =  5.8321982557E-01
Rho =  4.1514176992E+00
DelSqRho = -1.0723652454E+01
GradDelSqRho =  6.2172489379E-14  8.5975671027E-13 -7.8159700934E-14
HessDelSqRho_EigVals = -1.1660523685E+03 -1.1659844673E+03  7.7999234994E+03
HessDelSqRho_EigVec1 =  2.0232642255E-01  1.6213133763E-01  9.6580404229E-01
HessDelSqRho_EigVec2 =  9.6758227369E-01 -1.8531450828E-01 -1.7158985011E-01
HessDelSqRho_EigVec3 =  1.5115740927E-01  9.6921203169E-01 -1.9436942981E-01
</CP of DelSqRho>
<CP of DelSqRho>
CP# = 4       
Type = (3,-1)
Coords = -8.81538471446638E-02 -5.65132154458658E-01  1.13307763876795E-01
DistFromNuc =  5.8321999223E-01
Rho =  4.1514145141E+00
DelSqRho = -1.0723383417E+01
GradDelSqRho =  1.0658141036E-13  9.2370555649E-14 -7.1054273576E-14
HessDelSqRho_EigVals = -1.1661078257E+03 -1.1659413932E+03  7.7998931411E+03
HessDelSqRho_EigVec1 = -6.8480867835E-02  2.0643112974E-01  9.7606176004E-01
HessDelSqRho_EigVec2 =  9.8613436893E-01 -1.3423051861E-01  9.7576504774E-02
HessDelSqRho_EigVec3 =  1.5116010436E-01  9.6921017151E-01 -1.9437660945E-01
</CP of DelSqRho>
<CP of DelSqRho>
CP# = 5       
Type = (3,-1)
Coords =  7.60278707220002E-02  1.28313367498393E-02  1.22381801870283E-01
DistFromNuc =  1.4467886811E-01
Rho =  1.3728407792E+02
DelSqRho = -9.8283789754E+03
GradDelSqRho = -8.3673512563E-11  5.8207660913E-11 -2.5465851650E-11
HessDelSqRho_EigVals = -1.5092548395E+05 -1.5089588000E+05  2.1354680360E+07
HessDelSqRho_EigVec1 = -3.8893810722E-01  9.0943550620E-01  1.4715369114E-01
HessDelSqRho_EigVec2 =  7.5671940845E-01  4.0647335987E-01 -5.1201088327E-01
HessDelSqRho_EigVec3 =  5.2545493207E-01  8.7786489706E-02  8.4628047750E-01
</CP of DelSqRho>
<CP of DelSqRho>
CP# = 6       
Type = (3,-1)
Coords = -7.60185149155668E-02 -1.25703157118379E-02 -1.22494798373452E-01
DistFromNuc =  1.4467886323E-01
Rho =  1.3728409262E+02
DelSqRho = -9.8283806417E+03
GradDelSqRho =  1.4551915228E-10 -1.8189894035E-11  1.4551915228E-11
HessDelSqRho_EigVals = -1.5091806236E+05 -1.5090489208E+05  2.1354686555E+07
HessDelSqRho_EigVec1 =  8.0775783139E-01  2.6093472035E-01 -5.2862118530E-01
HessDelSqRho_EigVec2 = -2.6722758935E-01  9.6135665468E-01  6.6202703862E-02
HessDelSqRho_EigVec3 =  5.2546807831E-01  8.7786412525E-02  8.4627232287E-01
</CP of DelSqRho>
<CP of DelSqRho>
CP# = 7       
Type = (3,+1)
Coords = -2.37443107215903E-02  1.90376007379013E-01  1.69618448505515E-01
DistFromNuc =  2.5602188222E-01
Rho =  3.4861032600E+01
DelSqRho =  2.9713633720E+03
GradDelSqRho = -5.4569682106E-12  1.3642420527E-11  2.7284841053E-12
HessDelSqRho_EigVals = -1.3524267581E+06  2.6910715285E+04  2.6913590930E+04
HessDelSqRho_EigVec1 = -9.2765155682E-02  7.4308258201E-01  6.6273893971E-01
HessDelSqRho_EigVec2 =  7.2386311390E-01 -4.0670299473E-01  5.5732832909E-01
HessDelSqRho_EigVec3 =  6.8367888531E-01  5.3143292182E-01 -5.0016220508E-01
</CP of DelSqRho>
<CP of DelSqRho>
CP# = 8       
Type = (3,-3)
Coords = -3.85644925642026E-02 -2.47177864938631E-01  4.95384918790362E-02
DistFromNuc =  2.5516427387E-01
Rho =  3.3897033676E+01
DelSqRho =  3.4128420352E+03
GradDelSqRho =  7.9580786405E-13  1.8189894035E-11 -1.4097167877E-11
HessDelSqRho_EigVals = -1.4055956456E+06 -4.0729938632E+04 -4.0726382041E+04
HessDelSqRho_EigVec1 =  1.5115791194E-01  9.6921254462E-01 -1.9436648119E-01
HessDelSqRho_EigVec2 = -3.9706915997E-01  2.3959809577E-01  8.8596209552E-01
HessDelSqRho_EigVec3 =  9.0525541581E-01 -5.6743245007E-02  4.2106155879E-01
</CP of DelSqRho>
<CP of DelSqRho>
CP# = 9       
Type = (3,-3)
Coords =  3.85759756056824E-02  2.47438680896519E-01 -4.96534138408995E-02
DistFromNuc =  2.5516426090E-01
Rho =  3.3897042074E+01
DelSqRho =  3.4128411107E+03
GradDelSqRho = -8.9812601800E-12 -1.8189894035E-11  6.6791017161E-12
HessDelSqRho_EigVals = -1.4055955847E+06 -4.0730374070E+04 -4.0725997689E+04
HessDelSqRho_EigVec1 =  1.5115911012E-01  9.6921155023E-01 -1.9437050787E-01
HessDelSqRho_EigVec2 = -3.6651547789E-01  2.3756659051E-01  8.9957129764E-01
HessDelSqRho_EigVec3 =  9.1805083078E-01 -6.4738597265E-02  3.9114138892E-01
</CP of DelSqRho>
<CP of DelSqRho>
CP# = 10      
Type = (3,+3)
Coords =  5.02564233050677E-02 -4.02469191955003E-01 -3.59122162187070E-01
DistFromNuc =  5.4179274064E-01
Rho =  5.7282639120E+00
DelSqRho = -8.8261137654E+01
GradDelSqRho =  1.7053025658E-13 -3.4106051316E-13 -2.8421709430E-13
HessDelSqRho_EigVals =  1.1910182309E+03  1.1911555471E+03  1.8517198103E+04
HessDelSqRho_EigVec1 =  8.9981101142E-01 -2.2242605912E-01  3.7532225081E-01
HessDelSqRho_EigVec2 = -4.2630701942E-01 -6.3114715645E-01  6.4800894446E-01
HessDelSqRho_EigVec3 = -9.2749495562E-02  7.4308809378E-01  6.6273495151E-01
</CP of DelSqRho>
<CP of DelSqRho>
CP# = 11      
Type = (3,-1)
Coords = -5.63971829054558E-02  5.76101398513048E-02  2.42739651980954E-01
DistFromNuc =  2.5580353831E-01
Rho =  3.4620660421E+01
DelSqRho =  3.0816703173E+03
GradDelSqRho =  1.7053025658E-13  5.6843418861E-12 -3.6379788071E-12
HessDelSqRho_EigVals = -1.3659031912E+06 -2.0230899074E+04  4.0454006636E+04
HessDelSqRho_EigVec1 = -2.2049264965E-01  2.2470121911E-01  9.4915349316E-01
HessDelSqRho_EigVec2 =  1.5114287647E-01  9.6922008317E-01 -1.9434058063E-01
HessDelSqRho_EigVec3 = -9.6360719297E-01  1.0060711961E-01 -2.4766789284E-01
</CP of DelSqRho>
<CP of DelSqRho>
CP# = 12      
Type = (3,+1)
Coords = -1.79085061856851E-01  1.64421849011394E-01 -8.05676694134706E-02
DistFromNuc =  2.5602163797E-01
Rho =  3.4861070110E+01
DelSqRho =  2.9713972623E+03
GradDelSqRho =  0.0000000000E+00 -5.1159076975E-12 -4.4337866711E-12
HessDelSqRho_EigVals = -1.3524349895E+06  2.6905158833E+04  2.6907935757E+04
HessDelSqRho_EigVec1 =  6.9951375846E-01 -6.4170874182E-01  3.1446842830E-01
HessDelSqRho_EigVec2 =  7.0286876861E-01  5.3834424508E-01 -4.6493114318E-01
HessDelSqRho_EigVec3 =  1.2905811029E-01  5.4625576836E-01  8.2761623939E-01
</CP of DelSqRho>
<CP of DelSqRho>
CP# = 13      
Type = (3,+1)
Coords =  1.79096523167704E-01 -1.64160685158343E-01  8.04539952226239E-02
DistFromNuc =  2.5602182317E-01
Rho =  3.4860992463E+01
DelSqRho =  2.9713926602E+03
GradDelSqRho = -1.1368683772E-12 -1.2164491636E-11  1.2363443602E-12
HessDelSqRho_EigVals = -1.3524297039E+06  2.6905389565E+04  2.6908536722E+04
HessDelSqRho_EigVec1 =  6.9951419326E-01 -6.4170776027E-01  3.1446946408E-01
HessDelSqRho_EigVec2 =  6.9951782876E-01  5.2488445982E-01 -4.8494444122E-01
HessDelSqRho_EigVec3 =  1.4613247645E-01  5.5920251630E-01  8.1605014863E-01
</CP of DelSqRho>
<CP of DelSqRho>
CP# = 14      
Type = (3,-1)
Coords =  5.64081510543298E-02 -5.73525123490327E-02 -2.42853270406938E-01
DistFromNuc =  2.5580367534E-01
Rho =  3.4620599089E+01
DelSqRho =  3.0816683128E+03
GradDelSqRho = -2.9558577808E-12  8.8675733423E-12  2.3646862246E-11
HessDelSqRho_EigVals = -1.3658996059E+06 -2.0230541617E+04  4.0454129064E+04
HessDelSqRho_EigVec1 = -2.2049066699E-01  2.2471671869E-01  9.4915028426E-01
HessDelSqRho_EigVec2 =  1.5114780369E-01  9.6921635265E-01 -1.9435535287E-01
HessDelSqRho_EigVec3 = -9.6360687379E-01  1.0060843945E-01 -2.4766859854E-01
</CP of DelSqRho>
<CP of DelSqRho>
CP# = 15      
Type = (3,-3)
Coords = -2.13636716882424E-01  5.88361499878471E-02  1.26510745086993E-01
DistFromNuc =  2.5516432065E-01
Rho =  3.3896995055E+01
DelSqRho =  3.4128399847E+03
GradDelSqRho =  5.4569682106E-12  1.8189894035E-12 -1.0004441720E-11
HessDelSqRho_EigVals = -1.4055928454E+06 -4.0730255160E+04 -4.0725996949E+04
HessDelSqRho_EigVec1 =  8.3727338956E-01 -2.3006992039E-01 -4.9602530466E-01
HessDelSqRho_EigVec2 =  4.2411849569E-01  8.4582433113E-01  3.2358106013E-01
HessDelSqRho_EigVec3 =  3.4510400280E-01 -4.8129931705E-01  8.0576311324E-01
</CP of DelSqRho>
<CP of DelSqRho>
CP# = 16      
Type = (3,-3)
Coords =  2.13648198999338E-01 -5.85753478952234E-02 -1.26624553804098E-01
DistFromNuc =  2.5516433690E-01
Rho =  3.3896986773E+01
DelSqRho =  3.4128397201E+03
GradDelSqRho = -1.0004441720E-11 -1.8189894035E-12  1.8189894035E-12
HessDelSqRho_EigVals = -1.4055924800E+06 -4.0729594292E+04 -4.0726504041E+04
HessDelSqRho_EigVec1 =  8.3727454771E-01 -2.3007091362E-01 -4.9602288905E-01
HessDelSqRho_EigVec2 =  4.1492172727E-01  8.5815589815E-01  3.0233824552E-01
HessDelSqRho_EigVec3 =  3.5610573148E-01 -4.5895079166E-01  8.1397351237E-01
</CP of DelSqRho>
<CP of DelSqRho>
CP# = 17      
Type = (3,+3)
Coords = -1.26503760106226E-01 -6.89662679452824E-02 -1.30774127088030E-02
DistFromNuc =  1.4473604044E-01
Rho =  1.3785626206E+02
DelSqRho = -1.0354924993E+04
GradDelSqRho = -1.3096723706E-10 -3.6379788071E-11  2.3646862246E-11
HessDelSqRho_EigVals =  1.0053526681E+05  1.0056562261E+05  2.1366135404E+07
HessDelSqRho_EigVec1 =  2.2486588876E-01 -5.6173472726E-01  7.9617173290E-01
HessDelSqRho_EigVec2 = -4.3062449338E-01  6.7568085929E-01  5.9834598862E-01
HessDelSqRho_EigVec3 =  8.7406972134E-01  4.7739865164E-01  8.9959155395E-02
</CP of DelSqRho>
<CP of DelSqRho>
CP# = 18      
Type = (3,-3)
Coords =  1.34083559373969E-01  2.25304530750298E-02  2.15883036502349E-01
DistFromNuc =  2.5516423691E-01
Rho =  3.3897065729E+01
DelSqRho =  3.4128383645E+03
GradDelSqRho =  7.7307049651E-12 -4.5474735089E-13  3.6379788071E-12
HessDelSqRho_EigVals = -1.4055969588E+06 -4.0728699759E+04 -4.0726019029E+04
HessDelSqRho_EigVec1 =  5.2545710812E-01  8.7786592878E-02  8.4627911568E-01
HessDelSqRho_EigVec2 = -4.8626672768E-01  8.4718953575E-01  2.1404336026E-01
HessDelSqRho_EigVec3 =  6.9816867380E-01  5.2398798138E-01 -4.8784946273E-01
</CP of DelSqRho>
<CP of DelSqRho>
CP# = 19      
Type = (3,-3)
Coords = -1.34072504237585E-01 -2.22695482657110E-02 -2.15997068080376E-01
DistFromNuc =  2.5516422526E-01
Rho =  3.3897071827E+01
DelSqRho =  3.4128393671E+03
GradDelSqRho =  1.5006662579E-11  2.5011104299E-12  9.0949470177E-13
HessDelSqRho_EigVals = -1.4055976632E+06 -4.0728322519E+04 -4.0726465024E+04
HessDelSqRho_EigVec1 =  5.2545850910E-01  8.7787066543E-02  8.4627819667E-01
HessDelSqRho_EigVec2 = -5.4066768684E-01  8.0245967396E-01  2.5246172794E-01
HessDelSqRho_EigVec3 =  6.5694125127E-01  5.9021343818E-01 -4.6912289410E-01
</CP of DelSqRho>
<CP of DelSqRho>
CP# = 20      
Type = (3,-1)
Coords =  2.46499399349905E-01 -2.56072431958784E-02  6.32982845849515E-02
DistFromNuc =  2.5580365124E-01
Rho =  3.4620699982E+01
DelSqRho =  3.0816435172E+03
GradDelSqRho =  1.4551915228E-11  2.7284841053E-12  5.6843418861E-12
HessDelSqRho_EigVals = -1.3658977253E+06 -2.0225415366E+04  4.0455596675E+04
HessDelSqRho_EigVec1 =  9.6360543525E-01 -1.0061410783E-01  2.4767189277E-01
HessDelSqRho_EigVec2 =  1.5116648058E-01  9.6920291477E-01 -1.9440783205E-01
HessDelSqRho_EigVec3 = -2.2048414980E-01  2.2477213198E-01  9.4913867710E-01
</CP of DelSqRho>
<CP of DelSqRho>
CP# = 21      
Type = (3,+1)
Coords = -2.23775318422378E-01 -1.22093521227503E-01 -2.30906786110447E-02
DistFromNuc =  2.5602182835E-01
Rho =  3.4861007264E+01
DelSqRho =  2.9713880700E+03
GradDelSqRho =  7.3896444519E-12  4.5474735089E-12  2.7284841053E-12
HessDelSqRho_EigVals = -1.3524296725E+06  2.6904602688E+04  2.6911046014E+04
HessDelSqRho_EigVec1 =  8.7406965215E-01  4.7739711929E-01  8.9967959208E-02
HessDelSqRho_EigVec2 = -2.4120774959E-01  5.8723682588E-01 -7.7263945788E-01
HessDelSqRho_EigVec3 = -4.2168835023E-01  6.5363973321E-01  6.2843777293E-01
</CP of DelSqRho>
<CP of DelSqRho>
CP# = 22      
Type = (3,+3)
Coords = -1.34193809599188E-02  1.07683480017259E-01  9.58628821887131E-02
DistFromNuc =  1.4473602598E-01
Rho =  1.3785632347E+02
DelSqRho = -1.0354964350E+04
GradDelSqRho =  5.4569682106E-12 -7.2759576142E-11  1.4551915228E-11
HessDelSqRho_EigVals =  1.0055816483E+05  1.0057976441E+05  2.1366150973E+07
HessDelSqRho_EigVec1 =  8.7820132061E-01 -2.5259950996E-01  4.0614766779E-01
HessDelSqRho_EigVec2 = -4.6921100194E-01 -6.1967683665E-01  6.2915948199E-01
HessDelSqRho_EigVec3 = -9.2754925152E-02  7.4309764210E-01  6.6272348545E-01
</CP of DelSqRho>
<CP of DelSqRho>
CP# = 23      
Type = (3,+3)
Coords =  1.34328752132322E-02 -1.07417347722748E-01 -9.59825951238872E-02
DistFromNuc =  1.4473607455E-01
Rho =  1.3785614664E+02
DelSqRho = -1.0354878496E+04
GradDelSqRho =  1.8189894035E-11  8.3673512563E-11 -2.9103830457E-11
HessDelSqRho_EigVals =  1.0053627350E+05  1.0055184793E+05  2.1366072629E+07
HessDelSqRho_EigVec1 = -1.8774915836E-02 -6.6681939852E-01  7.4498281342E-01
HessDelSqRho_EigVec2 =  9.9551050913E-01  5.6668983479E-02  7.5811954966E-02
HessDelSqRho_EigVec3 = -9.2770300957E-02  7.4306158296E-01  6.6276176353E-01
</CP of DelSqRho>
<CP of DelSqRho>
CP# = 24      
Type = (3,+1)
Coords =  1.39461343926434E-01 -1.44222292627817E-02  3.57860275108635E-02
DistFromNuc =  1.4472181652E-01
Rho =  1.3771298750E+02
DelSqRho = -1.0223256677E+04
GradDelSqRho =  7.2759576142E-11 -3.6379788071E-11  4.3655745685E-11
HessDelSqRho_EigVals = -7.5412050911E+04  1.5083747020E+05  2.1363165832E+07
HessDelSqRho_EigVec1 =  1.5111201102E-01  9.6920835201E-01 -1.9442307098E-01
HessDelSqRho_EigVec2 = -2.2049284778E-01  2.2477425320E-01  9.4913615418E-01
HessDelSqRho_EigVec3 =  9.6361198841E-01 -1.0055697640E-01  2.4766959905E-01
</CP of DelSqRho>
<CP of DelSqRho>
CP# = 25      
Type = (3,+1)
Coords = -6.84285595912323E-02 -9.61613226509430E-02  2.27081008619052E-01
DistFromNuc =  2.5602163191E-01
Rho =  3.4861100955E+01
DelSqRho =  2.9713901574E+03
GradDelSqRho = -5.4569682106E-12  9.3223206932E-12 -4.0927261580E-12
HessDelSqRho_EigVals = -1.3524348042E+06  2.6904489248E+04  2.6910752898E+04
HessDelSqRho_EigVec1 = -2.6729834310E-01 -3.7610750722E-01  8.8718359926E-01
HessDelSqRho_EigVec2 =  9.6175732139E-01 -4.7004903622E-02  2.6983957046E-01
HessDelSqRho_EigVec3 =  5.9786708616E-02 -9.2538299209E-01 -3.7428848155E-01
</CP of DelSqRho>
<CP of DelSqRho>
CP# = 26      
Type = (3,+1)
Coords =  6.84403358605970E-02  9.64214723503154E-02 -2.27195694380277E-01
DistFromNuc =  2.5602187245E-01
Rho =  3.4860999546E+01
DelSqRho =  2.9713845179E+03
GradDelSqRho =  9.0949470177E-13 -6.8212102633E-12  6.3664629124E-12
HessDelSqRho_EigVals = -1.3524278733E+06  2.6905176045E+04  2.6910956501E+04
HessDelSqRho_EigVec1 = -2.6729988095E-01 -3.7610505890E-01  8.8718417384E-01
HessDelSqRho_EigVec2 =  9.6080982753E-01 -3.3845395543E-02  2.7513444809E-01
HessDelSqRho_EigVec3 =  7.3452358523E-02 -9.2595867827E-01 -3.7041230698E-01
</CP of DelSqRho>
<CP of DelSqRho>
CP# = 27      
Type = (3,-1)
Coords =  2.18761649728006E-02  1.40354389395512E-01 -2.81804497525826E-02
DistFromNuc =  1.4467888930E-01
Rho =  1.3728403128E+02
DelSqRho = -9.8283657585E+03
GradDelSqRho =  7.2759576142E-11 -5.8207660913E-11  3.6379788071E-11
HessDelSqRho_EigVals = -1.5093403045E+05 -1.5089870967E+05  2.1354660245E+07
HessDelSqRho_EigVec1 = -2.8021325093E-01  2.3059226658E-01  9.3183031749E-01
HessDelSqRho_EigVec2 =  9.4796066725E-01 -8.6391856607E-02  3.0644252392E-01
HessDelSqRho_EigVec3 =  1.5116582734E-01  9.6920774538E-01 -1.9438425590E-01
</CP of DelSqRho>
<CP of DelSqRho>
CP# = 28      
Type = (3,-1)
Coords =  1.24117383940881E-01 -2.16793258880509E-01 -5.46083269218510E-02
DistFromNuc =  2.5580359404E-01
Rho =  3.4620667314E+01
DelSqRho =  3.0816576327E+03
GradDelSqRho = -1.8758328224E-12  1.2960299500E-11 -9.0949470177E-12
HessDelSqRho_EigVals = -1.3659005582E+06 -2.0228617783E+04  4.0455544190E+04
HessDelSqRho_EigVec1 = -4.8518282283E-01  8.4800933050E-01  2.1325525510E-01
HessDelSqRho_EigVec2 =  5.2544473599E-01  8.7808149771E-02  8.4628456104E-01
HessDelSqRho_EigVec3 =  6.9893165464E-01  5.2265658345E-01 -4.8818504475E-01
</CP of DelSqRho>
<CP of DelSqRho>
CP# = 29      
Type = (3,+1)
Coords = -1.01139839983929E-01 -7.55097541691631E-02  7.06008375983042E-02
DistFromNuc =  1.4472180674E-01
Rho =  1.3771304613E+02
DelSqRho = -1.0223285120E+04
GradDelSqRho =  1.4551915228E-11 -9.4587448984E-11 -7.2759576142E-11
HessDelSqRho_EigVals = -7.5407317821E+04  1.5084737237E+05  2.1363186560E+07
HessDelSqRho_EigVec1 = -5.2552941473E-01 -8.7762041143E-02 -8.4623676261E-01
HessDelSqRho_EigVec2 =  4.8514239841E-01 -8.4801197850E-01 -2.1333667660E-01
HessDelSqRho_EigVec3 =  6.9889604915E-01  5.2266003143E-01 -4.8823232588E-01
</CP of DelSqRho>
<CP of DelSqRho>
CP# = 30      
Type = (3,+1)
Coords =  2.23786110745641E-01  1.22354804183159E-01  2.29771906901176E-02
DistFromNuc =  2.5602159291E-01
Rho =  3.4861104562E+01
DelSqRho =  2.9713930047E+03
GradDelSqRho =  1.6370904632E-11 -2.7284841053E-12  1.9326762413E-12
HessDelSqRho_EigVals = -1.3524360815E+06  2.6904389529E+04  2.6910339038E+04
HessDelSqRho_EigVec1 =  8.7406865331E-01  4.7739852539E-01  8.9970202032E-02
HessDelSqRho_EigVec2 = -2.4203085982E-01  5.8851349464E-01 -7.7140970277E-01
HessDelSqRho_EigVec3 = -4.2121853258E-01  6.5248947470E-01  6.2994637329E-01
</CP of DelSqRho>
<CP of DelSqRho>
CP# = 31      
Type = (3,-1)
Coords =  6.77117112900832E-02 -1.59304221452951E-01  1.88176762188897E-01
DistFromNuc =  2.5580369347E-01
Rho =  3.4620695889E+01
DelSqRho =  3.0816429472E+03
GradDelSqRho =  3.0127011996E-12  1.3528733689E-11  1.2619238987E-11
HessDelSqRho_EigVals = -1.3658970887E+06 -2.0225524597E+04  4.0455682693E+04
HessDelSqRho_EigVec1 =  2.6467909840E-01 -6.2326935498E-01  7.3585344058E-01
HessDelSqRho_EigVec2 = -8.3729326545E-01  2.3003641399E-01  4.9600729417E-01
HessDelSqRho_EigVec3 =  4.7841923299E-01  7.4740789358E-01  4.6097340284E-01
</CP of DelSqRho>
<CP of DelSqRho>
CP# = 32      
Type = (3,-1)
Coords = -6.77023345329584E-02  1.59565677557107E-01 -1.88289803623823E-01
DistFromNuc =  2.5580362810E-01
Rho =  3.4620725433E+01
DelSqRho =  3.0816442357E+03
GradDelSqRho =  6.3664629124E-12  5.2295945352E-12 -2.2737367544E-12
HessDelSqRho_EigVals = -1.3658989232E+06 -2.0225733601E+04  4.0455614759E+04
HessDelSqRho_EigVec1 =  2.6468821036E-01 -6.2327203018E-01  7.3584789712E-01
HessDelSqRho_EigVec2 = -8.3728939639E-01  2.3003105976E-01  4.9601630844E-01
HessDelSqRho_EigVec3 =  4.7842096316E-01  7.4740731060E-01  4.6097255240E-01
</CP of DelSqRho>
<CP of DelSqRho>
CP# = 33      
Type = (3,+1)
Coords =  2.37556867791619E-02 -1.90114150900417E-01 -1.69733172557706E-01
DistFromNuc =  2.5602160522E-01
Rho =  3.4861148576E+01
DelSqRho =  2.9713710274E+03
GradDelSqRho =  5.6843418861E-13 -4.7748471843E-12  7.2759576142E-12
HessDelSqRho_EigVals = -1.3524352838E+06  2.6910392422E+04  2.6912906532E+04
HessDelSqRho_EigVec1 = -9.2765161100E-02  7.4308090363E-01  6.6274082079E-01
HessDelSqRho_EigVec2 =  6.5782814682E-01 -4.5391534357E-01  6.0101829433E-01
HessDelSqRho_EigVec3 =  7.4743344462E-01  4.9172312486E-01 -4.4671200380E-01
</CP of DelSqRho>
<CP of DelSqRho>
CP# = 34      
Type = (3,-1)
Coords =  1.22403401038746E-01  1.91315384532167E-01  1.17852224865019E-01
DistFromNuc =  2.5580359471E-01
Rho =  3.4620638398E+01
DelSqRho =  3.0816699252E+03
GradDelSqRho = -9.0949470177E-12 -2.5465851650E-11 -1.0913936421E-11
HessDelSqRho_EigVals = -1.3659022288E+06 -2.0230651455E+04  4.0454047522E+04
HessDelSqRho_EigVec1 =  4.7848442754E-01  7.4738894288E-01  4.6093646054E-01
HessDelSqRho_EigVec2 = -8.3725966538E-01  2.3010210105E-01  4.9603354304E-01
HessDelSqRho_EigVec3 =  2.6466753735E-01 -6.2326783260E-01  7.3585888832E-01
</CP of DelSqRho>
<CP of DelSqRho>
CP# = 35      
Type = (3,-1)
Coords = -1.24107668281426E-01  2.17054197824276E-01  5.44913430605559E-02
DistFromNuc =  2.5580370677E-01
Rho =  3.4620619453E+01
DelSqRho =  3.0816545102E+03
GradDelSqRho = -1.0459189070E-11  1.2278178474E-11  7.9580786405E-12
HessDelSqRho_EigVals = -1.3658969663E+06 -2.0228433004E+04  4.0455706143E+04
HessDelSqRho_EigVec1 = -4.8519007531E-01  8.4800837856E-01  2.1324253963E-01
HessDelSqRho_EigVec2 =  5.2543842723E-01  8.7821177137E-02  8.4628712624E-01
HessDelSqRho_EigVec3 =  6.9893136287E-01  5.2265593916E-01 -4.8818615226E-01
</CP of DelSqRho>
<CP of DelSqRho>
CP# = 36      
Type = (3,+1)
Coords =  3.84360919521327E-01  2.87550012626594E-01 -2.68528808725173E-01
DistFromNuc =  5.4992364162E-01
Rho =  5.3426406431E+00
DelSqRho = -6.6966854803E+01
GradDelSqRho = -1.1226575225E-12 -7.3896444519E-13  1.0089706848E-12
HessDelSqRho_EigVals = -8.2196119754E+02  1.6439630627E+03  1.5809032483E+04
HessDelSqRho_EigVec1 =  5.2548748043E-01  8.7757087078E-02  8.4626331693E-01
HessDelSqRho_EigVec2 = -4.8514840916E-01  8.4801413987E-01  2.1331441507E-01
HessDelSqRho_EigVec3 =  6.9892340711E-01  5.2265735645E-01 -4.8819602492E-01
</CP of DelSqRho>
<CP of DelSqRho>
CP# = 37      
Type = (3,-1)
Coords = -1.22389679434775E-01 -1.91054900227550E-01 -1.17967901191196E-01
DistFromNuc =  2.5580349944E-01
Rho =  3.4620680708E+01
DelSqRho =  3.0816730187E+03
GradDelSqRho =  7.5033312896E-12 -1.0004441720E-11 -5.7980287238E-12
HessDelSqRho_EigVals = -1.3659055244E+06 -2.0230849237E+04  4.0453937306E+04
HessDelSqRho_EigVec1 =  4.7847290089E-01  7.4739191435E-01  4.6094360769E-01
HessDelSqRho_EigVec2 = -8.3726574784E-01  2.3009041173E-01  4.9602869868E-01
HessDelSqRho_EigVec3 =  2.6466913420E-01 -6.2326858479E-01  7.3585767687E-01
</CP of DelSqRho>
<CP of DelSqRho>
CP# = 38      
Type = (3,-1)
Coords = -2.46487804949461E-01  2.58709010559984E-02 -6.34127145648581E-02
DistFromNuc =  2.5580367890E-01
Rho =  3.4620689342E+01
DelSqRho =  3.0816433481E+03
GradDelSqRho =  9.0949470177E-12  0.0000000000E+00 -6.8212102633E-13
HessDelSqRho_EigVals = -1.3658971293E+06 -2.0225411339E+04  4.0455654532E+04
HessDelSqRho_EigVec1 =  9.6360372244E-01 -1.0062630537E-01  2.4767360129E-01
HessDelSqRho_EigVec2 =  1.5117867691E-01  9.6920142604E-01 -1.9440576999E-01
HessDelSqRho_EigVec3 = -2.2048327319E-01  2.2477309098E-01  9.4913865363E-01
</CP of DelSqRho>
<CP of DelSqRho>
CP# = 39      
Type = (3,-1)
Coords = -1.78783500783354E-01 -1.33566651077173E-01  1.24823098943602E-01
DistFromNuc =  2.5580373526E-01
Rho =  3.4620683962E+01
DelSqRho =  3.0816367057E+03
GradDelSqRho =  1.9667822926E-11  8.4128259914E-12 -1.2050804798E-11
HessDelSqRho_EigVals = -1.3658948010E+06 -2.0225045987E+04  4.0456806069E+04
HessDelSqRho_EigVec1 =  6.9893044268E-01  5.2265504212E-01 -4.8818843006E-01
HessDelSqRho_EigVec2 = -5.2548467206E-01 -8.7744689793E-02 -8.4626634628E-01
HessDelSqRho_EigVec3 = -4.8514131521E-01  8.4801684910E-01  2.1331977853E-01
</CP of DelSqRho>
<CP of DelSqRho>
CP# = 40      
Type = (3,-1)
Coords =  1.78796393408812E-01  1.33827707785446E-01 -1.24934813314785E-01
DistFromNuc =  2.5580367148E-01
Rho =  3.4620711951E+01
DelSqRho =  3.0816374586E+03
GradDelSqRho = -1.0913936421E-11 -5.9117155615E-12  2.2737367544E-12
HessDelSqRho_EigVals = -1.3658963956E+06 -2.0225177371E+04  4.0456721785E+04
HessDelSqRho_EigVec1 =  6.9893783787E-01  5.2265606391E-01 -4.8817674838E-01
HessDelSqRho_EigVec2 = -5.2547325080E-01 -8.7740474169E-02 -8.4627387522E-01
HessDelSqRho_EigVec3 = -4.8514303199E-01  8.4801665553E-01  2.1331664364E-01
</CP of DelSqRho>
<CP of DelSqRho>
CP# = 41      
Type = (3,-1)
Coords =  3.06462787812367E-01  5.13274460165472E-02  4.93508140305552E-01
DistFromNuc =  5.8321844502E-01
Rho =  4.1514564414E+00
DelSqRho = -1.0724833663E+01
GradDelSqRho = -6.3948846218E-14  4.9737991503E-14  5.6843418861E-14
HessDelSqRho_EigVals = -1.1660529935E+03 -1.1659650280E+03  7.8001634694E+03
HessDelSqRho_EigVec1 =  8.3252013227E-01 -2.5823310979E-01 -4.9012844274E-01
HessDelSqRho_EigVec2 =  1.7551192753E-01  9.6208610028E-01 -2.0877236152E-01
HessDelSqRho_EigVec3 =  5.2545769826E-01  8.7783806308E-02  8.4627903831E-01
</CP of DelSqRho>
<CP of DelSqRho>
CP# = 42      
Type = (3,-1)
Coords = -4.88312285751382E-01  1.34312235484876E-01  2.89231419578566E-01
DistFromNuc =  5.8322121437E-01
Rho =  4.1513727629E+00
DelSqRho = -1.0722612963E+01
GradDelSqRho = -4.2632564146E-14  2.8421709430E-14 -7.1054273576E-14
HessDelSqRho_EigVals = -1.1660813429E+03 -1.1659456657E+03  7.7996793361E+03
HessDelSqRho_EigVec1 =  3.5029258967E-01  9.2225620511E-01  1.6351939872E-01
HessDelSqRho_EigVec2 =  4.1983502915E-01 -3.1066264615E-01  8.5277621249E-01
HessDelSqRho_EigVec3 =  8.3727752264E-01 -2.3007001636E-01 -4.9601828359E-01
</CP of DelSqRho>
<CP of DelSqRho>
CP# = 43      
Type = (3,-1)
Coords =  4.88321894666805E-01 -1.34050337617848E-01 -2.89349244143893E-01
DistFromNuc =  5.8322140208E-01
Rho =  4.1513681753E+00
DelSqRho = -1.0722412350E+01
GradDelSqRho = -5.6843418861E-14  1.1723955140E-13  8.5265128291E-14
HessDelSqRho_EigVals = -1.1660935119E+03 -1.1659363415E+03  7.7996457188E+03
HessDelSqRho_EigVec1 =  3.2341190333E-01  9.3984454726E-01  1.0998621623E-01
HessDelSqRho_EigVec2 =  4.4088020021E-01 -2.5250848202E-01  8.6131534038E-01
HessDelSqRho_EigVec3 =  8.3727497863E-01 -2.3006888857E-01 -4.9602310094E-01
</CP of DelSqRho>
<CP of DelSqRho>
CP# = 44      
Type = (3,-1)
Coords = -3.06449511612940E-01 -5.10658136467320E-02 -4.93623335525850E-01
DistFromNuc =  5.8321818720E-01
Rho =  4.1514625591E+00
DelSqRho = -1.0724993471E+01
GradDelSqRho =  3.1974423109E-14 -2.1316282073E-14  1.7053025658E-13
HessDelSqRho_EigVals = -1.1660785458E+03 -1.1659420477E+03  7.8002084357E+03
HessDelSqRho_EigVec1 = -6.2047006176E-01  7.2012061460E-01  3.1055305969E-01
HessDelSqRho_EigVec2 =  5.8216284116E-01  6.8827353525E-01 -4.3285790630E-01
HessDelSqRho_EigVec3 =  5.2545535380E-01  8.7782920295E-02  8.4628058590E-01
</CP of DelSqRho>
<CP of DelSqRho>
CP# = 45      
Type = (3,-1)
Coords = -1.21129598626065E-01  3.34163144967307E-02  7.17084556978957E-02
DistFromNuc =  1.4467891038E-01
Rho =  1.3728398135E+02
DelSqRho = -9.8283626640E+03
GradDelSqRho =  5.2750692703E-11 -5.8207660913E-11 -9.4587448984E-11
HessDelSqRho_EigVals = -1.5093413851E+05 -1.5089994778E+05  2.1354644402E+07
HessDelSqRho_EigVec1 =  4.2966497492E-01  8.3790129377E-01  3.3661466282E-01
HessDelSqRho_EigVec2 =  3.3818297120E-01 -4.9496529788E-01  8.0040091947E-01
HessDelSqRho_EigVec3 =  8.3726954281E-01 -2.3006689416E-01 -4.9603320140E-01
</CP of DelSqRho>
<CP of DelSqRho>
CP# = 46      
Type = (3,+3)
Coords = -1.44811524528502E-01 -2.03637420937445E-01  4.80617893692433E-01
DistFromNuc =  5.4179500559E-01
Rho =  5.7281717039E+00
DelSqRho = -8.8255301943E+01
GradDelSqRho =  2.8421709430E-13  2.8421709430E-13 -3.4106051316E-13
HessDelSqRho_EigVals =  1.1907701058E+03  1.1909626440E+03  1.8516397256E+04
HessDelSqRho_EigVec1 =  9.6345047333E-01 -8.7259566205E-02  2.5327643701E-01
HessDelSqRho_EigVec2 =  1.7840782394E-02 -9.2246223614E-01 -3.8567490115E-01
HessDelSqRho_EigVec3 = -2.6729177302E-01 -3.7609731586E-01  8.8718989911E-01
</CP of DelSqRho>
<CP of DelSqRho>
CP# = 47      
Type = (3,+3)
Coords =  1.44826703306173E-01  2.03904797774360E-01 -4.80729977158188E-01
DistFromNuc =  5.4179656503E-01
Rho =  5.7280914320E+00
DelSqRho = -8.8251495308E+01
GradDelSqRho =  3.0553337638E-13  2.5579538487E-13 -9.6633812063E-13
HessDelSqRho_EigVals =  1.1906293466E+03  1.1909084376E+03  1.8515816865E+04
HessDelSqRho_EigVec1 =  9.6156905402E-01 -4.4151725264E-02  2.7098999891E-01
HessDelSqRho_EigVec2 =  6.2751366080E-02 -9.2552251567E-01 -3.7345727873E-01
HessDelSqRho_EigVec3 = -2.6729612869E-01 -3.7610995485E-01  8.8718322879E-01
</CP of DelSqRho>
<CP of DelSqRho>
CP# = 48      
Type = (3,+1)
Coords =  5.29912195438514E-01 -5.52098534276660E-02  1.36151491807671E-01
DistFromNuc =  5.4992389408E-01
Rho =  5.3426300014E+00
DelSqRho = -6.6966131014E+01
GradDelSqRho = -1.3642420527E-12  1.6697754290E-13 -4.4053649617E-13
HessDelSqRho_EigVals = -8.2197179202E+02  1.6439117545E+03  1.5808955837E+04
HessDelSqRho_EigVec1 =  1.5118415631E-01  9.6920296743E-01 -1.9439382399E-01
HessDelSqRho_EigVec2 = -2.2049227810E-01  2.2476371188E-01  9.4913878285E-01
HessDelSqRho_EigVec3 =  9.6360080229E-01 -1.0063240901E-01  2.4768248238E-01
</CP of DelSqRho>
<CP of DelSqRho>
CP# = 49      
Type = (3,+1)
Coords = -5.29902696050842E-01  5.54574215738242E-02 -1.36264961938625E-01
DistFromNuc =  5.4992408380E-01
Rho =  5.3426207377E+00
DelSqRho = -6.6965814629E+01
GradDelSqRho = -5.1159076975E-13  2.8421709430E-14  0.0000000000E+00
HessDelSqRho_EigVals = -8.2197012960E+02  1.6439000787E+03  1.5808897264E+04
HessDelSqRho_EigVec1 =  1.5116581041E-01  9.6920204286E-01 -1.9441269989E-01
HessDelSqRho_EigVec2 = -2.2049424385E-01  2.2477778430E-01  9.4913499362E-01
HessDelSqRho_EigVec3 =  9.6360323069E-01 -1.0060987924E-01  2.4768218751E-01
</CP of DelSqRho>
<CP of DelSqRho>
CP# = 50      
Type = (3,+3)
Coords = -5.02538918229452E-02  4.02724806173897E-01  3.59015577545194E-01
DistFromNuc =  5.4179459385E-01
Rho =  5.7281682079E+00
DelSqRho = -8.8256764054E+01
GradDelSqRho =  1.9895196601E-13 -5.9685589804E-13 -6.2527760747E-13
HessDelSqRho_EigVals =  1.1909413461E+03  1.1910208331E+03  1.8516505315E+04
HessDelSqRho_EigVec1 =  4.7605969497E-01 -5.5150779082E-01  6.8498636738E-01
HessDelSqRho_EigVec2 =  8.7450680936E-01  3.7904870970E-01 -3.0258869123E-01
HessDelSqRho_EigVec3 = -9.2763178092E-02  7.4307552264E-01  6.6274713160E-01
</CP of DelSqRho>
<CP of DelSqRho>
CP# = 51      
Type = (3,+1)
Coords =  1.45570089528573E-01 -3.42624228409275E-01  4.04599198227545E-01
DistFromNuc =  5.4992411567E-01
Rho =  5.3426251253E+00
DelSqRho = -6.6965663166E+01
GradDelSqRho =  4.2632564146E-14 -3.5527136788E-13  6.5369931690E-13
HessDelSqRho_EigVals = -8.2198164160E+02  1.6438902088E+03  1.5808890092E+04
HessDelSqRho_EigVec1 =  8.3728323146E-01 -2.3002613942E-01 -4.9602899663E-01
HessDelSqRho_EigVec2 =  4.7842460673E-01  7.4740764915E-01  4.6096822197E-01
HessDelSqRho_EigVec3 =  2.6470112579E-01 -6.2327344014E-01  7.3584205699E-01
</CP of DelSqRho>
<CP of DelSqRho>
CP# = 52      
Type = (3,+1)
Coords = -1.45537210029551E-01  3.42880490682607E-01 -4.04724485104890E-01
DistFromNuc =  5.4992360323E-01
Rho =  5.3426446325E+00
DelSqRho = -6.6966659076E+01
GradDelSqRho = -1.9895196601E-13  2.8599345114E-13 -2.4158453016E-13
HessDelSqRho_EigVals = -8.2195107071E+02  1.6439103135E+03  1.5809054692E+04
HessDelSqRho_EigVec1 =  8.3729946521E-01 -2.3004830372E-01 -4.9599131395E-01
HessDelSqRho_EigVec2 =  4.7841829545E-01  7.4740758279E-01  4.6097487977E-01
HessDelSqRho_EigVec3 =  2.6466117989E-01 -6.2326533928E-01  7.3586328670E-01
</CP of DelSqRho>
<CP of DelSqRho>
CP# = 53      
Type = (3,+1)
Coords = -1.21242608291077E-01  1.23709516921863E-01  5.21905413990875E-01
DistFromNuc =  5.4992524689E-01
Rho =  5.3425570573E+00
DelSqRho = -6.6962851687E+01
GradDelSqRho =  9.2370555649E-14 -1.4210854715E-14 -8.2422957348E-13
HessDelSqRho_EigVals = -8.2213330734E+02  1.6438476720E+03  1.5808535550E+04
HessDelSqRho_EigVec1 =  1.5114295881E-01  9.6921619627E-01 -1.9435990041E-01
HessDelSqRho_EigVec2 =  9.6360923595E-01 -1.0060435550E-01  2.4766106690E-01
HessDelSqRho_EigVec3 = -2.2048366471E-01  2.2471922157E-01  9.4915131831E-01
</CP of DelSqRho>
<CP of DelSqRho>
CP# = 54      
Type = (3,+1)
Coords =  1.21255714285090E-01 -1.23430246565342E-01 -5.22024616189254E-01
DistFromNuc =  5.4992629192E-01
Rho =  5.3425115946E+00
DelSqRho = -6.6960761237E+01
GradDelSqRho = -7.6028072726E-13  6.0680349634E-12  5.2580162446E-12
HessDelSqRho_EigVals = -8.2217919455E+02  1.6437936540E+03  1.5808200242E+04
HessDelSqRho_EigVec1 =  1.5114888972E-01  9.6922202206E-01 -1.9432623367E-01
HessDelSqRho_EigVec2 =  9.6360775913E-01 -1.0061797719E-01  2.4766127919E-01
HessDelSqRho_EigVec3 = -2.2048605325E-01  2.2468799395E-01  9.4915815631E-01
</CP of DelSqRho>
<CP of DelSqRho>
CP# = 55      
Type = (3,+1)
Coords =  2.63120896456511E-01  4.11143914238481E-01  2.53431476222745E-01
DistFromNuc =  5.4992555792E-01
Rho =  5.3425469047E+00
DelSqRho = -6.6962085977E+01
GradDelSqRho = -1.1368683772E-13 -5.6843418861E-13 -4.0500935938E-13
HessDelSqRho_EigVals = -8.2215312043E+02  1.6438142159E+03  1.5808439268E+04
HessDelSqRho_EigVec1 =  8.3727486677E-01 -2.3007445835E-01 -4.9602070631E-01
HessDelSqRho_EigVec2 =  2.6467013174E-01 -6.2326956189E-01  7.3585649048E-01
HessDelSqRho_EigVec3 =  4.7845639178E-01  7.4739601072E-01  4.6095410219E-01
</CP of DelSqRho>
<CP of DelSqRho>
CP# = 56      
Type = (3,+3)
Coords =  3.79001140322101E-01 -3.47545005093134E-01  1.70318920683224E-01
DistFromNuc =  5.4179685634E-01
Rho =  5.7280806791E+00
DelSqRho = -8.8250734164E+01
GradDelSqRho = -4.2632564146E-13 -1.7053025658E-13 -7.1054273576E-14
HessDelSqRho_EigVals =  1.1906845244E+03  1.1907770469E+03  1.8515720906E+04
HessDelSqRho_EigVec1 =  7.1454379664E-01  6.2176368556E-01 -3.2068221341E-01
HessDelSqRho_EigVec2 =  1.0261114492E-02  4.4902163217E-01  8.9346196526E-01
HessDelSqRho_EigVec3 =  6.9951545530E-01 -6.4170826172E-01  3.1446563346E-01
</CP of DelSqRho>
<CP of DelSqRho>
CP# = 57      
Type = (3,+3)
Coords = -3.78984710577980E-01  3.47805274500802E-01 -1.70442345960276E-01
DistFromNuc =  5.4179568814E-01
Rho =  5.7281360972E+00
DelSqRho = -8.8253580888E+01
GradDelSqRho = -1.1368683772E-13  5.6843418861E-14 -9.9475983006E-14
HessDelSqRho_EigVals =  1.1907230881E+03  1.1908912130E+03  1.8516155428E+04
HessDelSqRho_EigVec1 =  6.8220489835E-01  4.6859545326E-01 -5.6126177301E-01
HessDelSqRho_EigVec2 =  2.1280122511E-01  6.0714855101E-01  7.6556271826E-01
HessDelSqRho_EigVec3 =  6.9950848119E-01 -6.4170782930E-01  3.1448202899E-01
</CP of DelSqRho>
<CP of DelSqRho>
CP# = 58      
Type = (3,+1)
Coords = -2.63133616415025E-01 -4.10875715289192E-01 -2.53530648243309E-01
DistFromNuc =  5.4992474105E-01
Rho =  5.3425852285E+00
DelSqRho = -6.6963640404E+01
GradDelSqRho = -1.1368683772E-13  1.9895196601E-13 -1.4210854715E-14
HessDelSqRho_EigVals = -8.2213375827E+02  1.6438554831E+03  1.5808707927E+04
HessDelSqRho_EigVec1 =  8.3725105723E-01 -2.3011928241E-01 -4.9604010223E-01
HessDelSqRho_EigVec2 =  2.6466423784E-01 -6.2326744434E-01  7.3586040390E-01
HessDelSqRho_EigVec3 =  4.7850131491E-01  7.4738397674E-01  4.6092698222E-01
</CP of DelSqRho>
<CP of DelSqRho>
CP# = 59      
Type = (3,+1)
Coords = -2.66809358376504E-01  4.66471778883172E-01  1.17218776217644E-01
DistFromNuc =  5.4992550625E-01
Rho =  5.3425432104E+00
DelSqRho = -6.6962771527E+01
GradDelSqRho = -8.5265128291E-14  1.9895196601E-13  9.2370555649E-14
HessDelSqRho_EigVals = -8.2209813329E+02  1.6438716949E+03  1.5808439090E+04
HessDelSqRho_EigVec1 =  5.2543763021E-01  8.7801989095E-02  8.4628961205E-01
HessDelSqRho_EigVec2 =  6.9893777414E-01  5.2265660572E-01 -4.8817625954E-01
HessDelSqRho_EigVec3 = -4.8518170271E-01  8.4800995466E-01  2.1325532150E-01
</CP of DelSqRho>
<CP of DelSqRho>
CP# = 60      
Type = (3,+1)
Coords =  2.66827402403923E-01 -4.66209245420950E-01 -1.17319383311465E-01
DistFromNuc =  5.4992458992E-01
Rho =  5.3425858367E+00
DelSqRho = -6.6964409192E+01
GradDelSqRho =  1.5631940187E-13 -2.2737367544E-13  2.8421709430E-14
HessDelSqRho_EigVals = -8.2208513329E+02  1.6439191213E+03  1.5808735431E+04
HessDelSqRho_EigVec1 =  5.2544102592E-01  8.7834919448E-02  8.4628408658E-01
HessDelSqRho_EigVec2 =  6.9892713827E-01  5.2265277531E-01 -4.8819558769E-01
HessDelSqRho_EigVec3 = -4.8519334668E-01  8.4800890525E-01  2.1323300157E-01
</CP of DelSqRho>
<CP of DelSqRho>
CP# = 61      
Type = (3,+3)
Coords = -4.73560470032292E-01 -2.58523276221270E-01 -4.88081370250559E-02
DistFromNuc =  5.4179636824E-01
Rho =  5.7281052647E+00
DelSqRho = -8.8252021992E+01
GradDelSqRho = -7.3185901783E-13 -2.8421709430E-14  5.6843418861E-14
HessDelSqRho_EigVals =  1.1906765031E+03  1.1908726009E+03  1.8515899091E+04
HessDelSqRho_EigVec1 =  2.5443296183E-01 -6.0764225907E-01  7.5235281147E-01
HessDelSqRho_EigVec2 = -4.1385074968E-01  6.3471174634E-01  6.5258605260E-01
HessDelSqRho_EigVec3 =  8.7406603007E-01  4.7740117726E-01  8.9981614929E-02
</CP of DelSqRho>
<CP of DelSqRho>
CP# = 62      
Type = (3,+3)
Coords =  4.73569140623413E-01  2.58786118399106E-01  4.86931929379805E-02
DistFromNuc =  5.4179489164E-01
Rho =  5.7281779118E+00
DelSqRho = -8.8255536908E+01
