 AIMInt (Version 19.02.13, Professional)
 Portions Copyright (c) 1997-2019 by Todd A. Keith
 AIMInt is a component of the AIMAll package ( http://aim.tkgristmill.com )

 TP:  64-bit Linux

 Licensed To:  Research Group of Fernando Cortes Guzman, UNAM, fercor@unam.mx

 AIMInt is a heavily modified and extended version of the PROAIMV program
 developed by members of R.F.W. Bader's research group

 Much of the Quantum Theory of Atoms in Molecules (QTAIM) is described in the book:
   "Atoms in Molecules - A Quantum Theory"
   R.F.W. Bader, Oxford University Press, Oxford, 1990

 For additional references see:  http://aim.tkgristmill.com/references.html

 Current Directory:  /home/lillian/David/proyecto_spin/noab/hexaaqua/def2/pbe0/opt_scan/int

 Inp File:  ni34_pbe0_noab_atomicfiles/ni1.inp
 Wfx File:  ni34_pbe0_noab.wfx
 Out File:  ni34_pbe0_noab_atomicfiles/ni1.int

 Wfx Title:   Title Card Required                                                           
 Job Title:   Title Card Required                                                           
 
<Atom>
Ni1     
</Atom>
<Nuclei of Molecule>
    19
Ni1       28.0          -1.1870439085E-03   3.0756508960E-04  -5.5197182166E-04
O2         8.0           3.0546218522E+00  -4.0960567030E-01   2.1615838428E+00
H3         1.0           4.6018963972E+00   5.7987587074E-01   2.0537957544E+00
H4         1.0           3.2418281306E+00  -1.6182329230E+00   3.5364276285E+00
O5         8.0          -1.1762382206E+00   2.8577883625E+00   2.1498902175E+00
H6         1.0          -2.8141166770E+00   3.6902372533E+00   2.0530077386E+00
H7         1.0          -2.1510889000E-01   3.6414174161E+00   3.5093591915E+00
O8         8.0           1.1770426418E+00  -2.8571419367E+00  -2.1504102358E+00
H9         1.0           2.2256100756E-01  -3.6396897397E+00  -3.5151477662E+00
H10        1.0           2.8122295218E+00  -3.6934392077E+00  -2.0425654556E+00
O11        8.0           1.8923215332E+00   2.4395853709E+00  -2.1541329963E+00
H12        1.0           3.0453065274E+00   1.9956120915E+00  -3.5177612575E+00
H13        1.0           1.7991810537E+00   4.2745143836E+00  -2.0578986934E+00
O14        8.0          -1.8887558763E+00  -2.4399754840E+00   2.1567763795E+00
H15        1.0          -3.0517520314E+00  -1.9978272393E+00   3.5124715705E+00
H16        1.0          -1.7899009107E+00  -4.2747665307E+00   2.0631007658E+00
O17        8.0          -3.0555933134E+00   4.0887200371E-01  -2.1621454350E+00
H18        1.0          -3.2547192799E+00   1.6380517232E+00  -3.5170242643E+00
H19        1.0          -4.5913565564E+00  -6.0054608964E-01  -2.0748041833E+00
</Nuclei of Molecule>
<Total Number of CPs of DelSqRho>
    86
</Total Number of CPs of DelSqRho>
<Number of (3,+3) CPs of DelSqRho>
     7
</Number of (3,+3) CPs of DelSqRho>
<Number of (3,+1) CPs of DelSqRho>
    28
</Number of (3,+1) CPs of DelSqRho>
<Number of (3,-1) CPs of DelSqRho>
    35
</Number of (3,-1) CPs of DelSqRho>
<Number of (3,-3) CPs of DelSqRho>
    16
</Number of (3,-3) CPs of DelSqRho>
<Number of Degenerate CPs of DelSqRho>
     0
</Number of Degenerate CPs of DelSqRho>
<CP of DelSqRho>
CP# = 1       
Type = (3,+3)
Coords = -1.18704390712529E-03  3.07565089201013E-04 -5.51971821247228E-04
DistFromNuc =  1.5239050769E-12
Rho =  1.4532505964E+04
DelSqRho = -2.7428802192E+09
GradDelSqRho =  1.5640258789E-04 -5.4821372032E-05  2.1636486053E-05
HessDelSqRho_EigVals =  2.4290867359E+15  2.4290867393E+15  2.4290867393E+15
HessDelSqRho_EigVec1 = -5.2203813551E-03  2.5121882962E-03  9.9998321812E-01
HessDelSqRho_EigVec2 =  9.4051795183E-01  3.3971977741E-01  4.0564904067E-03
HessDelSqRho_EigVec3 = -3.3970388561E-01  9.4052334460E-01 -4.1362249829E-03
</CP of DelSqRho>
<CP of DelSqRho>
CP# = 2       
Type = (3,-3)
Coords = -2.29721862279577E-01  3.04855396926418E-02 -1.10188579272049E-01
DistFromNuc =  2.5526272554E-01
Rho =  3.4116480031E+01
DelSqRho =  3.3360878864E+03
GradDelSqRho =  2.9103830457E-11 -3.4106051316E-13  5.9117155615E-12
HessDelSqRho_EigVals = -1.4011689493E+06 -3.3155405578E+04 -2.1753345873E+04
HessDelSqRho_EigVec1 =  8.9538089688E-01 -1.1823501083E-01  4.2931751854E-01
HessDelSqRho_EigVec2 =  1.3152955821E-01  9.9131138686E-01 -1.3075199838E-03
HessDelSqRho_EigVec3 = -4.2543275007E-01  5.7638671959E-02  9.0315267738E-01
</CP of DelSqRho>
<CP of DelSqRho>
CP# = 3       
Type = (3,-1)
Coords = -5.14357786040493E-02  1.21761350017741E-01  5.98062230026147E-02
DistFromNuc =  1.4463425906E-01
Rho =  1.3762573210E+02
DelSqRho = -9.9649659548E+03
GradDelSqRho = -1.4551915228E-10  1.2187229004E-10  2.9103830457E-11
HessDelSqRho_EigVals = -1.2122761843E+05 -8.3620058172E+04  2.1431904451E+07
HessDelSqRho_EigVec1 =  9.2438397759E-01  3.8145816316E-01  1.9828617359E-03
HessDelSqRho_EigVec2 =  1.5756990834E-01 -3.8656121788E-01  9.0870355387E-01
HessDelSqRho_EigVec3 = -3.4739888597E-01  8.3967856623E-01  4.1743732397E-01
</CP of DelSqRho>
<CP of DelSqRho>
CP# = 4       
Type = (3,+1)
Coords = -2.01707100268160E-02 -1.43098959560382E-01 -3.74046874761636E-04
DistFromNuc =  1.4465767366E-01
Rho =  1.3782717938E+02
DelSqRho = -1.0139699223E+04
GradDelSqRho = -1.0913936421E-10  9.0949470177E-11  1.8189894035E-12
HessDelSqRho_EigVals = -1.2789858300E+05  8.8102872573E+04  2.1431583734E+07
HessDelSqRho_EigVec1 =  6.3173053729E-01 -8.2672187216E-02  7.7076704504E-01
HessDelSqRho_EigVec2 =  7.6399896436E-01 -1.0192609602E-01 -6.3711588695E-01
HessDelSqRho_EigVec3 =  1.3123303972E-01  9.9135078575E-01 -1.2283619859E-03
</CP of DelSqRho>
<CP of DelSqRho>
CP# = 5       
Type = (3,-1)
Coords = -1.53199403509666E-03  5.25466252591832E-04  1.44070136063155E-01
DistFromNuc =  1.4462268342E-01
Rho =  1.3766335039E+02
DelSqRho = -1.0050591198E+04
GradDelSqRho =  2.1827872843E-11 -5.0931703299E-11 -7.2759576142E-11
HessDelSqRho_EigVals = -5.6926564263E+04 -5.6720052049E+04  2.1452778842E+07
HessDelSqRho_EigVec1 =  9.9896757209E-01 -4.5362812914E-02  2.4505333433E-03
HessDelSqRho_EigVec2 =  4.5366327295E-02  9.9896943984E-01 -1.3980734875E-03
HessDelSqRho_EigVec3 = -2.3845873752E-03  1.5078017751E-03  9.9999602013E-01
</CP of DelSqRho>
<CP of DelSqRho>
CP# = 6       
Type = (3,-1)
Coords = -3.15996393788022E-01 -4.08274796888533E-01  2.44794765852407E-01
DistFromNuc =  5.7117378702E-01
Rho =  4.5038455030E+00
DelSqRho = -2.5522609400E+01
GradDelSqRho = -1.7763568394E-13 -2.7000623959E-13  2.5579538487E-13
HessDelSqRho_EigVals = -1.0695284812E+03 -6.9962850868E+02  1.0177913239E+04
HessDelSqRho_EigVec1 =  7.9304507443E-01 -6.0915498060E-01  3.1176155640E-03
HessDelSqRho_EigVec2 =  2.5940738937E-01  3.4233839352E-01  9.0305715803E-01
HessDelSqRho_EigVec3 =  5.5116904508E-01  7.1535629859E-01 -4.2950908001E-01
</CP of DelSqRho>
<CP of DelSqRho>
CP# = 7       
Type = (3,-1)
Coords =  3.13579419428901E-01  4.08883759934574E-01 -2.45960903869444E-01
DistFromNuc =  5.7117245851E-01
Rho =  4.5038827536E+00
DelSqRho = -2.5524054290E+01
GradDelSqRho = -7.5317529991E-13 -5.9685589804E-13  4.2632564146E-13
HessDelSqRho_EigVals = -1.0696596426E+03 -6.9945077758E+02  1.0178197909E+04
HessDelSqRho_EigVec1 =  7.9307216815E-01 -6.0911978213E-01  3.1027594342E-03
HessDelSqRho_EigVec2 =  2.5946583554E-01  3.4242353594E-01  9.0300808536E-01
HessDelSqRho_EigVec3 =  5.5110254607E-01  7.1534552005E-01 -4.2961234928E-01
</CP of DelSqRho>
<CP of DelSqRho>
CP# = 8       
Type = (3,+1)
Coords =  1.13488162636247E-01 -8.78703382220347E-02 -2.00845920861843E-04
DistFromNuc =  1.4465776480E-01
Rho =  1.3782708056E+02
DelSqRho = -1.0139706013E+04
GradDelSqRho = -1.4551915228E-11  1.3096723706E-10  3.6379788071E-11
HessDelSqRho_EigVals = -1.2786728087E+05  8.8120459029E+04  2.1431474096E+07
HessDelSqRho_EigVec1 = -3.9084991999E-01 -5.0523613968E-01  7.6939767559E-01
HessDelSqRho_EigVec2 =  4.6776924752E-01  6.1087691551E-01  6.3876546962E-01
HessDelSqRho_EigVec3 =  7.9273467889E-01 -6.0956200445E-01  2.4272646771E-03
</CP of DelSqRho>
<CP of DelSqRho>
CP# = 9       
Type = (3,-3)
Coords =  2.27349969276731E-01 -2.98706383051727E-02  1.09081247529843E-01
DistFromNuc =  2.5526326242E-01
Rho =  3.4116224686E+01
DelSqRho =  3.3360724710E+03
GradDelSqRho =  3.1832314562E-12  4.2632564146E-13  5.4569682106E-12
HessDelSqRho_EigVals = -1.4011521330E+06 -3.3152333447E+04 -2.1753063625E+04
HessDelSqRho_EigVec1 =  8.9538934108E-01 -1.1823606432E-01  4.2929961679E-01
HessDelSqRho_EigVec2 =  1.3150746059E-01  9.9131437907E-01 -1.2608159316E-03
HessDelSqRho_EigVec3 = -4.2542180914E-01  5.7585023581E-02  9.0316125325E-01
</CP of DelSqRho>
<CP of DelSqRho>
CP# = 10      
Type = (3,+1)
Coords =  1.29762199272440E-01  1.71191599173976E-01  1.38098391917155E-01
DistFromNuc =  2.5607221786E-01
Rho =  3.4985453530E+01
DelSqRho =  2.9262451555E+03
GradDelSqRho = -1.8189894035E-11  7.2759576142E-12 -2.2453150450E-12
HessDelSqRho_EigVals = -1.3512035237E+06  3.2460563259E+04  3.8708361154E+04
HessDelSqRho_EigVec1 =  5.1145376364E-01  6.6743075564E-01  5.4124969662E-01
HessDelSqRho_EigVec2 = -3.3150944681E-01 -4.2785352268E-01  8.4085840056E-01
HessDelSqRho_EigVec3 =  7.9279034702E-01 -6.0948958117E-01  2.4323061228E-03
</CP of DelSqRho>
<CP of DelSqRho>
CP# = 11      
Type = (3,-1)
Coords = -7.18418584313018E-02 -9.06439159871543E-02  2.27498765268280E-01
DistFromNuc =  2.5548270668E-01
Rho =  3.4195828003E+01
DelSqRho =  3.2417914152E+03
GradDelSqRho = -5.4569682106E-12 -1.0459189070E-11  1.3187673176E-11
HessDelSqRho_EigVals = -1.3889250940E+06 -3.4422907387E+04  1.2670218742E+04
HessDelSqRho_EigVec1 = -2.7665086826E-01 -3.5612800812E-01  8.9254531477E-01
HessDelSqRho_EigVec2 =  7.9292017896E-01 -6.0931975306E-01  2.6510990176E-03
HessDelSqRho_EigVec3 =  5.4290136018E-01  7.0845061957E-01  4.5094992267E-01
</CP of DelSqRho>
<CP of DelSqRho>
CP# = 12      
Type = (3,-1)
Coords =  6.94722970440450E-02  9.12605695068932E-02 -2.28601365500470E-01
DistFromNuc =  2.5548330167E-01
Rho =  3.4195567946E+01
DelSqRho =  3.2417787320E+03
GradDelSqRho = -2.2737367544E-13  9.0949470177E-13  1.6370904632E-11
HessDelSqRho_EigVals = -1.3889079570E+06 -3.4422576265E+04  1.2672086022E+04
HessDelSqRho_EigVec1 = -2.7667100255E-01 -3.5612878685E-01  8.9253876304E-01
HessDelSqRho_EigVec2 =  7.9291107226E-01 -6.0933156072E-01  2.6609396575E-03
HessDelSqRho_EigVec3 =  5.4290440027E-01  7.0844007247E-01  4.5096283204E-01
</CP of DelSqRho>
<CP of DelSqRho>
CP# = 13      
Type = (3,+1)
Coords = -1.32135947016680E-01 -1.70580262641773E-01 -1.39198772862894E-01
DistFromNuc =  2.5607264659E-01
Rho =  3.4985288087E+01
DelSqRho =  2.9262357595E+03
GradDelSqRho = -5.4569682106E-12 -1.0317080523E-11 -7.5033312896E-12
HessDelSqRho_EigVals = -1.3511914234E+06  3.2461070467E+04  3.8708809486E+04
HessDelSqRho_EigVec1 =  5.1145270902E-01  6.6743909484E-01  5.4124040971E-01
HessDelSqRho_EigVec2 = -3.3155561173E-01 -4.2780633454E-01  8.4086420810E-01
HessDelSqRho_EigVec3 =  7.9277172172E-01 -6.0951357229E-01  2.4904686497E-03
</CP of DelSqRho>
<CP of DelSqRho>
CP# = 14      
Type = (3,+1)
Coords =  1.78243517017894E-02  1.43710498190348E-01 -6.95776437219463E-04
DistFromNuc =  1.4465771692E-01
Rho =  1.3782702368E+02
DelSqRho = -1.0139620276E+04
GradDelSqRho = -5.4569682106E-11  1.1277734302E-10 -2.1827872843E-11
HessDelSqRho_EigVals = -1.2793866899E+05  8.8095550400E+04  2.1431513091E+07
HessDelSqRho_EigVec1 =  6.3159573330E-01 -8.2957670390E-02  7.7084684251E-01
HessDelSqRho_EigVec2 =  7.6407793977E-01 -1.0193501737E-01 -6.3701974395E-01
HessDelSqRho_EigVec3 =  1.3142196023E-01  9.9132601961E-01 -9.9559616757E-04
</CP of DelSqRho>
<CP of DelSqRho>
CP# = 15      
Type = (3,-1)
Coords = -8.77685064400815E-04  4.05068691409720E-05 -1.45174074920041E-01
DistFromNuc =  1.4462268054E-01
Rho =  1.3766341962E+02
DelSqRho = -1.0050596564E+04
GradDelSqRho = -2.9103830457E-11  2.9103830457E-11 -4.5110937208E-10
HessDelSqRho_EigVals = -5.6915454443E+04 -5.6744859771E+04  2.1452786118E+07
HessDelSqRho_EigVec1 =  8.1825475857E-01  5.7485535027E-01  6.9017621848E-04
HessDelSqRho_EigVec2 = -5.7485178138E-01  8.1825296853E-01 -2.7402447711E-03
HessDelSqRho_EigVec3 = -2.1399831073E-03  1.8454692949E-03  9.9999600735E-01
</CP of DelSqRho>
<CP of DelSqRho>
CP# = 16      
Type = (3,-3)
Coords = -1.76696491257102E-03  7.31914477329637E-04  2.54871172448075E-01
DistFromNuc =  2.5542415510E-01
Rho =  3.4075933717E+01
DelSqRho =  3.2781360110E+03
GradDelSqRho =  2.2737367544E-13  7.6170181273E-12 -3.4560798667E-11
HessDelSqRho_EigVals = -1.3930482938E+06 -1.5790243816E+04 -1.5749018585E+04
HessDelSqRho_EigVec1 = -2.2725786207E-03  1.6592949346E-03  9.9999604106E-01
HessDelSqRho_EigVec2 =  9.7808710745E-01  2.0818762171E-01  1.8773426157E-03
HessDelSqRho_EigVec3 = -2.0818368244E-01  9.7808750166E-01 -2.0960577212E-03
</CP of DelSqRho>
<CP of DelSqRho>
CP# = 17      
Type = (3,-3)
Coords = -6.12922065318549E-04 -1.22497879935620E-04 -2.55975141807504E-01
DistFromNuc =  2.5542417727E-01
Rho =  3.4075927174E+01
DelSqRho =  3.2781367393E+03
GradDelSqRho =  1.4779288904E-12 -6.8212102633E-13 -4.0927261580E-11
HessDelSqRho_EigVals = -1.3930477939E+06 -1.5789701050E+04 -1.5750009994E+04
HessDelSqRho_EigVec1 = -2.2464438443E-03  1.6860062989E-03  9.9999605543E-01
HessDelSqRho_EigVec2 =  9.6411584972E-01  2.6547631902E-01  1.7182441475E-03
HessDelSqRho_EigVec3 = -2.6547237486E-01  9.6411590663E-01 -2.2218830382E-03
</CP of DelSqRho>
<CP of DelSqRho>
CP# = 18      
Type = (3,-3)
Coords =  1.39657210452140E-01  1.83111185816230E-01 -1.09661718465197E-01
DistFromNuc =  2.5526301054E-01
Rho =  3.4116312982E+01
DelSqRho =  3.3360430733E+03
GradDelSqRho =  5.6843418861E-14 -3.6379788071E-12 -1.8189894035E-12
HessDelSqRho_EigVals = -1.4011586932E+06 -3.3146191003E+04 -2.1742546327E+04
HessDelSqRho_EigVec1 =  5.5181921537E-01  7.1620863949E-01 -4.2724786515E-01
HessDelSqRho_EigVec2 =  7.9303291193E-01 -6.0917098973E-01  3.0831598232E-03
HessDelSqRho_EigVec3 = -2.5805881917E-01 -3.4052296544E-01 -9.0412928050E-01
</CP of DelSqRho>
<CP of DelSqRho>
CP# = 19      
Type = (3,+1)
Coords = -1.15855819536208E-01  8.84937849962734E-02 -8.91020316974559E-04
DistFromNuc =  1.4465770785E-01
Rho =  1.3782735631E+02
DelSqRho = -1.0139772338E+04
GradDelSqRho =  1.0913936421E-10 -4.3655745685E-11 -3.6038727558E-11
HessDelSqRho_EigVals = -1.2791508723E+05  8.8170185047E+04  2.1431561911E+07
HessDelSqRho_EigVec1 = -3.9087171819E-01 -5.0529356302E-01  7.6934889036E-01
HessDelSqRho_EigVec2 =  4.6782680941E-01  6.1077105559E-01  6.3882454090E-01
HessDelSqRho_EigVec3 =  7.9268996229E-01 -6.0962048262E-01  2.3432565187E-03
</CP of DelSqRho>
<CP of DelSqRho>
CP# = 20      
Type = (3,-3)
Coords = -1.42026574889293E-01 -1.82495342961952E-01  1.08565359726935E-01
DistFromNuc =  2.5526313624E-01
Rho =  3.4116256292E+01
DelSqRho =  3.3360413650E+03
GradDelSqRho = -9.0949470177E-13  3.5242919694E-12  1.0686562746E-11
HessDelSqRho_EigVals = -1.4011553528E+06 -3.3147231275E+04 -2.1741075788E+04
HessDelSqRho_EigVec1 =  5.5179369993E-01  7.1620639605E-01 -4.2728457844E-01
HessDelSqRho_EigVec2 =  7.9304503453E-01 -6.0915521972E-01  3.0808255838E-03
HessDelSqRho_EigVec3 = -2.5807612427E-01 -3.4055589341E-01 -9.0411193861E-01
</CP of DelSqRho>
<CP of DelSqRho>
CP# = 21      
Type = (3,-1)
Coords = -5.11983514630983E-01  6.77529551795829E-02 -2.47085573183779E-01
DistFromNuc =  5.7117486967E-01
Rho =  4.5038767694E+00
DelSqRho = -2.5519073001E+01
GradDelSqRho =  9.3791641120E-13 -8.5265128291E-14  3.6948222260E-13
HessDelSqRho_EigVals = -1.0696988211E+03 -6.9989740160E+02  1.0177706733E+04
HessDelSqRho_EigVec1 =  1.3144139722E-01  9.9132328426E-01 -1.1424432225E-03
HessDelSqRho_EigVec2 = -4.2770410886E-01  5.7749669348E-02  9.0207215396E-01
HessDelSqRho_EigVec3 =  8.9431110603E-01 -1.1808099665E-01  4.3158373911E-01
</CP of DelSqRho>
<CP of DelSqRho>
CP# = 22      
Type = (3,-1)
Coords =  2.34982929671801E-01  9.78967357369055E-02 -2.20833579022373E-04
DistFromNuc =  2.5553867085E-01
Rho =  3.4481580133E+01
DelSqRho =  3.1863102492E+03
GradDelSqRho = -2.1827872843E-11 -1.2505552149E-11 -3.2969182939E-12
HessDelSqRho_EigVals = -1.3835385223E+06 -3.4015594649E+04  2.3894791617E+04
HessDelSqRho_EigVec1 =  9.2420379312E-01  3.8189746623E-01  1.2938574126E-03
HessDelSqRho_EigVec2 = -2.4680089171E-01  5.9467356269E-01  7.6514879186E-01
HessDelSqRho_EigVec3 = -2.9143896210E-01  7.0747274090E-01 -6.4385219752E-01
</CP of DelSqRho>
<CP of DelSqRho>
CP# = 23      
Type = (3,-1)
Coords = -2.37356242568265E-01 -9.72850735310825E-02 -8.79119693694421E-04
DistFromNuc =  2.5553927396E-01
Rho =  3.4481330467E+01
DelSqRho =  3.1862997866E+03
GradDelSqRho =  1.1141310097E-11  1.3073986338E-11  1.2789769244E-12
HessDelSqRho_EigVals = -1.3835223643E+06 -3.4015203988E+04  2.3896278122E+04
HessDelSqRho_EigVec1 =  9.2420012767E-01  3.8190637837E-01  1.2814710668E-03
HessDelSqRho_EigVec2 = -2.4680115462E-01  5.9468279330E-01  7.6514153294E-01
HessDelSqRho_EigVec3 = -2.9145036300E-01  7.0746017097E-01 -6.4386084863E-01
</CP of DelSqRho>
<CP of DelSqRho>
CP# = 24      
Type = (3,-1)
Coords =  3.23745736833950E-02  2.53632629723713E-01 -8.34507838495697E-04
DistFromNuc =  2.5553874535E-01
Rho =  3.4481103334E+01
DelSqRho =  3.1864059675E+03
GradDelSqRho = -9.2086338555E-12  1.2732925825E-11 -5.3432813729E-12
HessDelSqRho_EigVals = -1.3835437579E+06 -3.4021234219E+04  2.3876613123E+04
HessDelSqRho_EigVec1 =  1.3133962230E-01  9.9133681915E-01 -1.1020960987E-03
HessDelSqRho_EigVec2 =  6.3520932297E-01 -8.3303599440E-02  7.6783437428E-01
HessDelSqRho_EigVec3 =  7.6109067766E-01 -1.0154713842E-01 -6.4064745302E-01
</CP of DelSqRho>
<CP of DelSqRho>
CP# = 25      
Type = (3,-1)
Coords = -3.47446536081606E-02 -2.53018287788871E-01 -2.65659644267179E-04
DistFromNuc =  2.5553900462E-01
Rho =  3.4480990198E+01
DelSqRho =  3.1863987284E+03
GradDelSqRho = -1.4551915228E-11  1.2732925825E-11  1.9610979507E-12
HessDelSqRho_EigVals = -1.3835356077E+06 -3.4020334201E+04  2.3876764257E+04
HessDelSqRho_EigVec1 =  1.3131818792E-01  9.9133963420E-01 -1.1239110970E-03
HessDelSqRho_EigVec2 =  6.3522051779E-01 -8.3274221801E-02  7.6782829966E-01
HessDelSqRho_EigVec3 =  7.6108503290E-01 -1.0154375233E-01 -6.4065469565E-01
</CP of DelSqRho>
<CP of DelSqRho>
CP# = 26      
Type = (3,-1)
Coords = -4.56288809232527E-02  1.07055546312984E-01  2.27266499185237E-01
DistFromNuc =  2.5548280589E-01
Rho =  3.4195394707E+01
DelSqRho =  3.2418986086E+03
GradDelSqRho = -9.0949470177E-13  5.4569682106E-12  5.9117155615E-12
HessDelSqRho_EigVals = -1.3889298699E+06 -3.4434589424E+04  1.2650177581E+04
HessDelSqRho_EigVec1 = -1.7401416704E-01  4.1797727161E-01  8.9163561508E-01
HessDelSqRho_EigVec2 =  9.2425220174E-01  3.8177988164E-01  1.4105131287E-03
HessDelSqRho_EigVec3 = -3.3981897716E-01  8.2434162966E-01 -4.5275152166E-01
</CP of DelSqRho>
<CP of DelSqRho>
CP# = 27      
Type = (3,+1)
Coords =  8.07507026666902E-02 -1.98469942671081E-01  1.38539934168735E-01
DistFromNuc =  2.5607196297E-01
Rho =  3.4985517166E+01
DelSqRho =  2.9262760544E+03
GradDelSqRho =  8.4128259914E-12  0.0000000000E+00  1.1823431123E-11
HessDelSqRho_EigVals = -1.3512118964E+06  3.2445391364E+04  3.8712719170E+04
HessDelSqRho_EigVec1 = -3.2002626961E-01  7.7637492966E-01 -5.4297804316E-01
HessDelSqRho_EigVec2 = -2.0868994965E-01  5.0127459761E-01  8.3974536778E-01
HessDelSqRho_EigVec3 =  9.2413835094E-01  3.8205463796E-01  1.6006054535E-03
</CP of DelSqRho>
<CP of DelSqRho>
CP# = 28      
Type = (3,+1)
Coords = -8.31223979432456E-02  1.99086402113795E-01 -1.39644967976702E-01
DistFromNuc =  2.5607282142E-01
Rho =  3.4985155803E+01
DelSqRho =  2.9262609076E+03
GradDelSqRho =  4.5474735089E-13 -4.5474735089E-12  8.1854523160E-12
HessDelSqRho_EigVals = -1.3511883768E+06  3.2446230199E+04  3.8714073887E+04
HessDelSqRho_EigVec1 = -3.2002038502E-01  7.7637623822E-01 -5.4297964041E-01
HessDelSqRho_EigVec2 = -2.0878932079E-01  5.0123525175E-01  8.3974415266E-01
HessDelSqRho_EigVec3 =  9.2411794307E-01  3.8210359738E-01  1.6935692095E-03
</CP of DelSqRho>
<CP of DelSqRho>
CP# = 29      
Type = (3,-1)
Coords =  4.32559648481120E-02 -1.06443900958087E-01 -2.28368554707035E-01
DistFromNuc =  2.5548278214E-01
Rho =  3.4195408792E+01
DelSqRho =  3.2418985076E+03
GradDelSqRho = -3.4106051316E-12 -1.8189894035E-12  4.5474735089E-12
HessDelSqRho_EigVals = -1.3889300287E+06 -3.4434973284E+04  1.2650058504E+04
HessDelSqRho_EigVec1 = -1.7401833227E-01  4.1798969295E-01  8.9162897924E-01
HessDelSqRho_EigVec2 =  9.2424575719E-01  3.8179551818E-01  1.4009345654E-03
HessDelSqRho_EigVec3 = -3.3983437195E-01  8.2432808934E-01 -4.5276461960E-01
</CP of DelSqRho>
<CP of DelSqRho>
CP# = 30      
Type = (3,+1)
Coords = -2.14913080678375E-01  2.87977003269138E-02  1.37587860565223E-01
DistFromNuc =  2.5607248952E-01
Rho =  3.4985416532E+01
DelSqRho =  2.9262455945E+03
GradDelSqRho =  5.4569682106E-12  3.7516656448E-12  1.8189894035E-12
HessDelSqRho_EigVals = -1.3511978768E+06  3.2467159564E+04  3.8698600189E+04
HessDelSqRho_EigVec1 =  8.3475631699E-01 -1.1127492997E-01 -5.3925854765E-01
HessDelSqRho_EigVec2 =  5.3466391899E-01 -7.0249578321E-02  8.4213982834E-01
HessDelSqRho_EigVec3 =  1.3159173600E-01  9.9130362993E-01 -8.5341087110E-04
</CP of DelSqRho>
<CP of DelSqRho>
CP# = 31      
Type = (3,+1)
Coords =  2.12538221422833E-01 -2.81831972705780E-02 -1.38692160551213E-01
DistFromNuc =  2.5607210766E-01
Rho =  3.4985576679E+01
DelSqRho =  2.9262492633E+03
GradDelSqRho =  4.5474735089E-12  9.0949470177E-13 -3.6379788071E-12
HessDelSqRho_EigVals = -1.3512074311E+06  3.2466536146E+04  3.8698687559E+04
HessDelSqRho_EigVec1 =  8.3475556309E-01 -1.1127642818E-01 -5.3925940550E-01
HessDelSqRho_EigVec2 =  5.3465487515E-01 -7.0324224084E-02  8.4213934001E-01
HessDelSqRho_EigVec3 =  1.3163325706E-01  9.9129816909E-01 -7.9094754257E-04
</CP of DelSqRho>
<CP of DelSqRho>
CP# = 32      
Type = (3,-1)
Coords = -2.03757398685696E-01  1.56080082685072E-01 -1.16449158383194E-03
DistFromNuc =  2.5553904017E-01
Rho =  3.4481401356E+01
DelSqRho =  3.1863132734E+03
GradDelSqRho =  1.8189894035E-12  4.5474735089E-12  1.1368683772E-12
HessDelSqRho_EigVals = -1.3835296917E+06 -3.4012772296E+04  2.3890558805E+04
HessDelSqRho_EigVec1 =  7.9271869096E-01 -6.0958291482E-01  2.3972821523E-03
HessDelSqRho_EigVec2 =  3.9303543872E-01  5.0810032943E-01 -7.6639232717E-01
HessDelSqRho_EigVec3 =  4.6596160884E-01  6.0847573920E-01  6.4236831638E-01
</CP of DelSqRho>
<CP of DelSqRho>
CP# = 33      
Type = (3,-1)
Coords =  2.01383942155333E-01 -1.55463922688383E-01  6.24017483373278E-05
DistFromNuc =  2.5553891730E-01
Rho =  3.4481437657E+01
DelSqRho =  3.1863124316E+03
GradDelSqRho = -6.5938365879E-12  9.7770680441E-12 -1.8189894035E-12
HessDelSqRho_EigVals = -1.3835313959E+06 -3.4011846692E+04  2.3889571554E+04
HessDelSqRho_EigVec1 =  7.9272033028E-01 -6.0958075839E-01  2.4035293021E-03
HessDelSqRho_EigVec2 =  3.9303548997E-01  5.0809538346E-01 -7.6639557992E-01
HessDelSqRho_EigVec3 =  4.6595877670E-01  6.0848202956E-01  6.4236441225E-01
</CP of DelSqRho>
<CP of DelSqRho>
CP# = 34      
Type = (3,-3)
Coords = -8.95024466711891E-02  2.13725009659827E-01  1.08134083555269E-01
DistFromNuc =  2.5526314784E-01
Rho =  3.4116370531E+01
DelSqRho =  3.3359832340E+03
GradDelSqRho =  3.7516656448E-12 -4.5474735089E-13 -3.6379788071E-12
HessDelSqRho_EigVals = -1.4011514467E+06 -3.3148876981E+04 -2.1718411921E+04
HessDelSqRho_EigVec1 = -3.4601016071E-01  8.3615099288E-01  4.2559192402E-01
HessDelSqRho_EigVec2 =  9.2433305380E-01  3.8158242674E-01  1.8047887408E-03
HessDelSqRho_EigVec3 =  1.6088932327E-01 -3.9401315805E-01  9.0491339748E-01
</CP of DelSqRho>
<CP of DelSqRho>
CP# = 35      
Type = (3,-3)
Coords =  8.71306284387693E-02 -2.13109659780248E-01 -1.09236957516327E-01
DistFromNuc =  2.5526329394E-01
Rho =  3.4116303066E+01
DelSqRho =  3.3359770257E+03
GradDelSqRho =  9.0949470177E-12  0.0000000000E+00  2.7284841053E-12
HessDelSqRho_EigVals = -1.4011460542E+06 -3.3148854505E+04 -2.1717530742E+04
HessDelSqRho_EigVec1 = -3.4602248451E-01  8.3614884610E-01  4.2558612217E-01
HessDelSqRho_EigVec2 =  9.2432442324E-01  3.8160342445E-01  1.7852330265E-03
HessDelSqRho_EigVec3 =  1.6091240109E-01 -3.9399737768E-01  9.0491616493E-01
</CP of DelSqRho>
<CP of DelSqRho>
CP# = 36      
Type = (3,+1)
Coords = -9.71149516463101E-02  2.30701292079611E-01  5.02855805571119E-01
DistFromNuc =  5.6187438388E-01
Rho =  4.7676740161E+00
DelSqRho = -4.1478736400E+01
GradDelSqRho = -4.9737991503E-14  1.2789769244E-13  4.2632564146E-13
HessDelSqRho_EigVals = -1.2047488884E+03  4.4018981683E+02  1.2375033541E+04
HessDelSqRho_EigVec1 =  9.2423731664E-01  3.8181605802E-01  1.3712634897E-03
HessDelSqRho_EigVec2 = -3.4122281370E-01  8.2757672825E-01 -4.4573955431E-01
HessDelSqRho_EigVec3 = -1.7132534528E-01  4.1150122321E-01  8.9516164426E-01
</CP of DelSqRho>
<CP of DelSqRho>
CP# = 37      
Type = (3,+1)
Coords =  9.47356000160503E-02 -2.30065893825975E-01 -5.03969912644958E-01
DistFromNuc =  5.6187428072E-01
Rho =  4.7676658212E+00
DelSqRho = -4.1479174867E+01
GradDelSqRho =  8.8817841970E-14 -4.2632564146E-14  2.8421709430E-14
HessDelSqRho_EigVals = -1.2047337305E+03  4.4021261348E+02  1.2375061383E+04
HessDelSqRho_EigVec1 =  9.2426412914E-01  3.8175099484E-01  1.4133407455E-03
HessDelSqRho_EigVec2 = -3.4115451627E-01  8.2762537429E-01 -4.4570150983E-01
HessDelSqRho_EigVec3 = -1.7131671144E-01  4.1146375026E-01  8.9518052180E-01
</CP of DelSqRho>
<CP of DelSqRho>
CP# = 38      
Type = (3,-1)
Coords =  1.28881001662448E-01 -1.68703471047474E-02  6.03273200524566E-02
DistFromNuc =  1.4463424672E-01
Rho =  1.3762572957E+02
DelSqRho = -9.9649138437E+03
GradDelSqRho = -8.7311491370E-11 -2.9103830457E-11  1.4551915228E-10
HessDelSqRho_EigVals = -1.2118773530E+05 -8.3733985872E+04  2.1431934934E+07
HessDelSqRho_EigVec1 =  1.3136854016E-01  9.9133314487E-01 -9.5001568581E-04
HessDelSqRho_EigVec2 = -4.1727920020E-01  5.6165843828E-02  9.0704105038E-01
HessDelSqRho_EigVec3 =  8.9923321543E-01 -1.1876023687E-01  4.2104112673E-01
</CP of DelSqRho>
<CP of DelSqRho>
CP# = 39      
Type = (3,-1)
Coords =  1.09061617936234E-04 -6.15195689863807E-04 -5.65986782005696E-01
DistFromNuc =  5.6543704861E-01
Rho =  4.6217538215E+00
DelSqRho = -3.5743661246E+01
GradDelSqRho =  0.0000000000E+00 -2.7533531011E-14 -2.8421709430E-13
HessDelSqRho_EigVals = -5.2437290677E+02 -5.2288109931E+02  1.1479589877E+04
HessDelSqRho_EigVec1 =  9.8887771718E-01  1.4871704594E-01  2.0250217137E-03
HessDelSqRho_EigVec2 = -1.4871314399E-01  9.8887843819E-01 -1.9583870457E-03
HessDelSqRho_EigVec3 = -2.2937458458E-03  1.6354579654E-03  9.9999603200E-01
</CP of DelSqRho>
<CP of DelSqRho>
CP# = 40      
Type = (3,-1)
Coords =  7.89829956008644E-02  1.04341310676453E-01 -6.11227377334743E-02
DistFromNuc =  1.4463427374E-01
Rho =  1.3762562673E+02
DelSqRho = -9.9648763081E+03
GradDelSqRho = -1.2732925825E-10 -5.8207660913E-11  2.1827872843E-11
HessDelSqRho_EigVals = -1.2119795329E+05 -8.3727635182E+04  2.1431874163E+07
HessDelSqRho_EigVec1 =  7.9294794117E-01 -6.0928177213E-01  3.0470865908E-03
HessDelSqRho_EigVec2 = -2.5304190093E-01 -3.3386175163E-01 -9.0802319749E-01
HessDelSqRho_EigVec3 =  5.5425928857E-01  7.1924408440E-01 -4.1890880641E-01
</CP of DelSqRho>
<CP of DelSqRho>
CP# = 41      
Type = (3,+1)
Coords = -1.53708804411542E-01 -1.95955723498724E-01  5.03338279896137E-01
DistFromNuc =  5.6186079384E-01
Rho =  4.7682156012E+00
DelSqRho = -4.1502742239E+01
GradDelSqRho =  1.4921397451E-13  1.9895196601E-13 -6.8212102633E-13
HessDelSqRho_EigVals = -1.2044788640E+03  4.4116244330E+02  1.2378586095E+04
HessDelSqRho_EigVec1 =  7.9290048121E-01 -6.0934531979E-01  2.6661084480E-03
HessDelSqRho_EigVec2 =  5.4506645473E-01  7.1120113788E-01  4.4395439114E-01
HessDelSqRho_EigVec3 = -2.7241766980E-01 -3.5055844409E-01  8.9604541763E-01
</CP of DelSqRho>
<CP of DelSqRho>
CP# = 42      
Type = (3,+1)
Coords =  1.51299031208428E-01  1.96563251357874E-01 -5.04462370405772E-01
DistFromNuc =  5.6186652089E-01
Rho =  4.7679856486E+00
DelSqRho = -4.1494377292E+01
GradDelSqRho =  7.1054273576E-14  2.7711166695E-13 -5.6843418861E-13
HessDelSqRho_EigVals = -1.2044300634E+03  4.4087126011E+02  1.2377074449E+04
HessDelSqRho_EigVec1 =  7.9293199255E-01 -6.0930438192E-01  2.6505395741E-03
HessDelSqRho_EigVec2 =  5.4505172145E-01  7.1124635731E-01  4.4390003396E-01
HessDelSqRho_EigVec3 = -2.7235542245E-01 -3.5053785727E-01  8.9607239355E-01
</CP of DelSqRho>
<CP of DelSqRho>
CP# = 43      
Type = (3,+1)
Coords = -5.15600537102348E-01 -2.12256880051397E-01 -1.28359893677031E-03
DistFromNuc =  5.5660167139E-01
Rho =  5.0611732540E+00
DelSqRho = -5.1119323762E+01
GradDelSqRho =  7.7804429566E-13  3.2684965845E-13  4.9737991503E-14
HessDelSqRho_EigVals = -1.2700353625E+03  8.9973371561E+02  1.3852313074E+04
HessDelSqRho_EigVec1 = -2.4745228985E-01  5.9620446364E-01  7.6374577039E-01
HessDelSqRho_EigVec2 = -2.9088279186E-01  7.0618450079E-01 -6.4551580325E-01
HessDelSqRho_EigVec3 =  9.2420482884E-01  3.8189486561E-01  1.3213528679E-03
</CP of DelSqRho>
<CP of DelSqRho>
CP# = 44      
Type = (3,-1)
Coords =  5.09601158435729E-01 -6.71369118825428E-02  2.46013832596709E-01
DistFromNuc =  5.7118126811E-01
Rho =  4.5037032968E+00
DelSqRho = -2.5512218984E+01
GradDelSqRho = -8.5265128291E-13  9.2370555649E-14 -2.3092638912E-13
HessDelSqRho_EigVals = -1.0698745799E+03 -6.9985808608E+02  1.0176296408E+04
HessDelSqRho_EigVec1 =  1.3153198161E-01  9.9131103438E-01 -1.3307598311E-03
HessDelSqRho_EigVec2 = -4.2772304555E-01  5.7963312193E-02  9.0204947245E-01
HessDelSqRho_EigVec3 =  8.9428873085E-01 -1.1807915798E-01  4.3163060402E-01
</CP of DelSqRho>
<CP of DelSqRho>
CP# = 45      
Type = (3,+1)
Coords =  7.18863451511449E-02  5.52096839672580E-01 -1.19281837383391E-03
DistFromNuc =  5.5660716346E-01
Rho =  5.0608722609E+00
DelSqRho = -5.1107634348E+01
GradDelSqRho =  2.2026824809E-13  9.6633812063E-13 -2.8421709430E-14
HessDelSqRho_EigVals = -1.2700605571E+03  8.9907129261E+02  1.3850729563E+04
HessDelSqRho_EigVec1 =  6.3690680303E-01 -8.3452805601E-02  7.6641069505E-01
HessDelSqRho_EigVec2 =  7.5968027186E-01 -1.0135370251E-01 -6.4234983578E-01
HessDelSqRho_EigVec3 =  1.3128445756E-01  9.9134406551E-01 -1.1554125939E-03
</CP of DelSqRho>
<CP of DelSqRho>
CP# = 46      
Type = (3,+1)
Coords = -7.42930588240504E-02 -5.51479743962354E-01  5.10945875968625E-05
DistFromNuc =  5.5660945692E-01
Rho =  5.0607698416E+00
DelSqRho = -5.1103443907E+01
GradDelSqRho =  8.8817841970E-14 -2.8421709430E-14 -2.8421709430E-14
HessDelSqRho_EigVals = -1.2701567085E+03  8.9901403096E+02  1.3850049280E+04
HessDelSqRho_EigVec1 =  6.3686800660E-01 -8.3533253782E-02  7.6643417048E-01
HessDelSqRho_EigVec2 =  7.5970317080E-01 -1.0135887665E-01 -6.4232193673E-01
HessDelSqRho_EigVec3 =  1.3134014790E-01  9.9133676096E-01 -1.0917479580E-03
</CP of DelSqRho>
<CP of DelSqRho>
CP# = 47      
Type = (3,-1)
Coords = -2.43527734635336E-03  1.28189206786548E-03  5.64882546078041E-01
DistFromNuc =  5.6543673513E-01
Rho =  4.6217792403E+00
DelSqRho = -3.5743618379E+01
GradDelSqRho = -2.8421709430E-14  7.1054273576E-15  2.5579538487E-13
HessDelSqRho_EigVals = -5.2432514932E+02 -5.2297426380E+02  1.1479658561E+04
HessDelSqRho_EigVec1 =  9.3347945386E-01  3.5862796959E-01  1.4452182629E-03
HessDelSqRho_EigVec2 = -3.5862407076E-01  9.3347898209E-01 -2.4012214613E-03
HessDelSqRho_EigVec3 = -2.2102260501E-03  1.7232008417E-03  9.9999607273E-01
</CP of DelSqRho>
<CP of DelSqRho>
CP# = 48      
Type = (3,-1)
Coords = -1.98593007808442E-01  4.77301372854924E-01  2.43861764496426E-01
DistFromNuc =  5.7116572177E-01
Rho =  4.5040686179E+00
DelSqRho = -2.5534233236E+01
GradDelSqRho =  1.6484591470E-12 -1.0516032489E-12  4.2632564146E-13
HessDelSqRho_EigVals = -1.0697679434E+03 -6.9878542040E+02  1.0179670430E+04
HessDelSqRho_EigVec1 =  9.2430157589E-01  3.8165915701E-01  1.6984359213E-03
HessDelSqRho_EigVec2 =  1.6188572436E-01 -3.9607679200E-01  9.0383415906E-01
HessDelSqRho_EigVec3 = -3.4562929427E-01  8.3514038503E-01  4.2787957211E-01
</CP of DelSqRho>
<CP of DelSqRho>
CP# = 49      
Type = (3,-1)
Coords =  1.96199492294846E-01 -4.76690858577689E-01 -2.44976676864111E-01
DistFromNuc =  5.7116755623E-01
Rho =  4.5040116151E+00
DelSqRho = -2.5532454468E+01
GradDelSqRho = -1.9824142328E-12  1.9149126729E-12  1.1368683772E-13
HessDelSqRho_EigVals = -1.0697176335E+03 -6.9884260173E+02  1.0179264161E+04
HessDelSqRho_EigVec1 =  9.2432580844E-01  3.8160018622E-01  1.7600388458E-03
HessDelSqRho_EigVec2 =  1.6181523571E-01 -3.9612341269E-01  9.0382635025E-01
HessDelSqRho_EigVec3 = -3.4559749616E-01  8.3514522078E-01  4.2789581776E-01
</CP of DelSqRho>
<CP of DelSqRho>
CP# = 50      
Type = (3,+1)
Coords = -4.42420695178180E-01  3.39593902064231E-01 -1.89308070030645E-03
DistFromNuc =  5.5660053184E-01
Rho =  5.0612206616E+00
DelSqRho = -5.1121271643E+01
GradDelSqRho = -4.7606363296E-13  3.0908609006E-13  0.0000000000E+00
HessDelSqRho_EigVals = -1.2698378371E+03  8.9958585086E+02  1.3852653821E+04
HessDelSqRho_EigVec1 = -3.9404453827E-01 -5.0943173330E-01  7.6498902670E-01
HessDelSqRho_EigVec2 =  4.6508704069E-01  6.0737799946E-01  6.4403882675E-01
HessDelSqRho_EigVec3 =  7.9273132046E-01 -6.0956646470E-01  2.4038860782E-03
</CP of DelSqRho>
<CP of DelSqRho>
CP# = 51      
Type = (3,+1)
Coords =  4.40037551632257E-01 -3.38989378902559E-01  7.76959058702801E-04
DistFromNuc =  5.5659978977E-01
Rho =  5.0612655482E+00
DelSqRho = -5.1121589250E+01
GradDelSqRho = -6.2527760747E-13  1.3056222770E-13  7.1054273576E-15
HessDelSqRho_EigVals = -1.2699999757E+03  8.9967914198E+02  1.3852840395E+04
HessDelSqRho_EigVec1 = -3.9405633581E-01 -5.0944589109E-01  7.6497352128E-01
HessDelSqRho_EigVec2 =  4.6510504531E-01  6.0734459712E-01  6.4405732445E-01
HessDelSqRho_EigVec3 =  7.9271489266E-01 -6.0958791360E-01  2.3821322584E-03
</CP of DelSqRho>
<CP of DelSqRho>
CP# = 52      
Type = (3,+1)
Coords =  2.44071584573173E-01 -3.15884876800103E-02  5.03947837749367E-01
DistFromNuc =  5.6186227039E-01
Rho =  4.7681930390E+00
DelSqRho = -4.1502288510E+01
GradDelSqRho = -3.7303493627E-13  1.4210854715E-14 -7.6028072726E-13
HessDelSqRho_EigVals = -1.2044230820E+03  4.4126539496E+02  1.2378189891E+04
HessDelSqRho_EigVec1 =  1.3155251796E-01  9.9130838352E-01 -1.2742786256E-03
HessDelSqRho_EigVec2 =  8.8926317946E-01 -1.1857837094E-01 -4.4175804193E-01
HessDelSqRho_EigVec3 =  4.3806955234E-01 -5.6981213684E-02  8.9713332822E-01
</CP of DelSqRho>
<CP of DelSqRho>
CP# = 53      
Type = (3,+1)
Coords = -2.46491323671286E-01  3.22341750224607E-02 -5.05022317456570E-01
DistFromNuc =  5.6185747990E-01
Rho =  4.7683532342E+00
DelSqRho = -4.1509501662E+01
GradDelSqRho =  1.4210854715E-13  2.8421709430E-14  4.3343106881E-13
HessDelSqRho_EigVals = -1.2043454962E+03  4.4145069544E+02  1.2379458511E+04
HessDelSqRho_EigVec1 =  1.3152304270E-01  9.9131236859E-01 -1.2153707590E-03
HessDelSqRho_EigVec2 =  8.8922285243E-01 -1.1851997051E-01 -4.4185488037E-01
HessDelSqRho_EigVec3 =  4.3816025374E-01 -5.7033362847E-02  8.9708571918E-01
</CP of DelSqRho>
<CP of DelSqRho>
CP# = 54      
Type = (3,+3)
Coords =  2.73702265884668E-01  3.59056512797575E-01  2.89939282973950E-01
DistFromNuc =  5.3726167668E-01
Rho =  5.9253099415E+00
DelSqRho = -1.0040814859E+02
GradDelSqRho =  5.5422333389E-13  8.6686213763E-13  7.6738615462E-13
HessDelSqRho_EigVals =  1.4833705167E+03  1.7791585083E+03  2.0195945009E+04
HessDelSqRho_EigVec1 = -3.3115239797E-01 -4.2738969190E-01  8.4123489025E-01
HessDelSqRho_EigVec2 = -7.9280649767E-01  6.0946851051E-01 -2.4478465260E-03
HessDelSqRho_EigVec3 =  5.1165999118E-01  6.6774709730E-01  5.4066428352E-01
</CP of DelSqRho>
<CP of DelSqRho>
CP# = 55      
Type = (3,+3)
Coords = -2.76083375119075E-01 -3.58412324667063E-01 -2.91077240611267E-01
DistFromNuc =  5.3726425902E-01
Rho =  5.9251446301E+00
DelSqRho = -1.0040216398E+02
GradDelSqRho = -3.3395508581E-13 -4.2632564146E-13 -3.1263880373E-13
HessDelSqRho_EigVals =  1.4832569973E+03  1.7790447221E+03  2.0194924139E+04
HessDelSqRho_EigVec1 = -3.3105195820E-01 -4.2754609235E-01  8.4119494761E-01
HessDelSqRho_EigVec2 = -7.9284177781E-01  6.0942327760E-01 -2.2768588478E-03
HessDelSqRho_EigVec3 =  5.1167031997E-01  6.6768825633E-01  5.4072717337E-01
</CP of DelSqRho>
<CP of DelSqRho>
CP# = 56      
Type = (3,-1)
Coords = -1.17583995952109E-01 -8.79714682379138E-01  4.74152913950832E-04
DistFromNuc =  8.8768714050E-01
Rho =  1.5011727449E+00
DelSqRho =  1.1458883517E+01
GradDelSqRho = -4.7295500849E-14  1.8118839762E-13  5.5067062021E-14
HessDelSqRho_EigVals = -4.5766829126E+02 -4.9347085379E+01  3.5319607541E+01
HessDelSqRho_EigVec1 =  1.3117742832E-01  9.9135837979E-01 -1.0223088399E-03
HessDelSqRho_EigVec2 =  6.3990954644E-01 -8.3885698276E-02  7.6385794622E-01
HessDelSqRho_EigVec3 =  7.5717121887E-01 -1.0085510618E-01 -6.4538360134E-01
</CP of DelSqRho>
<CP of DelSqRho>
CP# = 57      
Type = (3,-3)
Coords = -2.95673226802231E-01  7.11804732662123E-01  3.63749178024624E-01
DistFromNuc =  8.5186011713E-01
Rho =  1.6035092819E+00
DelSqRho =  1.4474089265E+01
GradDelSqRho =  7.3718808835E-14 -2.0183854588E-13 -4.7739590059E-14
HessDelSqRho_EigVals = -6.0830211389E+02 -6.6243679227E+01 -4.4484294213E+01
HessDelSqRho_EigVec1 = -3.4589717669E-01  8.3576841482E-01  4.2643440287E-01
HessDelSqRho_EigVec2 =  9.2419428889E-01  3.8192100799E-01  1.1225168356E-03
HessDelSqRho_EigVec3 =  1.6192609287E-01 -3.9449651512E-01  9.0451779419E-01
</CP of DelSqRho>
<CP of DelSqRho>
CP# = 58      
Type = (3,+1)
Coords =  5.13209735063936E-01  2.12899310978401E-01  1.54314018641568E-04
DistFromNuc =  5.5659661828E-01
Rho =  5.0613985733E+00
DelSqRho = -5.1127040928E+01
GradDelSqRho =  1.1866063687E-12  7.9580786405E-13  4.2632564146E-14
HessDelSqRho_EigVals = -1.2700690630E+03  8.9997183266E+02  1.3853759740E+04
HessDelSqRho_EigVec1 = -2.4746848452E-01  5.9623670263E-01  7.6371535509E-01
HessDelSqRho_EigVec2 = -2.9094324596E-01  7.0612661178E-01 -6.4555188464E-01
HessDelSqRho_EigVec3 =  9.2418146313E-01  3.8195157097E-01  1.2730408697E-03
</CP of DelSqRho>
<CP of DelSqRho>
CP# = 59      
Type = (3,+3)
Coords =  1.70808453878616E-01 -4.16981018633148E-01  2.90890477800511E-01
DistFromNuc =  5.3726242639E-01
Rho =  5.9252829028E+00
DelSqRho = -1.0040502580E+02
GradDelSqRho = -1.4210854715E-13  1.4210854715E-13 -1.2789769244E-13
HessDelSqRho_EigVals =  1.4827041943E+03  1.7794745934E+03  2.0195684482E+04
HessDelSqRho_EigVec1 = -2.0881913203E-01  5.0063410938E-01  8.4009526759E-01
HessDelSqRho_EigVec2 =  9.2407097421E-01  3.8221609968E-01  1.9203561512E-03
HessDelSqRho_EigVec3 = -3.2013654074E-01  7.7670865946E-01 -5.4243548336E-01
</CP of DelSqRho>
<CP of DelSqRho>
CP# = 60      
Type = (3,+3)
Coords = -1.73209156724197E-01  4.17593462309088E-01 -2.91992363290337E-01
DistFromNuc =  5.3726774433E-01
Rho =  5.9249884185E+00
DelSqRho = -1.0039188364E+02
GradDelSqRho = -1.0658141036E-14  5.6843418861E-13 -2.6290081223E-13
HessDelSqRho_EigVals =  1.4824340140E+03  1.7790725978E+03  2.0193597060E+04
HessDelSqRho_EigVec1 = -2.0851192019E-01  5.0075028823E-01  8.4010233185E-01
HessDelSqRho_EigVec2 =  9.2412389082E-01  3.8208953932E-01  1.6181362312E-03
HessDelSqRho_EigVec3 = -3.2018403078E-01  7.7669603629E-01 -5.4242552821E-01
</CP of DelSqRho>
<CP of DelSqRho>
CP# = 61      
Type = (3,+3)
Coords = -4.49846806077097E-01  6.01143776793733E-02  2.88895223252975E-01
DistFromNuc =  5.3726354404E-01
Rho =  5.9252526917E+00
DelSqRho = -1.0040369567E+02
GradDelSqRho =  8.0291329141E-13  4.2632564146E-14 -2.5579538487E-13
HessDelSqRho_EigVals =  1.4835328639E+03  1.7786460784E+03  2.0195272392E+04
HessDelSqRho_EigVec1 =  5.3412455111E-01 -7.0222162104E-02  8.4248430956E-01
HessDelSqRho_EigVec2 =  1.3161708400E-01  9.9130029508E-01 -8.1742281377E-04
HessDelSqRho_EigVec3 =  8.3509754346E-01 -1.1132193373E-01 -5.3872026133E-01
</CP of DelSqRho>
<CP of DelSqRho>
CP# = 62      
Type = (3,+3)
Coords =  4.47476382749785E-01 -5.94938711672712E-02 -2.89990131514711E-01
DistFromNuc =  5.3726113808E-01
Rho =  5.9253907919E+00
DelSqRho = -1.0040940846E+02
