 AIMInt (Version 19.02.13, Professional)
 Portions Copyright (c) 1997-2019 by Todd A. Keith
 AIMInt is a component of the AIMAll package ( http://aim.tkgristmill.com )

 TP:  64-bit Linux

 Licensed To:  Research Group of Fernando Cortes Guzman, UNAM, fercor@unam.mx

 AIMInt is a heavily modified and extended version of the PROAIMV program
 developed by members of R.F.W. Bader's research group

 Much of the Quantum Theory of Atoms in Molecules (QTAIM) is described in the book:
   "Atoms in Molecules - A Quantum Theory"
   R.F.W. Bader, Oxford University Press, Oxford, 1990

 For additional references see:  http://aim.tkgristmill.com/references.html

 Current Directory:  /home/lillian/David/proyecto_spin/noab/hexaaqua/def2/pbe0/opt_scan/int

 Inp File:  sc22_pbe0_noab_atomicfiles/sc1.inp
 Wfx File:  sc22_pbe0_noab.wfx
 Out File:  sc22_pbe0_noab_atomicfiles/sc1.int

 Wfx Title:   Title Card Required                                                           
 Job Title:   Title Card Required                                                           
 
<Atom>
Sc1     
</Atom>
<Nuclei of Molecule>
    19
Sc1       21.0           1.3357971993E-04   4.7111239399E-04  -4.7221959418E-04
O2         8.0           1.8592401643E+00   3.1722934380E+00  -2.1946884366E+00
H3         1.0           2.9812420373E+00   4.4267298128E+00  -1.4885190528E+00
H4         1.0           1.7317942354E+00   3.5636614285E+00  -3.9700583282E+00
O5         8.0           3.6754029848E+00  -2.5516951527E-02   2.1963073091E+00
H6         1.0           5.3228157700E+00  -3.7019216132E-01   1.4903216061E+00
H7         1.0           3.9505003768E+00   2.8103992825E-01   3.9715890889E+00
O8         8.0          -3.6763188410E+00   2.1708095062E-02  -2.1949173717E+00
H9         1.0          -5.3237185550E+00   3.6820765588E-01  -1.4898110928E+00
H10        1.0          -3.9509859231E+00  -2.8547787403E-01  -3.9701741092E+00
O11        8.0          -1.8176993237E+00   3.1962395329E+00   2.1941735616E+00
H12        1.0          -2.2211369499E+00   3.2798823158E+00   3.9694398174E+00
H13        1.0          -2.3427537274E+00   4.7958417720E+00   1.4893538920E+00
O14        8.0           1.8187822314E+00  -3.1949638455E+00  -2.1945866871E+00
H15        1.0           2.3415980970E+00  -4.7946913662E+00  -1.4883760176E+00
H16        1.0           2.2236698162E+00  -3.2800288966E+00  -3.9694528115E+00
O17        8.0          -1.8596416155E+00  -3.1707123212E+00   2.1946359008E+00
H18        1.0          -1.7298737403E+00  -3.5641032803E+00   3.9693880295E+00
H19        1.0          -2.9840814141E+00  -4.4231462766E+00   1.4888213808E+00
</Nuclei of Molecule>
<Total Number of CPs of DelSqRho>
    93
</Total Number of CPs of DelSqRho>
<Number of (3,+3) CPs of DelSqRho>
    13
</Number of (3,+3) CPs of DelSqRho>
<Number of (3,+1) CPs of DelSqRho>
    37
</Number of (3,+1) CPs of DelSqRho>
<Number of (3,-1) CPs of DelSqRho>
    31
</Number of (3,-1) CPs of DelSqRho>
<Number of (3,-3) CPs of DelSqRho>
    12
</Number of (3,-3) CPs of DelSqRho>
<Number of Degenerate CPs of DelSqRho>
     0
</Number of Degenerate CPs of DelSqRho>
<CP of DelSqRho>
CP# = 1       
Type = (3,+3)
Coords =  1.33579720335838E-04  4.71112394547298E-04 -4.72219593956438E-04
DistFromNuc =  7.2614348969E-13
Rho =  6.0095110846E+03
DelSqRho = -6.2786470413E+08
GradDelSqRho = -3.0472874641E-06 -1.8626451492E-06  4.2468309402E-06
HessDelSqRho_EigVals =  3.0347899952E+14  3.0347899952E+14  3.0347900391E+14
HessDelSqRho_EigVec1 = -4.0149088308E-01  9.1586301954E-01 -1.5382365783E-05
HessDelSqRho_EigVec2 =  9.1586300388E-01  4.0149087922E-01  1.7898511106E-04
HessDelSqRho_EigVec3 = -1.7010172383E-04 -5.7772750562E-05  9.9999998386E-01
</CP of DelSqRho>
<CP of DelSqRho>
CP# = 2       
Type = (3,+3)
Coords =  1.99225424982569E-01 -1.14568232046060E-02  2.41918466653996E-03
DistFromNuc =  1.9946979399E-01
Rho =  4.9563908108E+01
DelSqRho = -2.0032603089E+03
GradDelSqRho =  3.6379788071E-12  1.0004441720E-11 -6.3664629124E-12
HessDelSqRho_EigVals =  6.1257182244E+00  3.6868216043E+03  2.2498539304E+06
HessDelSqRho_EigVec1 =  5.9711675765E-02  9.9819521647E-01  6.3894906222E-03
HessDelSqRho_EigVec2 = -1.4836083230E-02 -5.5127522219E-03  9.9987474225E-01
HessDelSqRho_EigVec3 =  9.9810540847E-01 -5.9798991429E-02  1.4480131638E-02
</CP of DelSqRho>
<CP of DelSqRho>
CP# = 3       
Type = (3,+3)
Coords = -1.98637838527133E-01 -1.59701698817409E-02 -3.26260861746274E-03
DistFromNuc =  1.9946974394E-01
Rho =  4.9563960147E+01
DelSqRho = -2.0032712748E+03
GradDelSqRho =  0.0000000000E+00 -1.0913936421E-11 -1.7280399334E-11
HessDelSqRho_EigVals =  7.4706221652E+00  3.6882943872E+03  2.2498602662E+06
HessDelSqRho_EigVec1 = -8.2264535190E-02  9.9654165415E-01 -1.1716560837E-02
HessDelSqRho_EigVec2 = -1.4891177023E-02  1.0525999330E-02  9.9983371427E-01
HessDelSqRho_EigVec3 =  9.9649927200E-01  8.2425329153E-02  1.3973761740E-02
</CP of DelSqRho>
<CP of DelSqRho>
CP# = 4       
Type = (3,+1)
Coords = -1.41811258193874E-02  1.99425250799618E-01  2.40465180686583E-04
DistFromNuc =  1.9946971676E-01
Rho =  4.9563876242E+01
DelSqRho = -2.0032471631E+03
GradDelSqRho = -6.3664629124E-12  1.0913936421E-11  2.7284841053E-12
HessDelSqRho_EigVals = -5.4881441700E+00  3.6921068252E+03  2.2498600362E+06
HessDelSqRho_EigVec1 =  9.9653182312E-01  7.1850203520E-02 -4.1974680014E-02
HessDelSqRho_EigVec2 =  4.2122634568E-02 -5.4456002964E-04  9.9911229955E-01
HessDelSqRho_EigVec3 = -7.1763564329E-02  9.9741528548E-01  3.5691912656E-03
</CP of DelSqRho>
<CP of DelSqRho>
CP# = 5       
Type = (3,+1)
Coords = -3.28728244386462E-03 -1.98969264072834E-01 -4.07424142715230E-04
DistFromNuc =  1.9946972267E-01
Rho =  4.9563876633E+01
DelSqRho = -2.0032405975E+03
GradDelSqRho = -2.7284841053E-12  3.2741809264E-11  3.1832314562E-12
HessDelSqRho_EigVals = -8.5166090470E+00  3.6915553369E+03  2.2498588437E+06
HessDelSqRho_EigVec1 =  9.9892997335E-01 -1.7147520641E-02 -4.2951960055E-02
HessDelSqRho_EigVec2 =  4.2951208847E-02 -4.1225663283E-04  9.9907708597E-01
HessDelSqRho_EigVec3 =  1.7149402184E-02  9.9985288547E-01 -3.2469123300E-04
</CP of DelSqRho>
<CP of DelSqRho>
CP# = 6       
Type = (3,+3)
Coords =  9.83628578001891E-05  4.55747003324754E-04  1.99133118733442E-01
DistFromNuc =  1.9960534203E-01
Rho =  4.9604738516E+01
DelSqRho = -2.0240300569E+03
GradDelSqRho = -6.3664629124E-12  4.5474735089E-13 -5.8207660913E-11
HessDelSqRho_EigVals =  5.7680158302E+03  5.7712289555E+03  2.2419700981E+06
HessDelSqRho_EigVec1 = -5.9143701859E-01  8.0635119599E-01 -4.2139665307E-05
HessDelSqRho_EigVec2 =  8.0635117774E-01  5.9143701504E-01  1.8817593097E-04
HessDelSqRho_EigVec3 = -1.7665884486E-04 -7.7314842833E-05  9.9999998141E-01
</CP of DelSqRho>
<CP of DelSqRho>
CP# = 7       
Type = (3,+3)
Coords =  1.67496926799148E-04  4.75821607534917E-04 -2.00077491228936E-01
DistFromNuc =  1.9960527457E-01
Rho =  4.9604819711E+01
DelSqRho = -2.0240475158E+03
GradDelSqRho = -1.8189894035E-12 -7.2759576142E-12 -2.1827872843E-11
HessDelSqRho_EigVals =  5.7708456557E+03  5.7725147438E+03  2.2419793017E+06
HessDelSqRho_EigVec1 = -3.4122721239E-01  9.3998084461E-01 -3.5965861375E-05
HessDelSqRho_EigVec2 =  9.3998082992E-01  3.4122721348E-01  1.6782458832E-04
HessDelSqRho_EigVec3 = -1.7002442893E-04 -2.3459096218E-05  9.9999998527E-01
</CP of DelSqRho>
<CP of DelSqRho>
CP# = 8       
Type = (3,+1)
Coords = -7.62659497642009E-02  1.35738090247754E-01  1.24677156373395E-01
DistFromNuc =  1.9949037498E-01
Rho =  4.9538255539E+01
DelSqRho = -1.9895940282E+03
GradDelSqRho = -1.3642420527E-12  1.0913936421E-11 -3.6379788071E-12
HessDelSqRho_EigVals = -4.4253101124E+03  2.3457827393E+02  2.2484621743E+06
HessDelSqRho_EigVec1 =  3.0802471991E-01 -5.4606245937E-01  7.7906133416E-01
HessDelSqRho_EigVec2 =  8.7082223241E-01  4.9159797392E-01  2.6753276432E-04
HessDelSqRho_EigVec3 = -3.8313106303E-01  6.7834152350E-01  6.2694765813E-01
</CP of DelSqRho>
<CP of DelSqRho>
CP# = 9       
Type = (3,+1)
Coords = -7.88589039440523E-02 -1.33299309786446E-01  1.24675963104144E-01
DistFromNuc =  1.9949036558E-01
Rho =  4.9538272351E+01
DelSqRho = -1.9895881627E+03
GradDelSqRho = -9.0949470177E-13  7.2759576142E-12 -1.3187673176E-11
HessDelSqRho_EigVals = -4.4281520295E+03  2.3276389897E+02  2.2484631160E+06
HessDelSqRho_EigVec1 =  3.1889075004E-01  5.3978213351E-01  7.7906606773E-01
HessDelSqRho_EigVec2 =  8.6103792524E-01 -5.0854073762E-01 -9.7328661082E-05
HessDelSqRho_EigVec3 =  3.9613429647E-01  6.7083646779E-01 -6.2694182557E-01
</CP of DelSqRho>
<CP of DelSqRho>
CP# = 10      
Type = (3,+1)
Coords =  7.66053672933909E-02 -1.34765437573807E-01 -1.25610318757427E-01
DistFromNuc =  1.9949035717E-01
Rho =  4.9538282044E+01
DelSqRho = -1.9895950679E+03
GradDelSqRho = -3.6379788071E-12  3.0695446185E-12 -1.8189894035E-11
HessDelSqRho_EigVals = -4.4270161804E+03  2.3519138046E+02  2.2484640836E+06
HessDelSqRho_EigVec1 =  3.0847127905E-01 -5.4574565667E-01  7.7910663470E-01
HessDelSqRho_EigVec2 =  8.7050464485E-01  4.9216019297E-01  8.8057893292E-05
HessDelSqRho_EigVec3 = -3.8349332889E-01  6.7818878100E-01  6.2689141326E-01
</CP of DelSqRho>
<CP of DelSqRho>
CP# = 11      
Type = (3,+1)
Coords =  1.55433096233384E-01 -1.79722545755249E-03  1.24720968287531E-01
DistFromNuc =  1.9949039946E-01
Rho =  4.9538243340E+01
DelSqRho = -1.9895867287E+03
GradDelSqRho =  2.0918378141E-11  1.3642420527E-12  7.2759576142E-12
HessDelSqRho_EigVals = -4.4279370956E+03  2.3329606658E+02  2.2484599960E+06
HessDelSqRho_EigVec1 = -6.2710408493E-01  8.9102101284E-03  7.7888450673E-01
HessDelSqRho_EigVec2 =  1.4448919120E-02  9.9989558995E-01  1.9476108339E-04
HessDelSqRho_EigVec3 =  7.7880144799E-01 -1.1376174713E-02  6.2716735187E-01
</CP of DelSqRho>
<CP of DelSqRho>
CP# = 12      
Type = (3,-1)
Coords = -1.56212177789157E-01  1.94465500800338E-03  1.23419380660432E-01
DistFromNuc =  1.9948758315E-01
Rho =  4.9535864792E+01
DelSqRho = -1.9883325829E+03
GradDelSqRho = -5.4569682106E-12  4.5474735089E-12  2.3192114895E-11
HessDelSqRho_EigVals = -4.5744447807E+03 -2.3276994052E+02  2.2486232063E+06
HessDelSqRho_EigVec1 =  6.2062452248E-01 -5.6200733695E-03  7.8408776095E-01
HessDelSqRho_EigVec2 =  9.2821220411E-03  9.9995690403E-01 -1.7967554064E-04
HessDelSqRho_EigVec3 =  7.8405296014E-01 -7.3895093347E-03 -6.2064994227E-01
</CP of DelSqRho>
<CP of DelSqRho>
CP# = 13      
Type = (3,-1)
Coords =  1.56501069610582E-01 -7.82587509651323E-04 -1.24338851894155E-01
DistFromNuc =  1.9948760928E-01
Rho =  4.9535836291E+01
DelSqRho = -1.9883244327E+03
GradDelSqRho = -5.0931703299E-11 -6.3664629124E-12  1.9099388737E-11
HessDelSqRho_EigVals = -4.5751231003E+03 -2.3446747101E+02  2.2486190712E+06
HessDelSqRho_EigVec1 =  6.2050564007E-01 -4.9412203028E-03  7.8418641596E-01
HessDelSqRho_EigVec2 =  7.9966361627E-03  9.9996802604E-01 -2.6646123554E-05
HessDelSqRho_EigVec3 =  7.8416121075E-01 -6.2873875221E-03 -6.2052531319E-01
</CP of DelSqRho>
<CP of DelSqRho>
CP# = 14      
Type = (3,+1)
Coords = -1.55183124249587E-01  1.67936463641562E-03 -1.25658767861121E-01
DistFromNuc =  1.9949037639E-01
Rho =  4.9538269407E+01
DelSqRho = -1.9895892603E+03
GradDelSqRho = -2.3874235922E-12 -3.2969182939E-12  7.2759576142E-12
HessDelSqRho_EigVals = -4.4294253205E+03  2.3454689054E+02  2.2484625607E+06
HessDelSqRho_EigVec1 = -6.2711725528E-01  4.6249670476E-03  7.7891113602E-01
HessDelSqRho_EigVec2 =  7.6195936566E-03  9.9997095104E-01  1.9712898686E-04
HessDelSqRho_EigVec3 =  7.7888759775E-01 -6.0586093402E-03  6.2713427855E-01
</CP of DelSqRho>
<CP of DelSqRho>
CP# = 15      
Type = (3,+1)
Coords = -1.64527932835936E-01  1.13051898454139E-01  1.01571622469346E-04
DistFromNuc =  1.9946973791E-01
Rho =  4.9563852346E+01
DelSqRho = -2.0032378206E+03
GradDelSqRho =  1.0913936421E-11  1.8189894035E-12  3.1832314562E-12
HessDelSqRho_EigVals = -8.1660676155E+00  3.6912916107E+03  2.2498566521E+06
HessDelSqRho_EigVec1 =  5.6399265650E-01  8.2468388067E-01  4.2529758771E-02
HessDelSqRho_EigVec2 = -2.1633730771E-02 -3.6729027320E-02  9.9909106704E-01
HessDelSqRho_EigVec3 =  8.2549637498E-01 -5.6440010233E-01 -2.8739126432E-03
</CP of DelSqRho>
<CP of DelSqRho>
CP# = 16      
Type = (3,+1)
Coords =  7.63255114024338E-05  4.55337015375490E-04  3.61435967433634E-01
DistFromNuc =  3.6190819190E-01
Rho =  1.1303145424E+01
DelSqRho =  5.2621794133E+02
GradDelSqRho =  8.5353946133E-13 -5.1159076975E-13  1.5916157281E-12
HessDelSqRho_EigVals = -1.1364439241E+05  1.5336418061E+03  1.5342606072E+03
HessDelSqRho_EigVec1 = -1.5819330991E-04 -4.3350162472E-05  9.9999998655E-01
HessDelSqRho_EigVec2 = -5.1831706690E-01  8.5518852667E-01 -4.4921731423E-05
HessDelSqRho_EigVec3 =  8.5518851322E-01  5.1831706703E-01  1.5775423269E-04
</CP of DelSqRho>
<CP of DelSqRho>
CP# = 17      
Type = (3,+1)
Coords =  1.92571106452721E-04  4.85824264455022E-04 -3.62380807192836E-01
DistFromNuc =  3.6190859271E-01
Rho =  1.1303104770E+01
DelSqRho =  5.2621657101E+02
GradDelSqRho =  7.1054273576E-15 -7.9580786405E-13  4.3200998334E-12
HessDelSqRho_EigVals = -1.1364371079E+05  1.5337127921E+03  1.5342781681E+03
HessDelSqRho_EigVec1 = -1.6299181720E-04 -4.0849733987E-05  9.9999998588E-01
HessDelSqRho_EigVec2 = -4.9037927107E-01  8.7150913279E-01 -4.4326892894E-05
HessDelSqRho_EigVec3 =  8.7150911868E-01  4.9037927137E-01  1.6208072004E-04
</CP of DelSqRho>
<CP of DelSqRho>
CP# = 18      
Type = (3,+1)
Coords =  1.74329845218992E-01 -9.67078591770466E-02 -2.15560980242844E-04
DistFromNuc =  1.9946969019E-01
Rho =  4.9563908555E+01
DelSqRho = -2.0032510994E+03
GradDelSqRho = -2.9103830457E-11  1.4551915228E-11  9.0949470177E-13
HessDelSqRho_EigVals = -5.7233637888E+00  3.6924699514E+03  2.2498632686E+06
HessDelSqRho_EigVec1 =  4.8668450147E-01  8.7250960856E-01  4.3187718213E-02
HessDelSqRho_EigVec2 = -2.2162386088E-02 -3.7089903797E-02  9.9906614780E-01
HessDelSqRho_EigVec3 =  8.7329664185E-01 -4.8718715297E-01  1.2858134713E-03
</CP of DelSqRho>
<CP of DelSqRho>
CP# = 19      
Type = (3,+1)
Coords = -3.61042610846115E-01 -1.05489943493820E-02 -5.95805062282857E-03
DistFromNuc =  3.6138591246E-01
Rho =  1.1169669857E+01
DelSqRho =  5.4575530109E+02
GradDelSqRho = -1.2647660697E-12  2.8421709430E-14 -1.7763568394E-15
HessDelSqRho_EigVals = -1.1491000558E+05  2.0061073534E+00  9.4072826289E+02
HessDelSqRho_EigVec1 =  9.9941993881E-01  3.0493096874E-02  1.5164331753E-02
HessDelSqRho_EigVec2 = -3.0413644153E-02  9.9952257911E-01 -5.4428019065E-03
HessDelSqRho_EigVec3 = -1.5323059870E-02  4.9784421586E-03  9.9987020105E-01
</CP of DelSqRho>
<CP of DelSqRho>
CP# = 20      
Type = (3,-1)
Coords = -1.05814839316794E-02  3.61697299833469E-01  1.89833492388079E-04
DistFromNuc =  3.6138567957E-01
Rho =  1.1169526428E+01
DelSqRho =  5.4577400641E+02
GradDelSqRho =  3.1263880373E-13 -4.3200998334E-12 -8.5265128291E-14
HessDelSqRho_EigVals = -1.1491044141E+05 -1.9520118055E+00  9.4211064029E+02
HessDelSqRho_EigVec1 = -2.9650699802E-02  9.9955864666E-01  1.8297221246E-03
HessDelSqRho_EigVec2 =  9.9855273063E-01  2.9702932388E-02 -4.4835030413E-02
HessDelSqRho_EigVec3 =  4.4869590435E-02 -4.9768399641E-04  9.9899272878E-01
</CP of DelSqRho>
<CP of DelSqRho>
CP# = 21      
Type = (3,-1)
Coords =  6.47571197570120E-03 -3.60858372718715E-01 -9.34345919787056E-04
DistFromNuc =  3.6138543553E-01
Rho =  1.1169552830E+01
DelSqRho =  5.4577574857E+02
GradDelSqRho = -4.2721381988E-13 -3.4106051316E-13  4.2632564146E-13
HessDelSqRho_EigVals = -1.1491099213E+05 -2.0606823682E+00  9.4208221224E+02
HessDelSqRho_EigVec1 = -1.7548603630E-02  9.9984519481E-01  1.2778593380E-03
HessDelSqRho_EigVec2 =  9.9883389931E-01  1.7588316804E-02 -4.4961013063E-02
HessDelSqRho_EigVec3 =  4.4976528260E-02 -4.8736622832E-04  9.9898792504E-01
</CP of DelSqRho>
<CP of DelSqRho>
CP# = 22      
Type = (3,-3)
Coords =  1.45552079893206E-01  2.46173919898536E-01  2.20968240731586E-01
DistFromNuc =  3.6132020048E-01
Rho =  1.1120508433E+01
DelSqRho =  5.5797744818E+02
GradDelSqRho = -1.3429257706E-12 -6.3948846218E-13 -2.5792701308E-12
HessDelSqRho_EigVals = -1.1507528251E+05 -1.1891450413E+03 -6.2133623547E+01
HessDelSqRho_EigVec1 =  4.0268293558E-01  6.8038153832E-01  6.1231316800E-01
HessDelSqRho_EigVec2 = -3.1215472361E-01 -5.2677026621E-01  7.9061527633E-01
HessDelSqRho_EigVec3 =  8.6046840844E-01 -5.0950372811E-01  2.6291387232E-04
</CP of DelSqRho>
<CP of DelSqRho>
CP# = 23      
Type = (3,-3)
Coords =  1.40341116481118E-01 -2.48289558622186E-01  2.20915318718955E-01
DistFromNuc =  3.6132044909E-01
Rho =  1.1120486041E+01
DelSqRho =  5.5797288800E+02
GradDelSqRho =  2.1884716261E-12 -3.5633718198E-12  4.8530068852E-12
HessDelSqRho_EigVals = -1.1507491264E+05 -1.1884475043E+03 -6.1899782412E+01
HessDelSqRho_EigVec1 = -3.8825124980E-01  6.8884936969E-01 -6.1216624613E-01
HessDelSqRho_EigVec2 = -3.0075478561E-01  5.3319236503E-01  7.9072906915E-01
HessDelSqRho_EigVec3 =  8.7109558945E-01  4.9111347747E-01  1.6214239480E-04
</CP of DelSqRho>
<CP of DelSqRho>
CP# = 24      
Type = (3,-3)
Coords = -1.40239774581589E-01  2.49140520493226E-01 -2.21856690451229E-01
DistFromNuc =  3.6132013099E-01
Rho =  1.1120514031E+01
DelSqRho =  5.5797422799E+02
GradDelSqRho =  7.3896444519E-13  1.8474111130E-12 -1.2505552149E-12
HessDelSqRho_EigVals = -1.1507541154E+05 -1.1885062804E+03 -6.1980695132E+01
HessDelSqRho_EigVec1 = -3.8871295907E-01  6.8859707442E-01 -6.1215709140E-01
HessDelSqRho_EigVec2 = -3.0109203132E-01  5.3299147822E-01  7.9073615880E-01
HessDelSqRho_EigVec3 =  8.7077311863E-01  4.9168501426E-01  1.5039724196E-04
</CP of DelSqRho>
<CP of DelSqRho>
CP# = 25      
Type = (3,-3)
Coords = -1.45175997310327E-01 -2.45300908620294E-01 -2.21907492222580E-01
DistFromNuc =  3.6132027269E-01
Rho =  1.1120505339E+01
DelSqRho =  5.5797749116E+02
GradDelSqRho = -1.4352963262E-12 -2.5295321393E-12 -1.8047785488E-12
HessDelSqRho_EigVals = -1.1507528229E+05 -1.1891103223E+03 -6.2145844321E+01
HessDelSqRho_EigVec1 =  4.0238038107E-01  6.8057471813E-01  6.1229738034E-01
HessDelSqRho_EigVec2 = -3.1193075706E-01 -5.2688458463E-01  7.9062749590E-01
HessDelSqRho_EigVec3 =  8.6069113608E-01 -5.0912737849E-01  2.8416711932E-04
</CP of DelSqRho>
<CP of DelSqRho>
CP# = 26      
Type = (3,-1)
Coords =  2.83890347873452E-01 -2.68896167610781E-03  2.23214703942551E-01
DistFromNuc =  3.6133603377E-01
Rho =  1.1126655188E+01
DelSqRho =  5.5685700918E+02
GradDelSqRho = -8.5265128291E-13 -2.7000623959E-13 -1.0800249584E-12
HessDelSqRho_EigVals = -1.1503686326E+05 -1.1482582076E+03  6.2238824706E+01
HessDelSqRho_EigVec1 =  7.8573483731E-01 -8.7489477449E-03  6.1850159365E-01
HessDelSqRho_EigVec2 = -6.1846596695E-01  6.6412493512E-03  7.8578352078E-01
HessDelSqRho_EigVec3 =  1.0982402270E-02  9.9993967304E-01  1.9266544834E-04
</CP of DelSqRho>
<CP of DelSqRho>
CP# = 27      
Type = (3,-3)
Coords = -2.85429002491039E-01  3.01684201466548E-03  2.20886998617654E-01
DistFromNuc =  3.6132031853E-01
Rho =  1.1120499937E+01
DelSqRho =  5.5797740626E+02
GradDelSqRho = -4.5474735089E-13  5.6843418861E-14  4.5474735089E-13
HessDelSqRho_EigVals = -1.1507522676E+05 -1.1891047127E+03 -6.2120337440E+01
HessDelSqRho_EigVec1 =  7.9075825662E-01 -7.0495305569E-03 -6.1208797056E-01
HessDelSqRho_EigVec2 =  6.1206508239E-01 -5.2948062853E-03  7.9078966859E-01
HessDelSqRho_EigVec3 =  8.8155831665E-03  9.9996113382E-01 -1.2785971386E-04
</CP of DelSqRho>
<CP of DelSqRho>
CP# = 28      
Type = (3,-3)
Coords =  2.85699794954442E-01 -2.06587712243869E-03 -2.21826601142095E-01
DistFromNuc =  3.6132016527E-01
Rho =  1.1120516481E+01
DelSqRho =  5.5797761914E+02
GradDelSqRho = -3.2969182939E-12 -6.3948846218E-14  1.2505552149E-12
HessDelSqRho_EigVals = -1.1507543386E+05 -1.1891079041E+03 -6.2166541362E+01
HessDelSqRho_EigVec1 =  7.9076960041E-01 -7.0249614018E-03 -6.1207359769E-01
HessDelSqRho_EigVec2 =  6.1205065337E-01 -5.3007875360E-03  7.9080079626E-01
HessDelSqRho_EigVec3 =  8.7998171680E-03  9.9996127503E-01 -1.0793057421E-04
</CP of DelSqRho>
<CP of DelSqRho>
CP# = 29      
Type = (3,-1)
Coords = -2.83625577590842E-01  3.43285652911315E-03 -2.24158832515823E-01
DistFromNuc =  3.6133603762E-01
Rho =  1.1126657330E+01
DelSqRho =  5.5685720429E+02
GradDelSqRho = -2.7955415760E-12  3.6948222260E-13 -7.2475359048E-13
HessDelSqRho_EigVals = -1.1503692377E+05 -1.1483066737E+03  6.2275671386E+01
HessDelSqRho_EigVec1 =  7.8574178182E-01 -8.2024023442E-03  6.1850026103E-01
HessDelSqRho_EigVec2 = -6.1846914487E-01  6.2070977109E-03  7.8578456894E-01
HessDelSqRho_EigVec3 =  1.0284412745E-02  9.9994709487E-01  1.9575674842E-04
</CP of DelSqRho>
<CP of DelSqRho>
CP# = 30      
Type = (3,-1)
Coords = -3.04767623387040E-01  1.94467018130746E-01  3.60528645945192E-05
DistFromNuc =  3.6138540845E-01
Rho =  1.1169552434E+01
DelSqRho =  5.4577567599E+02
GradDelSqRho =  3.9790393203E-13 -3.9790393203E-13 -3.1974423109E-13
HessDelSqRho_EigVals = -1.1491098666E+05 -2.0473970725E+00  9.4207321738E+02
HessDelSqRho_EigVec1 =  8.4370062198E-01 -5.3681215513E-01 -1.4037676133E-03
HessDelSqRho_EigVec2 =  5.3631757274E-01  8.4280509522E-01  4.5199918593E-02
HessDelSqRho_EigVec3 = -2.3080763215E-02 -3.8888064670E-02  9.9897697511E-01
</CP of DelSqRho>
<CP of DelSqRho>
CP# = 31      
Type = (3,-1)
Coords = -3.13830210249641E-01 -1.78488117615635E-01 -4.61473380497927E-04
DistFromNuc =  3.6138576000E-01
Rho =  1.1169605763E+01
DelSqRho =  5.4576680569E+02
GradDelSqRho =  5.8832938521E-12  3.5385028241E-12  8.2422957348E-13
HessDelSqRho_EigVals = -1.1491042007E+05 -1.7477762886E+00  9.4281982202E+02
HessDelSqRho_EigVec1 =  8.6877708519E-01  4.9520336769E-01 -2.9545908236E-05
HessDelSqRho_EigVec2 = -4.9469611300E-01  8.6788446251E-01 -4.5302489134E-02
HessDelSqRho_EigVec3 = -2.2408302749E-02  3.9372380708E-02  9.9897331476E-01
</CP of DelSqRho>
<CP of DelSqRho>
CP# = 32      
Type = (3,+1)
Coords = -1.74525410812757E-01  3.16800094663412E-01  4.98748369216354E-03
DistFromNuc =  3.6138566153E-01
Rho =  1.1169609844E+01
DelSqRho =  5.4576324496E+02
GradDelSqRho = -2.4158453016E-12  2.5011104299E-12  1.4210854715E-14
HessDelSqRho_EigVals = -1.1491037100E+05  1.7834986635E+00  9.4000026663E+02
HessDelSqRho_EigVec1 = -4.8330466405E-01  8.7532215715E-01  1.5090490899E-02
HessDelSqRho_EigVec2 =  8.7541314922E-01  4.8337415285E-01 -1.1164773868E-03
HessDelSqRho_EigVec3 =  8.2716306491E-03 -1.2670815433E-02  9.9988550873E-01
</CP of DelSqRho>
<CP of DelSqRho>
CP# = 33      
Type = (3,-1)
Coords =  3.16330985645835E-01  1.75452941755431E-01 -2.77684618549329E-04
DistFromNuc =  3.6138549772E-01
Rho =  1.1169627022E+01
DelSqRho =  5.4576760986E+02
GradDelSqRho = -1.2505552149E-12 -3.1832314562E-12 -4.4053649617E-13
HessDelSqRho_EigVals = -1.1491074417E+05 -1.8336572674E+00  9.4279552972E+02
HessDelSqRho_EigVec1 =  8.7495907601E-01  4.8419657786E-01  5.3785695476E-04
HessDelSqRho_EigVec2 = -4.8367807934E-01  8.7407246179E-01 -4.5308355918E-02
HessDelSqRho_EigVec3 = -2.2408276836E-02  3.9382807611E-02  9.9897290433E-01
</CP of DelSqRho>
<CP of DelSqRho>
CP# = 34      
Type = (3,-1)
Coords =  3.06117219049564E-01 -1.91813777965402E-01 -8.79266817531614E-04
DistFromNuc =  3.6138571124E-01
Rho =  1.1169523497E+01
DelSqRho =  5.4577437760E+02
GradDelSqRho =  0.0000000000E+00  7.9580786405E-13 -5.2002846473E-13
HessDelSqRho_EigVals = -1.1491046257E+05 -1.9634226922E+00  9.4209231641E+02
HessDelSqRho_EigVec1 =  8.4669580752E-01 -5.3207606751E-01 -1.1260162439E-03
HessDelSqRho_EigVec2 =  5.3157431555E-01  8.4580158528E-01  4.5259533653E-02
HessDelSqRho_EigVec3 = -2.3129128359E-02 -3.8919618708E-02  9.9897462766E-01
</CP of DelSqRho>
<CP of DelSqRho>
CP# = 35      
Type = (3,+1)
Coords =  3.61416255414357E-01  7.11302575311211E-03  5.03753951956196E-03
DistFromNuc =  3.6138572774E-01
Rho =  1.1169684321E+01
DelSqRho =  5.4575600076E+02
GradDelSqRho =  1.1368683772E-12 -6.6302519031E-13  6.6080474426E-13
HessDelSqRho_EigVals = -1.1491024219E+05  1.9659078468E+00  9.4067540803E+02
HessDelSqRho_EigVec1 =  9.9971507736E-01  1.8380137602E-02  1.5229400789E-02
HessDelSqRho_EigVec2 = -1.8323772513E-02  9.9982476071E-01 -3.8323914037E-03
HessDelSqRho_EigVec3 = -1.5297171881E-02  3.5522393931E-03  9.9987668146E-01
</CP of DelSqRho>
<CP of DelSqRho>
CP# = 36      
Type = (3,+1)
Coords =  1.80577298198848E-01 -3.12594517320662E-01 -5.92253675051661E-03
DistFromNuc =  3.6138584644E-01
Rho =  1.1169593799E+01
DelSqRho =  5.4576277392E+02
GradDelSqRho = -1.7621459847E-12  6.3664629124E-12  1.2789769244E-13
HessDelSqRho_EigVals = -1.1491012320E+05  1.8368860015E+00  9.3999490645E+02
HessDelSqRho_EigVec1 = -4.9930964127E-01  8.6629261066E-01  1.5066348113E-02
HessDelSqRho_EigVec2 =  8.6640072270E-01  4.9934736236E-01  1.4140047816E-03
HessDelSqRho_EigVec3 =  6.2983992967E-03 -1.3759521114E-02  9.9988549632E-01
</CP of DelSqRho>
<CP of DelSqRho>
CP# = 37      
Type = (3,+1)
Coords = -1.96243498159963E-01 -3.02855033749143E-01  4.90819748590923E-03
DistFromNuc =  3.6138574479E-01
Rho =  1.1169689320E+01
DelSqRho =  5.4575593072E+02
GradDelSqRho =  1.1723955140E-12  2.0961010705E-12 -2.5579538487E-13
HessDelSqRho_EigVals = -1.1491031733E+05  1.9642556060E+00  9.4072851186E+02
HessDelSqRho_EigVec1 =  5.4339940535E-01  8.3934254251E-01 -1.4872209154E-02
HessDelSqRho_EigVec2 =  8.3946790175E-01 -5.4337911060E-01  5.7257391968E-03
HessDelSqRho_EigVec3 =  3.2753912878E-03  1.5596105488E-02  9.9987300859E-01
</CP of DelSqRho>
<CP of DelSqRho>
CP# = 38      
Type = (3,-1)
Coords = -1.44019745314924E-01 -2.44034049090309E-01  2.23136170550154E-01
DistFromNuc =  3.6133594791E-01
Rho =  1.1126667058E+01
DelSqRho =  5.5685801464E+02
GradDelSqRho =  1.9895196601E-12  1.2505552149E-12 -1.8189894035E-12
HessDelSqRho_EigVals = -1.1503714902E+05 -1.1483080970E+03  6.2213571262E+01
HessDelSqRho_EigVec1 =  3.9916653702E-01  6.7704566372E-01 -6.1828411346E-01
HessDelSqRho_EigVec2 =  3.1405510367E-01  5.3258298737E-01  7.8595467644E-01
HessDelSqRho_EigVec3 =  8.6141480576E-01 -5.0790208780E-01 -4.0339364384E-05
</CP of DelSqRho>
<CP of DelSqRho>
CP# = 39      
Type = (3,-1)
Coords =  1.44243181490696E-01  2.45001209800842E-01 -2.24081808799481E-01
DistFromNuc =  3.6133612364E-01
Rho =  1.1126649425E+01
DelSqRho =  5.5685664619E+02
GradDelSqRho =  3.9790393203E-13  1.2505552149E-12 -3.4106051316E-13
HessDelSqRho_EigVals = -1.1503672815E+05 -1.1483200523E+03  6.2301672125E+01
HessDelSqRho_EigVec1 =  3.9904603158E-01  6.7711409546E-01 -6.1828696122E-01
HessDelSqRho_EigVec2 =  3.1393506367E-01  5.3265705895E-01  7.8595243708E-01
HessDelSqRho_EigVec3 =  8.6151438786E-01 -5.0773315756E-01 -1.5171101214E-05
</CP of DelSqRho>
<CP of DelSqRho>
CP# = 40      
Type = (3,-1)
Coords =  1.39705268456863E-01 -2.46686599889950E-01 -2.24071323631985E-01
DistFromNuc =  3.6133606292E-01
Rho =  1.1126655830E+01
DelSqRho =  5.5685328933E+02
GradDelSqRho =  2.7142732506E-12 -5.0022208598E-12 -2.8759217230E-12
HessDelSqRho_EigVals = -1.1503684554E+05 -1.1476644523E+03  6.2467881095E+01
HessDelSqRho_EigVec1 = -3.8647969497E-01  6.8439067020E-01  6.1825792022E-01
HessDelSqRho_EigVec2 =  3.0383901345E-01 -5.3844659305E-01  7.8597526700E-01
HessDelSqRho_EigVec3 =  8.7081301051E-01  4.9161435799E-01  1.5408899527E-04
</CP of DelSqRho>
<CP of DelSqRho>
CP# = 41      
Type = (3,+1)
Coords =  1.91674999244485E-01  3.06873445137061E-01 -5.88188970354786E-03
DistFromNuc =  3.6138590099E-01
Rho =  1.1169670448E+01
DelSqRho =  5.4575458311E+02
GradDelSqRho =  4.6611603466E-12  8.3284490415E-12 -3.1263880373E-13
HessDelSqRho_EigVals = -1.1490989553E+05  2.0540568973E+00  9.4072758645E+02
HessDelSqRho_EigVec1 =  5.3002014979E-01  8.4785320238E-01 -1.4952860170E-02
HessDelSqRho_EigVec2 =  8.4797085975E-01 -5.3003087835E-01  3.5621637083E-03
HessDelSqRho_EigVec3 =  4.9052857021E-03  1.4567608236E-02  9.9988185450E-01
</CP of DelSqRho>
<CP of DelSqRho>
CP# = 42      
Type = (3,+3)
Coords =  8.22587834736037E-01  3.31877019860821E-02  1.18172234389040E-02
DistFromNuc =  8.2319645726E-01
Rho =  1.0334198521E+00
DelSqRho = -7.1540810711E+00
GradDelSqRho =  5.1514348343E-14 -1.1102230246E-15  8.8817841970E-16
HessDelSqRho_EigVals =  1.0016562639E-01  4.5254830358E+01  7.0894037147E+02
HessDelSqRho_EigVec1 = -3.9645512128E-02  9.9919170328E-01 -6.6463125132E-03
HessDelSqRho_EigVec2 = -1.4965460683E-02  6.0570287909E-03  9.9986966520E-01
HessDelSqRho_EigVec3 =  9.9910173073E-01  3.9739810067E-02  1.4713230141E-02
</CP of DelSqRho>
<CP of DelSqRho>
CP# = 43      
Type = (3,+3)
Coords = -8.22847259436607E-01 -1.37747367088390E-02 -1.28814763175035E-02
DistFromNuc =  8.2319766489E-01
Rho =  1.0334047913E+00
DelSqRho = -7.1537397720E+00
GradDelSqRho =  8.8817841970E-15 -1.4988010832E-15  7.7715611724E-16
HessDelSqRho_EigVals =  9.7339385837E-02  4.5250833642E+01  7.0892652310E+02
HessDelSqRho_EigVec1 = -1.7248121266E-02  9.9984442826E-01 -3.6907448097E-03
HessDelSqRho_EigVec2 = -1.4919622912E-02  3.4335109504E-03  9.9988280106E-01
HessDelSqRho_EigVec3 =  9.9973991976E-01  1.7301164325E-02  1.4858080227E-02
</CP of DelSqRho>
<CP of DelSqRho>
CP# = 44      
Type = (3,+1)
Coords = -1.50722885843962E-02  8.23550790383405E-01  6.08960818825802E-04
DistFromNuc =  8.2322083532E-01
Rho =  1.0331803496E+00
DelSqRho = -7.1487462633E+00
GradDelSqRho =  6.8113917284E-15 -2.6645352591E-14  1.7763568394E-15
HessDelSqRho_EigVals = -1.0399591619E-01  4.5305587622E+01  7.0866767806E+02
HessDelSqRho_EigVec1 =  9.9884282228E-01  1.8515257120E-02 -4.4386953388E-02
HessDelSqRho_EigVec2 =  4.4403237673E-02 -4.6912879611E-04  9.9901357969E-01
HessDelSqRho_EigVec3 = -1.8476170096E-02  9.9982846787E-01  1.2907232932E-03
</CP of DelSqRho>
<CP of DelSqRho>
CP# = 45      
Type = (3,+1)
Coords =  3.09559300343805E-02 -8.22167491290603E-01 -2.26307611258760E-03
DistFromNuc =  8.2321776992E-01
Rho =  1.0332003392E+00
DelSqRho = -7.1492679019E+00
GradDelSqRho = -3.7470027081E-15  7.8159700934E-14  2.6645352591E-15
HessDelSqRho_EigVals = -9.5616985030E-02  4.5307917781E+01  7.0870125601E+02
HessDelSqRho_EigVec1 =  9.9832021673E-01  3.7502692175E-02 -4.4162121205E-02
HessDelSqRho_EigVec2 =  4.4211368867E-02 -4.8447406765E-04  9.9902208191E-01
HessDelSqRho_EigVec3 = -3.7444622211E-02  9.9929640916E-01  2.1417056135E-03
</CP of DelSqRho>
<CP of DelSqRho>
CP# = 46      
Type = (3,+3)
Coords =  2.70611504634728E-06  4.39536879433989E-04  8.09543007788227E-01
DistFromNuc =  8.1001523857E-01
Rho =  1.2013736336E+00
DelSqRho = -1.0533520568E+01
GradDelSqRho = -2.2204460493E-15 -1.3322676296E-15 -2.2204460493E-14
HessDelSqRho_EigVals =  7.0111003853E+01  7.0137208415E+01  8.6476525122E+02
HessDelSqRho_EigVec1 = -4.7169091184E-01  8.8176396047E-01 -4.1289284733E-05
HessDelSqRho_EigVec2 =  8.8176394666E-01  4.7169091199E-01  1.6101044534E-04
HessDelSqRho_EigVec3 = -1.6144898833E-04 -3.9539761117E-05  9.9999998619E-01
</CP of DelSqRho>
<CP of DelSqRho>
CP# = 47      
Type = (3,+3)
Coords =  2.63878394555419E-04  5.08446854087763E-04 -8.10491912983493E-01
DistFromNuc =  8.1001970473E-01
Rho =  1.2013317610E+00
DelSqRho = -1.0532738397E+01
GradDelSqRho =  1.8873791419E-15  4.4408920985E-16 -1.5987211555E-14
HessDelSqRho_EigVals =  7.0101542290E+01  7.0132069372E+01  8.6470920464E+02
HessDelSqRho_EigVec1 = -5.3226680094E-01  8.4657666538E-01 -4.7441879492E-05
HessDelSqRho_EigVec2 =  8.4657665131E-01  5.3226680111E-01  1.6092666005E-04
HessDelSqRho_EigVec3 = -1.6148849268E-04 -4.5492731060E-05  9.9999998593E-01
</CP of DelSqRho>
<CP of DelSqRho>
CP# = 48      
Type = (3,+1)
Coords = -3.16031533055271E-01  5.60700869506440E-01  5.41645729451042E-01
DistFromNuc =  8.4125479491E-01
Rho =  9.3721482695E-01
DelSqRho = -4.2285489640E+00
GradDelSqRho = -1.4654943925E-14  1.2434497876E-14  1.8651746814E-14
HessDelSqRho_EigVals = -4.7020259890E+01  2.7034274051E+00  5.4191208043E+02
HessDelSqRho_EigVec1 = -3.1547879677E-01  5.5936676292E-01 -7.6653894443E-01
HessDelSqRho_EigVec2 =  8.7094005060E-01  4.9138926520E-01  1.3528782198E-04
HessDelSqRho_EigVec3 = -3.7674468416E-01  6.6756678661E-01  6.4219781094E-01
</CP of DelSqRho>
<CP of DelSqRho>
CP# = 49      
Type = (3,+1)
Coords = -3.26559078406017E-01 -5.53675902579763E-01  5.41663112408524E-01
DistFromNuc =  8.4125960635E-01
Rho =  9.3720328023E-01
DelSqRho = -4.2277979445E+00
GradDelSqRho = -5.3290705182E-15  6.2172489379E-15 -8.9928064995E-15
HessDelSqRho_EigVals = -4.7042852206E+01  2.6966835928E+00  5.4187453767E+02
HessDelSqRho_EigVec1 = -3.2614384536E-01 -5.5323606317E-01 -7.6652465749E-01
HessDelSqRho_EigVec2 =  8.6144725541E-01 -5.0784704993E-01  4.6732266338E-06
HessDelSqRho_EigVec3 =  3.8927987141E-01  6.6031903826E-01 -6.4221487793E-01
</CP of DelSqRho>
<CP of DelSqRho>
CP# = 50      
Type = (3,+1)
Coords =  3.27045482436561E-01  5.54489023975645E-01 -5.42611873751433E-01
DistFromNuc =  8.4126252924E-01
Rho =  9.3718306800E-01
DelSqRho = -4.2274298363E+00
GradDelSqRho = -5.3290705182E-15 -7.9936057773E-15  1.9539925233E-14
HessDelSqRho_EigVals = -4.7041202763E+01  2.6903224910E+00  5.4184962126E+02
HessDelSqRho_EigVec1 = -3.2640085205E-01 -5.5308667991E-01 -7.6652306442E-01
HessDelSqRho_EigVec2 =  8.6123193729E-01 -5.0821211065E-01 -2.8034615114E-05
HessDelSqRho_EigVec3 =  3.8954079886E-01  6.6016329427E-01 -6.4221677876E-01
</CP of DelSqRho>
<CP of DelSqRho>
CP# = 51      
Type = (3,+1)
Coords =  3.16178739546747E-01 -5.59812853530077E-01 -5.42602817471743E-01
DistFromNuc =  8.4125397513E-01
Rho =  9.3721159502E-01
DelSqRho = -4.2285958702E+00
GradDelSqRho =  1.5099033135E-14 -1.5987211555E-14 -1.3322676296E-14
HessDelSqRho_EigVals = -4.7016740245E+01  2.7022197231E+00  5.4191809706E+02
HessDelSqRho_EigVec1 = -3.1532915613E-01  5.5946825602E-01 -7.6652644690E-01
HessDelSqRho_EigVec2 =  8.7105597293E-01  4.9118373568E-01  1.7267910890E-04
HessDelSqRho_EigVec3 = -3.7660193217E-01  6.6763298923E-01  6.4221271895E-01
</CP of DelSqRho>
<CP of DelSqRho>
CP# = 52      
Type = (3,+1)
Coords =  6.43231969998435E-01 -6.29167754917088E-03  5.41836858496692E-01
DistFromNuc =  8.4126120265E-01
Rho =  9.3719359132E-01
DelSqRho = -4.2276181554E+00
GradDelSqRho = -1.5987211555E-14  5.3290705182E-15 -1.2434497876E-14
HessDelSqRho_EigVals = -4.7042602719E+01  2.6945386131E+00  5.4186090142E+02
HessDelSqRho_EigVec1 = -6.4238843380E-01  6.4947077921E-03  7.6635169399E-01
HessDelSqRho_EigVec2 =  1.0345056940E-02  9.9994646901E-01  1.9727861540E-04
HessDelSqRho_EigVec3 =  7.6630938916E-01 -8.0546814109E-03  6.4242123423E-01
</CP of DelSqRho>
<CP of DelSqRho>
CP# = 53      
Type = (3,-1)
Coords = -6.49651828221233E-01  6.48860616322532E-03  5.36342581227903E-01
DistFromNuc =  8.4286856448E-01
Rho =  9.2629900460E-01
DelSqRho = -3.9792044141E+00
GradDelSqRho = -1.3217205108E-13 -4.7073456244E-14  1.4566126083E-13
HessDelSqRho_EigVals = -4.8108729490E+01 -2.6553286876E+00  5.2826103922E+02
HessDelSqRho_EigVec1 =  6.3451442595E-01 -5.7419566163E-03  7.7288969018E-01
HessDelSqRho_EigVec2 =  9.1810219213E-03  9.9995784766E-01 -1.0839357252E-04
HessDelSqRho_EigVec3 =  7.7285648868E-01 -7.1646944737E-03 -6.3454039671E-01
</CP of DelSqRho>
<CP of DelSqRho>
CP# = 54      
Type = (3,-1)
Coords =  6.49898452439961E-01 -5.63291530558272E-03 -5.37307944636290E-01
DistFromNuc =  8.4286668261E-01
Rho =  9.2630882093E-01
DelSqRho = -3.9794573176E+00
GradDelSqRho =  2.1982415888E-13  4.8849813084E-14 -2.0849988402E-13
HessDelSqRho_EigVals = -4.8107486607E+01 -2.6514903028E+00  5.2827668464E+02
HessDelSqRho_EigVec1 =  6.3453964456E-01 -5.7814301752E-03  7.7286869166E-01
HessDelSqRho_EigVec2 =  9.2861884022E-03  9.9995687206E-01 -1.4397510881E-04
HessDelSqRho_EigVec3 =  7.7283452705E-01 -7.2683621953E-03 -6.3456596562E-01
</CP of DelSqRho>
<CP of DelSqRho>
CP# = 55      
Type = (3,+1)
Coords = -6.42947879777818E-01  7.99982943661238E-03 -5.42790862607937E-01
DistFromNuc =  8.4126093199E-01
Rho =  9.3719132222E-01
DelSqRho = -4.2276290592E+00
GradDelSqRho =  5.4178883602E-14 -8.8817841970E-16  4.3520742565E-14
HessDelSqRho_EigVals = -4.7039547160E+01  2.6922195579E+00  5.4186279368E+02
HessDelSqRho_EigVec1 = -6.4238927460E-01  7.2577792694E-03  7.6634414235E-01
HessDelSqRho_EigVec2 =  1.1535713723E-02  9.9993344148E-01  1.9980914559E-04
HessDelSqRho_EigVec3 =  7.6629168545E-01 -8.9686818916E-03  6.4243024179E-01
</CP of DelSqRho>
<CP of DelSqRho>
CP# = 56      
Type = (3,+3)
Coords =  4.44960739705789E-01  6.93028895269782E-01 -1.25988990612891E-02
DistFromNuc =  8.2319775342E-01
Rho =  1.0334093313E+00
DelSqRho = -7.1538020720E+00
GradDelSqRho =  5.9396931817E-14  8.8817841970E-14 -4.4408920985E-15
HessDelSqRho_EigVals =  9.6284491462E-02  4.5252464392E+01  7.0892637078E+02
HessDelSqRho_EigVec1 = -8.4141973113E-01  5.4035775973E-01 -5.1310396059E-03
HessDelSqRho_EigVec2 =  3.5264450899E-03  1.4985723542E-02  9.9988148912E-01
HessDelSqRho_EigVec3 =  5.4037061380E-01  8.4130191940E-01 -1.4514825442E-02
</CP of DelSqRho>
<CP of DelSqRho>
CP# = 57      
Type = (3,+3)
Coords = -4.19062460707267E-01  7.08843321324507E-01  1.17631767100152E-02
DistFromNuc =  8.2320484183E-01
Rho =  1.0333285728E+00
DelSqRho = -7.1523159160E+00
GradDelSqRho = -7.6050277187E-15  3.6415315208E-14  3.1086244690E-15
HessDelSqRho_EigVals =  9.2884213155E-02  4.5219413309E+01  7.0884799105E+02
HessDelSqRho_EigVec1 =  8.6062074238E-01  5.0923764547E-01  2.9930274257E-03
HessDelSqRho_EigVec2 =  4.8821221206E-03 -1.4127684145E-02  9.9988828047E-01
HessDelSqRho_EigVec3 = -5.0922303823E-01  8.6050998191E-01  1.4644738391E-02
</CP of DelSqRho>
<CP of DelSqRho>
CP# = 58      
Type = (3,+3)
Coords =  4.00322895674459E-01 -7.18810876514798E-01 -1.27711281390256E-02
DistFromNuc =  8.2320673669E-01
Rho =  1.0333086988E+00
DelSqRho = -7.1519555008E+00
GradDelSqRho = -1.1546319456E-14  4.2632564146E-14  1.1102230246E-15
HessDelSqRho_EigVals =  8.8134974666E-02  4.5217505727E+01  7.0882733283E+02
HessDelSqRho_EigVec1 =  8.7385168671E-01  4.8619217015E-01 -6.3507270959E-04
HessDelSqRho_EigVec2 =  7.7129339139E-03 -1.2556673956E-02  9.9989141440E-01
HessDelSqRho_EigVec3 = -4.8613140228E-01  8.7376169728E-01  1.4722638793E-02
</CP of DelSqRho>
<CP of DelSqRho>
CP# = 59      
Type = (3,+3)
Coords = -4.27054586457230E-01 -7.03099770332541E-01  1.17293356619439E-02
DistFromNuc =  8.2319535609E-01
Rho =  1.0334224820E+00
DelSqRho = -7.1541530599E+00
GradDelSqRho = -3.4550140526E-13 -4.6185277824E-13  1.4210854715E-14
HessDelSqRho_EigVals =  1.0297493956E-01  4.5253200320E+01  7.0895200736E+02
HessDelSqRho_EigVec1 =  8.5478608609E-01 -5.1897761788E-01  1.7260222664E-03
HessDelSqRho_EigVec2 =  6.1037737112E-03  1.3378720460E-02  9.9989187105E-01
HessDelSqRho_EigVec3 =  5.1894459335E-01  8.5468312372E-01 -1.4603666039E-02
</CP of DelSqRho>
<CP of DelSqRho>
CP# = 60      
Type = (3,-1)
Coords =  3.19369872254286E-01 -5.65444232002851E-01  5.36413597029523E-01
DistFromNuc =  8.4286319625E-01
Rho =  9.2630721573E-01
DelSqRho = -3.9799440284E+00
GradDelSqRho = -1.4654943925E-14  3.9079850467E-14 -3.1086244690E-14
HessDelSqRho_EigVals = -4.8087441200E+01 -2.6475128866E+00  5.2830154987E+02
HessDelSqRho_EigVec1 =  3.1198757257E-01 -5.5264681224E-01 -7.7281644359E-01
HessDelSqRho_EigVec2 =  8.7091591325E-01  4.9143203519E-01  1.6380862711E-04
HessDelSqRho_EigVec3 = -3.7969622939E-01  6.7310924500E-01 -6.3462959093E-01
</CP of DelSqRho>
<CP of DelSqRho>
CP# = 61      
Type = (3,-1)
Coords = -3.18536224287826E-01  5.66682377624183E-01 -5.37377007290940E-01
DistFromNuc =  8.4285965137E-01
Rho =  9.2633325127E-01
DelSqRho = -3.9804646871E+00
GradDelSqRho = -9.7699626167E-15  3.6082248300E-14 -3.1974423109E-14
HessDelSqRho_EigVals = -4.8085094027E+01 -2.6417136527E+00  5.2833182971E+02
HessDelSqRho_EigVec1 =  3.1147462559E-01 -5.5296205829E-01 -7.7279785177E-01
HessDelSqRho_EigVec2 =  8.7139090436E-01  4.9058929820E-01  1.7972044368E-04
HessDelSqRho_EigVec3 = -3.7902697716E-01  6.7346499730E-01 -6.3465222602E-01
</CP of DelSqRho>
<CP of DelSqRho>
CP# = 62      
Type = (3,+1)
Coords =  7.11280785431136E-01  4.15131114410501E-01 -8.74414797365352E-04
DistFromNuc =  8.2320922445E-01
Rho =  1.0332990764E+00
DelSqRho = -7.1511146127E+00
