 AIMInt (Version 19.02.13, Professional)
 Portions Copyright (c) 1997-2019 by Todd A. Keith
 AIMInt is a component of the AIMAll package ( http://aim.tkgristmill.com )

 TP:  64-bit Linux

 Licensed To:  Research Group of Fernando Cortes Guzman, UNAM, fercor@unam.mx

 AIMInt is a heavily modified and extended version of the PROAIMV program
 developed by members of R.F.W. Bader's research group

 Much of the Quantum Theory of Atoms in Molecules (QTAIM) is described in the book:
   "Atoms in Molecules - A Quantum Theory"
   R.F.W. Bader, Oxford University Press, Oxford, 1990

 For additional references see:  http://aim.tkgristmill.com/references.html

 Current Directory:  /home/lillian/David/proyecto_spin/noab/hexaaqua/def2/pbe0/opt_scan/int

 Inp File:  sc31_pbe0_noab_atomicfiles/sc1.inp
 Wfx File:  sc31_pbe0_noab.wfx
 Out File:  sc31_pbe0_noab_atomicfiles/sc1.int

 Wfx Title:   Title Card Required                                                           
 Job Title:   Title Card Required                                                           
 
<Atom>
Sc1     
</Atom>
<Nuclei of Molecule>
    19
Sc1       21.0           8.5781142321E-07  -6.4877806186E-06   8.1234232804E-06
O2         8.0           1.9937676752E+00  -2.6804129273E+00  -2.2941316996E+00
H3         1.0           3.6151857909E+00  -2.4408524140E+00  -3.1295129931E+00
H4         1.0           1.4668622682E+00  -4.3913265718E+00  -2.7176805692E+00
O5         8.0           1.9043269479E+00  -1.4010489752E+00   3.2913146741E+00
H6         1.0           1.7057229693E+00  -8.1657755044E-01   5.0242944654E+00
H7         1.0           3.1484410083E+00  -2.7542005660E+00   3.3649388069E+00
O8         8.0          -1.9043574039E+00   1.4010227527E+00  -3.2913118940E+00
H9         1.0          -3.1470136915E+00   2.7554985517E+00  -3.3652218379E+00
H10        1.0          -1.7072080789E+00   8.1524108392E-01  -5.0240160205E+00
O11        8.0           2.9703414541E+00   2.6973617144E+00  -5.7036070127E-01
H12        1.0           3.0966526693E+00   3.9445555299E+00  -1.9167559873E+00
H13        1.0           4.4746012330E+00   2.9302635381E+00   4.6269452466E-01
O14        8.0          -2.9704187871E+00  -2.6972956860E+00   5.7021747568E-01
H15        1.0          -3.0977820999E+00  -3.9432930117E+00   1.9176235293E+00
H16        1.0          -4.4737049441E+00  -2.9313372468E+00  -4.6399608844E-01
O17        8.0          -1.9936655955E+00   2.6803823815E+00   2.2942576377E+00
H18        1.0          -1.4663534259E+00   4.3910154016E+00   2.7184341533E+00
H19        1.0          -3.6153760382E+00   2.4410754181E+00   3.1291434848E+00
</Nuclei of Molecule>
<Total Number of CPs of DelSqRho>
    96
</Total Number of CPs of DelSqRho>
<Number of (3,+3) CPs of DelSqRho>
    13
</Number of (3,+3) CPs of DelSqRho>
<Number of (3,+1) CPs of DelSqRho>
    29
</Number of (3,+1) CPs of DelSqRho>
<Number of (3,-1) CPs of DelSqRho>
    38
</Number of (3,-1) CPs of DelSqRho>
<Number of (3,-3) CPs of DelSqRho>
    16
</Number of (3,-3) CPs of DelSqRho>
<Number of Degenerate CPs of DelSqRho>
     0
</Number of Degenerate CPs of DelSqRho>
<CP of DelSqRho>
CP# = 1       
Type = (3,+3)
Coords =  8.57811419008912E-07 -6.48778053931547E-06  8.12342319089503E-06
DistFromNuc =  1.1966255881E-13
Rho =  6.0112954613E+03
DelSqRho = -6.2806655492E+08
GradDelSqRho =  8.9406967163E-08 -1.1920928955E-07 -1.5553086996E-07
HessDelSqRho_EigVals =  3.0357730926E+14  3.0357730926E+14  3.0357730926E+14
HessDelSqRho_EigVec1 =  4.7812086829E-01  8.6270972511E-01 -1.6471905023E-01
HessDelSqRho_EigVec2 = -1.2096019468E-01  2.5043644358E-01  9.6054683333E-01
HessDelSqRho_EigVec3 =  8.6992474767E-01 -4.3933303761E-01  2.2409242616E-01
</CP of DelSqRho>
<CP of DelSqRho>
CP# = 2       
Type = (3,-1)
Coords =  1.95053150624678E-01 -3.92018394566445E-02  1.20759762952688E-02
DistFromNuc =  1.9931709811E-01
Rho =  4.9731932674E+01
DelSqRho = -2.0103789139E+03
GradDelSqRho =  1.8189894035E-11 -2.2737367544E-12  2.5465851650E-11
HessDelSqRho_EigVals = -3.7966186650E+02 -3.7887003087E+02  2.2667911141E+06
HessDelSqRho_EigVec1 =  2.0496389082E-01  9.5749866488E-01 -2.0294361337E-01
HessDelSqRho_EigVec2 = -1.8064314848E-02  2.1101097505E-01  9.7731675977E-01
HessDelSqRho_EigVec3 =  9.7860282239E-01 -1.9664860832E-01  6.0546187801E-02
</CP of DelSqRho>
<CP of DelSqRho>
CP# = 3       
Type = (3,-1)
Coords = -1.95037883431819E-01  3.92598697004666E-02 -1.20477132038516E-02
DistFromNuc =  1.9931708560E-01
Rho =  4.9731944670E+01
DelSqRho = -2.0103822517E+03
GradDelSqRho =  1.4551915228E-11 -4.5474735089E-13  2.0008883439E-11
HessDelSqRho_EigVals = -3.7899398805E+02 -3.7849701064E+02  2.2667928123E+06
HessDelSqRho_EigVec1 =  1.6922948717E-01  9.3565688121E-01  3.0968949176E-01
HessDelSqRho_EigVec2 = -1.1760435562E-01 -2.9280598213E-01  9.4891194131E-01
HessDelSqRho_EigVec3 =  9.7853492335E-01 -1.9700471432E-01  6.0485918403E-02
</CP of DelSqRho>
<CP of DelSqRho>
CP# = 4       
Type = (3,-1)
Coords = -2.62458913303365E-02  1.92502466285554E-01 -4.44747004877576E-02
DistFromNuc =  1.9931711131E-01
Rho =  4.9731918444E+01
DelSqRho = -2.0103771075E+03
GradDelSqRho = -1.2732925825E-11 -3.9108272176E-11  0.0000000000E+00
HessDelSqRho_EigVals = -3.7962513697E+02 -3.7894161679E+02  2.2667896344E+06
HessDelSqRho_EigVec1 =  9.7049770821E-01  7.9740352517E-02 -2.2754268727E-01
HessDelSqRho_EigVec2 =  2.0197424090E-01  2.4655575857E-01  9.4784843933E-01
HessDelSqRho_EigVec3 = -1.3168372855E-01  9.6584249963E-01 -2.2317630147E-01
</CP of DelSqRho>
<CP of DelSqRho>
CP# = 5       
Type = (3,-1)
Coords =  2.62003763677054E-02 -1.92520167450940E-01  4.44982673704272E-02
DistFromNuc =  1.9931709546E-01
Rho =  4.9731933949E+01
DelSqRho = -2.0103806164E+03
GradDelSqRho =  1.8189894035E-12 -1.5461409930E-11 -1.6370904632E-11
HessDelSqRho_EigVals = -3.7941316111E+02 -3.7824573077E+02  2.2667916911E+06
HessDelSqRho_EigVec1 =  9.9098225361E-01  1.2212218566E-01 -5.5139321799E-02
HessDelSqRho_EigVec2 =  2.5997947324E-02  2.2844805015E-01  9.7320891648E-01
HessDelSqRho_EigVec3 = -1.3144687054E-01  9.6586627447E-01 -2.2321303742E-01
</CP of DelSqRho>
<CP of DelSqRho>
CP# = 6       
Type = (3,-3)
Coords = -3.53429544996742E-01  7.12498418645939E-02 -2.19406531443100E-02
DistFromNuc =  3.6120944469E-01
Rho =  1.1141500353E+01
DelSqRho =  5.5623356576E+02
GradDelSqRho = -9.0949470177E-13 -1.3145040612E-13  1.6129320102E-12
HessDelSqRho_EigVals = -1.1587938763E+05 -1.0080675844E+02 -1.0075426378E+02
HessDelSqRho_EigVec1 =  9.7846388829E-01 -1.9727158998E-01  6.0764620483E-02
HessDelSqRho_EigVec2 =  5.9234679230E-02  5.5033814623E-01  8.3283802601E-01
HessDelSqRho_EigVec3 =  1.9773637018E-01  8.1130256045E-01 -5.5017132179E-01
</CP of DelSqRho>
<CP of DelSqRho>
CP# = 7       
Type = (3,-3)
Coords =  3.53433402919145E-01 -7.12500522894693E-02  2.19625166937996E-02
DistFromNuc =  3.6120936423E-01
Rho =  1.1141509617E+01
DelSqRho =  5.5623383011E+02
GradDelSqRho =  4.3200998334E-12 -6.8212102633E-13 -7.3896444519E-13
HessDelSqRho_EigVals = -1.1587953174E+05 -1.0080851582E+02 -1.0077625519E+02
HessDelSqRho_EigVec1 =  9.7847009148E-01 -1.9723600233E-01  6.0780255465E-02
HessDelSqRho_EigVec2 =  5.2099913646E-02  5.2100387742E-01  8.5196276838E-01
HessDelSqRho_EigVec3 =  1.9970447934E-01  8.3045344186E-01 -5.2006269029E-01
</CP of DelSqRho>
<CP of DelSqRho>
CP# = 8       
Type = (3,-1)
Coords =  8.18263765519635E-02  1.12989296562448E-01  1.42359267771802E-01
DistFromNuc =  1.9931711189E-01
Rho =  4.9731917274E+01
DelSqRho = -2.0103782764E+03
GradDelSqRho = -2.6375346351E-11 -6.3664629124E-12 -3.4560798667E-11
HessDelSqRho_EigVals = -3.7926076339E+02 -3.7883218857E+02  2.2667900911E+06
HessDelSqRho_EigVec1 =  8.3926332448E-01  7.1313874643E-02 -5.3902820284E-01
HessDelSqRho_EigVec2 =  3.5651481413E-01 -8.2068412163E-01  4.4651400853E-01
HessDelSqRho_EigVec3 =  4.1052924315E-01  5.6691437077E-01  7.1419453703E-01
</CP of DelSqRho>
<CP of DelSqRho>
CP# = 9       
Type = (3,-1)
Coords = -3.12846324497371E-01 -1.05583042509796E-03  1.80577330985340E-01
DistFromNuc =  3.6121973827E-01
Rho =  1.1145776665E+01
DelSqRho =  5.5541187357E+02
GradDelSqRho = -5.9543481257E-12 -1.0516032489E-12 -1.1368683772E-12
HessDelSqRho_EigVals = -1.1585399923E+05 -1.5122716703E+02  7.5558234433E+01
HessDelSqRho_EigVec1 =  8.6608535128E-01  2.9052914463E-03 -4.9988771096E-01
HessDelSqRho_EigVec2 =  1.7047549120E-01  9.3832297238E-01  3.0081241065E-01
HessDelSqRho_EigVec3 =  4.6993007053E-01 -3.4574782542E-01  8.1217250017E-01
</CP of DelSqRho>
<CP of DelSqRho>
CP# = 10      
Type = (3,-1)
Coords =  3.12834767088365E-01  1.05441213106123E-03 -1.80584025907739E-01
DistFromNuc =  3.6121974573E-01
Rho =  1.1145775843E+01
DelSqRho =  5.5541181214E+02
GradDelSqRho =  7.0912165029E-12  2.2737367544E-13 -5.0448534239E-12
HessDelSqRho_EigVals = -1.1585397988E+05 -1.5122439950E+02  7.5559353440E+01
HessDelSqRho_EigVec1 =  8.6604888537E-01  2.9371461980E-03 -4.9995069889E-01
HessDelSqRho_EigVec2 =  1.7045557279E-01  9.3833459971E-01  3.0078742775E-01
HessDelSqRho_EigVec3 =  4.7000449556E-01 -3.4571599928E-01  8.1214298125E-01
</CP of DelSqRho>
<CP of DelSqRho>
CP# = 11      
Type = (3,+1)
Coords =  3.40230686624045E-02  1.87014440252534E-01  5.99543725243345E-02
DistFromNuc =  1.9931856696E-01
Rho =  4.9733698338E+01
DelSqRho = -2.0113168860E+03
GradDelSqRho =  2.3646862246E-11 -4.5474735089E-12  4.5474735089E-12
HessDelSqRho_EigVals = -5.6878077893E+02  2.8401104093E+02  2.2667080601E+06
HessDelSqRho_EigVec1 =  8.6607862311E-01  2.6805016767E-03 -4.9990062363E-01
HessDelSqRho_EigVec2 =  4.6986372303E-01 -3.4580768793E-01  8.1218540048E-01
HessDelSqRho_EigVec3 =  1.7069241452E-01  9.3830158152E-01  3.0075611672E-01
</CP of DelSqRho>
<CP of DelSqRho>
CP# = 12      
Type = (3,+1)
Coords = -3.39413897120170E-02 -1.87078356164667E-01 -5.98243983525610E-02
DistFromNuc =  1.9931856604E-01
Rho =  4.9733699281E+01
DelSqRho = -2.0113168120E+03
GradDelSqRho = -2.7284841053E-11 -8.1854523160E-12  2.1827872843E-11
HessDelSqRho_EigVals = -5.6886106870E+02  2.8399000940E+02  2.2667081448E+06
HessDelSqRho_EigVec1 =  8.6621840025E-01  2.6432474852E-03 -4.9965857974E-01
HessDelSqRho_EigVec2 =  4.6975164208E-01 -3.4511348691E-01  8.1254543006E-01
HessDelSqRho_EigVec3 =  1.7029115605E-01  9.3855724087E-01  3.0018532238E-01
</CP of DelSqRho>
<CP of DelSqRho>
CP# = 13      
Type = (3,-1)
Coords =  5.64969532293216E-03 -8.06142429267036E-02 -3.52057432745440E-01
DistFromNuc =  3.6121970516E-01
Rho =  1.1145778038E+01
DelSqRho =  5.5541235440E+02
GradDelSqRho =  1.3073986338E-12 -1.9042545318E-12 -3.4390268411E-12
HessDelSqRho_EigVals = -1.1585408807E+05 -1.5124777391E+02  7.5532409582E+01
HessDelSqRho_EigVec1 = -1.5638133937E-02  2.2315468038E-01  9.7465760008E-01
HessDelSqRho_EigVec2 = -6.8015907083E-01  7.1212493004E-01 -1.7395896753E-01
HessDelSqRho_EigVec3 =  7.3289773307E-01  6.6564260128E-01 -1.4064437502E-01
</CP of DelSqRho>
<CP of DelSqRho>
CP# = 14      
Type = (3,-3)
Coords = -1.57426448565010E-01 -7.29768850359054E-02  3.16811129304109E-01
DistFromNuc =  3.6120933017E-01
Rho =  1.1141513172E+01
DelSqRho =  5.5623354865E+02
GradDelSqRho =  1.1652900866E-12  2.0179413696E-12 -1.8189894035E-12
HessDelSqRho_EigVals = -1.1587956554E+05 -1.0077635919E+02 -1.0074515446E+02
HessDelSqRho_EigVec1 = -4.3583402783E-01 -2.0201704875E-01  8.7706203441E-01
HessDelSqRho_EigVec2 =  8.9825169477E-01 -1.5881026630E-01  4.0978432395E-01
HessDelSqRho_EigVec3 =  5.6503035494E-02  9.6642041128E-01  2.5067707444E-01
</CP of DelSqRho>
<CP of DelSqRho>
CP# = 15      
Type = (3,-3)
Coords =  1.57424665075541E-01  7.29539824381470E-02 -3.16799007770499E-01
DistFromNuc =  3.6120941804E-01
Rho =  1.1141503010E+01
DelSqRho =  5.5623320743E+02
GradDelSqRho = -4.6895820560E-13 -1.3073986338E-12  2.1884716261E-12
HessDelSqRho_EigVals = -1.1587939812E+05 -1.0076347691E+02 -1.0073007219E+02
HessDelSqRho_EigVec1 = -4.3582413943E-01 -2.0198934448E-01  8.7707332886E-01
HessDelSqRho_EigVec2 = -8.4040135233E-01  4.4013468811E-01 -3.1623887068E-01
HessDelSqRho_EigVec3 =  3.2215351386E-01  8.7491814534E-01  3.6157343994E-01
</CP of DelSqRho>
<CP of DelSqRho>
CP# = 16      
Type = (3,-1)
Coords = -3.07240355776192E-01 -8.17054611190863E-02 -1.71479008198643E-01
DistFromNuc =  3.6121976951E-01
Rho =  1.1145775370E+01
DelSqRho =  5.5541152655E+02
GradDelSqRho = -4.8885340220E-12 -1.3073986338E-12 -3.7516656448E-12
HessDelSqRho_EigVals = -1.1585395706E+05 -1.5120989289E+02  7.5594645488E+01
HessDelSqRho_EigVec1 =  8.5056566994E-01  2.2617536049E-01  4.7474492880E-01
HessDelSqRho_EigVec2 = -1.8596808744E-01 -7.1507486704E-01  6.7385740701E-01
HessDelSqRho_EigVec3 = -4.9188810879E-01  6.6144738327E-01  5.6615673412E-01
</CP of DelSqRho>
<CP of DelSqRho>
CP# = 17      
Type = (3,+3)
Coords = -9.80690722075582E-02  1.31831181892461E-01  1.12838603357757E-01
DistFromNuc =  1.9932285248E-01
Rho =  4.9739116078E+01
DelSqRho = -2.0141446377E+03
GradDelSqRho = -1.8189894035E-12 -7.2759576142E-12 -3.6379788071E-11
HessDelSqRho_EigVals =  5.6851446603E+02  5.6902272668E+02  2.2664703470E+06
HessDelSqRho_EigVec1 =  7.0102196301E-01 -8.4552032548E-02  7.0810956862E-01
HessDelSqRho_EigVec2 =  5.1622560079E-01  7.4522766424E-01 -4.2207446918E-01
HessDelSqRho_EigVec3 = -4.9201558559E-01  6.6142776041E-01  5.6606888388E-01
</CP of DelSqRho>
<CP of DelSqRho>
CP# = 18      
Type = (3,+3)
Coords =  9.80960324936812E-02 -1.31849802295926E-01 -1.12793811526888E-01
DistFromNuc =  1.9932285219E-01
Rho =  4.9739116375E+01
DelSqRho = -2.0141446842E+03
GradDelSqRho = -7.2759576142E-12  7.2759576142E-12  3.6379788071E-12
HessDelSqRho_EigVals =  5.6843876146E+02  5.6910458328E+02  2.2664703823E+06
HessDelSqRho_EigVec1 = -7.5604081125E-02  6.1517038543E-01 -7.8476074049E-01
HessDelSqRho_EigVec2 =  8.6722544104E-01  4.2900025019E-01  2.5274259584E-01
HessDelSqRho_EigVec3 = -4.9214231411E-01  6.6145610756E-01  5.6592557853E-01
</CP of DelSqRho>
<CP of DelSqRho>
CP# = 19      
Type = (3,+3)
Coords =  9.36904278097605E-02 -6.89264501070906E-02  1.61878099774293E-01
DistFromNuc =  1.9932281851E-01
Rho =  4.9739145723E+01
DelSqRho = -2.0141485120E+03
GradDelSqRho =  2.0008883439E-11  9.0949470177E-12 -2.0008883439E-11
HessDelSqRho_EigVals =  5.6880692055E+02  5.6931654709E+02  2.2664736172E+06
HessDelSqRho_EigVec1 =  2.0978248601E-01 -8.4994531557E-01 -4.8330556493E-01
HessDelSqRho_EigVec2 =  8.5735303109E-01  3.9753693147E-01 -3.2697120391E-01
HessDelSqRho_EigVec3 =  4.7003945434E-01 -3.4577065903E-01  8.1209947834E-01
</CP of DelSqRho>
<CP of DelSqRho>
CP# = 20      
Type = (3,+1)
Coords =  1.72622981682053E-01  6.35437183986386E-04 -9.96366267852062E-02
DistFromNuc =  1.9931855398E-01
Rho =  4.9733713081E+01
DelSqRho = -2.0113190521E+03
GradDelSqRho =  5.0931703299E-11 -5.4569682106E-12 -4.0017766878E-11
HessDelSqRho_EigVals = -5.6856551210E+02  2.8411315772E+02  2.2667094478E+06
HessDelSqRho_EigVec1 =  1.7013273742E-01  9.3839603855E-01  3.0077853398E-01
HessDelSqRho_EigVec2 =  4.7009829962E-01 -3.4554667444E-01  8.1216075039E-01
HessDelSqRho_EigVec3 =  8.6606145299E-01  3.2203456996E-03 -4.9992718372E-01
</CP of DelSqRho>
<CP of DelSqRho>
CP# = 21      
Type = (3,+3)
Coords = -9.36913410072349E-02  6.89110066138654E-02 -1.61861391122149E-01
DistFromNuc =  1.9932282582E-01
Rho =  4.9739138325E+01
DelSqRho = -2.0141471835E+03
GradDelSqRho = -9.0949470177E-12  5.9117155615E-12 -1.8189894035E-11
HessDelSqRho_EigVals =  5.6865523268E+02  5.6922057180E+02  2.2664727109E+06
HessDelSqRho_EigVec1 =  8.7593119915E-01  6.9523762008E-02 -4.7740023133E-01
HessDelSqRho_EigVec2 = -1.0860502185E-01 -9.3574445112E-01 -3.3554026796E-01
HessDelSqRho_EigVec3 =  4.7005263917E-01 -3.4575825184E-01  8.1209712947E-01
</CP of DelSqRho>
<CP of DelSqRho>
CP# = 22      
Type = (3,+3)
Coords =  1.46097532053843E-01  1.32647966874563E-01 -2.80663083412525E-02
DistFromNuc =  1.9932289453E-01
Rho =  4.9739077540E+01
DelSqRho = -2.0141391982E+03
GradDelSqRho =  4.7293724492E-11  7.7307049651E-12 -2.0008883439E-11
HessDelSqRho_EigVals =  5.6816100737E+02  5.6845768439E+02  2.2664662020E+06
HessDelSqRho_EigVec1 =  1.2677540427E-01  6.9786252744E-02  9.8947353466E-01
HessDelSqRho_EigVec2 = -6.6834908660E-01  7.4310553655E-01  3.3221378548E-02
HessDelSqRho_EigVec3 =  7.3296486636E-01  6.6552538680E-01 -1.4084908309E-01
</CP of DelSqRho>
<CP of DelSqRho>
CP# = 23      
Type = (3,+1)
Coords = -1.35632102708212E-01  1.41879171173435E-01 -3.46333330509810E-02
DistFromNuc =  1.9931851570E-01
Rho =  4.9733745794E+01
DelSqRho = -2.0113227750E+03
GradDelSqRho = -8.1854523160E-12  9.0949470177E-12  0.0000000000E+00
HessDelSqRho_EigVals = -5.6863880293E+02  2.8456509827E+02  2.2667129435E+06
HessDelSqRho_EigVec1 = -1.5436565260E-02  2.2320507146E-01  9.7464927463E-01
HessDelSqRho_EigVec2 =  7.3260066504E-01  6.6591575105E-01 -1.4089882217E-01
HessDelSqRho_EigVec3 = -6.8048363539E-01  7.1185371291E-01 -1.7379963574E-01
</CP of DelSqRho>
<CP of DelSqRho>
CP# = 24      
Type = (3,+1)
Coords =  1.35525108064074E-01 -1.41990627150546E-01  3.46714878364025E-02
DistFromNuc =  1.9931850660E-01
Rho =  4.9733755011E+01
DelSqRho = -2.0113247458E+03
GradDelSqRho = -1.0913936421E-11  2.1827872843E-11 -3.6379788071E-12
HessDelSqRho_EigVals = -5.6848866746E+02  2.8489677113E+02  2.2667141134E+06
HessDelSqRho_EigVec1 = -1.5475933062E-02  2.2317634556E-01  9.7465522842E-01
HessDelSqRho_EigVec2 =  7.3310619806E-01  6.6539662168E-01 -1.4072184699E-01
HessDelSqRho_EigVec3 = -6.7993808385E-01  7.1234798704E-01 -1.7390959576E-01
</CP of DelSqRho>
<CP of DelSqRho>
CP# = 25      
Type = (3,+3)
Coords = -1.46117079774468E-01 -1.32645297844788E-01  2.80457518026305E-02
DistFromNuc =  1.9932288936E-01
Rho =  4.9739082748E+01
DelSqRho = -2.0141401519E+03
GradDelSqRho =  1.4551915228E-11  2.0008883439E-11  3.1832314562E-12
HessDelSqRho_EigVals =  5.6807659963E+02  5.6872702533E+02  2.2664668469E+06
HessDelSqRho_EigVec1 = -6.6894928078E-01  6.6802960781E-01 -3.2594984710E-01
HessDelSqRho_EigVec2 = -1.2293436071E-01  3.3304189385E-01  9.3486375473E-01
HessDelSqRho_EigVec3 =  7.3307162180E-01  6.6544687243E-01 -1.4066434259E-01
</CP of DelSqRho>
<CP of DelSqRho>
CP# = 26      
Type = (3,-1)
Coords = -8.17658316104766E-02 -1.12992941804849E-01 -1.42384243805520E-01
DistFromNuc =  1.9931712555E-01
Rho =  4.9731904035E+01
DelSqRho = -2.0103748434E+03
GradDelSqRho =  2.7284841053E-11  1.0231815395E-11  7.7307049651E-12
HessDelSqRho_EigVals = -3.7994774789E+02 -3.7915769845E+02  2.2667882686E+06
HessDelSqRho_EigVec1 =  9.0509171029E-01 -3.4916605472E-01 -2.4267686786E-01
HessDelSqRho_EigVec2 = -1.1187901290E-01 -7.4615296507E-01  6.5630697024E-01
HessDelSqRho_EigVec3 =  4.1023417999E-01  5.6686754974E-01  7.1440121684E-01
</CP of DelSqRho>
<CP of DelSqRho>
CP# = 27      
Type = (3,-3)
Coords = -4.77317459495348E-02  3.48824464633591E-01 -8.06811258773669E-02
DistFromNuc =  3.6120934342E-01
Rho =  1.1141511542E+01
DelSqRho =  5.5623357683E+02
GradDelSqRho = -1.6200374375E-12  8.6401996668E-12 -1.6484591470E-12
HessDelSqRho_EigVals = -1.1587954761E+05 -1.0077402972E+02 -1.0075695281E+02
HessDelSqRho_EigVec1 = -1.3214663706E-01  9.6573070889E-01 -2.2338635640E-01
HessDelSqRho_EigVec2 =  5.3902029482E-01  2.5914065284E-01  8.0143823457E-01
HessDelSqRho_EigVec3 =  8.3186200063E-01 -1.4502412178E-02 -5.5479301721E-01
</CP of DelSqRho>
<CP of DelSqRho>
CP# = 28      
Type = (3,-3)
Coords =  4.77234221003632E-02 -3.48838163818787E-01  8.07005019014670E-02
DistFromNuc =  3.6120941474E-01
Rho =  1.1141503462E+01
DelSqRho =  5.5623342335E+02
GradDelSqRho =  1.9042545318E-12 -6.3664629124E-12  2.2737367544E-12
HessDelSqRho_EigVals = -1.1587943636E+05 -1.0076942203E+02 -1.0074362022E+02
HessDelSqRho_EigVec1 = -1.3211860277E-01  9.6573253879E-01 -2.2339502755E-01
HessDelSqRho_EigVec2 =  8.2188310754E-01  2.3271563708E-01  5.1995344964E-01
HessDelSqRho_EigVec3 = -5.5412348113E-01  1.1490907618E-01  8.2446532484E-01
</CP of DelSqRho>
<CP of DelSqRho>
CP# = 29      
Type = (3,-3)
Coords =  1.48237257883607E-01  2.04645983868194E-01  2.58108052288897E-01
DistFromNuc =  3.6120940981E-01
Rho =  1.1141498815E+01
DelSqRho =  5.5623373497E+02
GradDelSqRho = -1.1937117961E-12 -7.9580786405E-13 -2.8421709430E-12
HessDelSqRho_EigVals = -1.1587940916E+05 -1.0080466231E+02 -1.0075894205E+02
HessDelSqRho_EigVec1 =  4.1038918898E-01  5.6657574651E-01  7.1454365649E-01
HessDelSqRho_EigVec2 =  8.3092402031E-01 -5.5515160090E-01 -3.7040147024E-02
HessDelSqRho_EigVec3 =  3.7569400587E-01  6.0893236364E-01 -6.9860961235E-01
</CP of DelSqRho>
<CP of DelSqRho>
CP# = 30      
Type = (3,-1)
Coords =  6.72019224198191E-02  2.58281465817453E-01 -2.43407254955964E-01
DistFromNuc =  3.6121973436E-01
Rho =  1.1145775705E+01
DelSqRho =  5.5541208396E+02
GradDelSqRho = -1.6768808564E-12 -4.2632564146E-12  4.4906300900E-12
HessDelSqRho_EigVals = -1.1585402021E+05 -1.5122653816E+02  7.5534964256E+01
HessDelSqRho_EigVec1 =  1.8603903773E-01  7.1504399403E-01 -6.7387058331E-01
HessDelSqRho_EigVec2 =  8.5054089186E-01  2.2616321165E-01  4.7479510630E-01
HessDelSqRho_EigVec3 =  4.9190412451E-01 -6.6148491162E-01 -5.6609897014E-01
</CP of DelSqRho>
<CP of DelSqRho>
CP# = 31      
Type = (3,-3)
Coords = -1.48223838120545E-01 -2.04659657188477E-01 -2.58097863562313E-01
DistFromNuc =  3.6120933093E-01
Rho =  1.1141507830E+01
DelSqRho =  5.5623397307E+02
GradDelSqRho =  1.4210854715E-13  3.9790393203E-13 -5.6843418861E-13
HessDelSqRho_EigVals = -1.1587954555E+05 -1.0082563477E+02 -1.0076045371E+02
HessDelSqRho_EigVec1 =  4.1035661496E-01  5.6657778579E-01  7.1456074704E-01
HessDelSqRho_EigVec2 =  8.4347734304E-01 -5.3366149945E-01 -6.1248475718E-02
HessDelSqRho_EigVec3 =  3.4663153396E-01  6.2784951752E-01 -6.9688705183E-01
</CP of DelSqRho>
<CP of DelSqRho>
CP# = 32      
Type = (3,+1)
Coords =  2.64778756750800E-01  2.40428988488931E-01 -5.08396069295278E-02
DistFromNuc =  3.6125066879E-01
Rho =  1.1158612749E+01
DelSqRho =  5.5294546501E+02
GradDelSqRho =  8.5265128291E-13  2.8421709430E-12 -2.2737367544E-13
HessDelSqRho_EigVals = -1.1577797423E+05  1.5117595157E+02  1.5121727959E+02
HessDelSqRho_EigVec1 =  7.3294786507E-01  6.6556410099E-01 -1.4075458986E-01
HessDelSqRho_EigVec2 =  3.9624446119E-01 -5.8586463095E-01 -7.0693207678E-01
HessDelSqRho_EigVec3 = -5.5297174799E-01  4.6237112981E-01 -6.9313431905E-01
</CP of DelSqRho>
<CP of DelSqRho>
CP# = 33      
Type = (3,+1)
Coords = -2.64782441193682E-01 -2.40437980666731E-01  5.08466671651027E-02
DistFromNuc =  3.6125068268E-01
Rho =  1.1158611511E+01
DelSqRho =  5.5294544632E+02
GradDelSqRho =  5.4569682106E-12  3.1832314562E-12 -7.6738615462E-13
HessDelSqRho_EigVals = -1.1577795974E+05  1.5118060762E+02  1.5121695572E+02
HessDelSqRho_EigVec1 =  7.3296263167E-01  6.6555316197E-01 -1.4072941828E-01
HessDelSqRho_EigVec2 = -5.2477769624E-01  6.8483275533E-01  5.0558131567E-01
HessDelSqRho_EigVec3 =  4.3286735855E-01 -2.9672055174E-01  8.5122427366E-01
</CP of DelSqRho>
<CP of DelSqRho>
CP# = 34      
Type = (3,+1)
Coords = -1.77708747116223E-01  2.38939762409072E-01  2.04522305748968E-01
DistFromNuc =  3.6125069541E-01
Rho =  1.1158615009E+01
DelSqRho =  5.5294536469E+02
GradDelSqRho = -2.1032064978E-12  2.5579538487E-13  2.6822988275E-12
HessDelSqRho_EigVals = -1.1577800545E+05  1.5118984879E+02  1.5122985043E+02
HessDelSqRho_EigVec1 = -4.9192876271E-01  6.6144164937E-01  5.6612810998E-01
HessDelSqRho_EigVec2 = -1.0848487898E-01  5.9861104731E-01 -7.9365977917E-01
HessDelSqRho_EigVec3 =  8.6385017419E-01  4.5184041267E-01  2.2271757456E-01
</CP of DelSqRho>
<CP of DelSqRho>
CP# = 35      
Type = (3,+1)
Coords =  1.77715913492846E-01 -2.38952362973517E-01 -2.04501761448703E-01
DistFromNuc =  3.6125069591E-01
Rho =  1.1158614972E+01
DelSqRho =  5.5294536512E+02
GradDelSqRho = -2.4442670110E-12 -4.8316906032E-13  1.1937117961E-12
HessDelSqRho_EigVals = -1.1577800524E+05  1.5118198744E+02  1.5123784056E+02
HessDelSqRho_EigVec1 = -4.9194368303E-01  6.6144059465E-01  5.6611637714E-01
HessDelSqRho_EigVec2 = -1.6098759527E-02  6.4321777180E-01 -7.6551402860E-01
HessDelSqRho_EigVec3 =  8.7047816898E-01  3.8570356206E-01  3.0577854657E-01
</CP of DelSqRho>
<CP of DelSqRho>
CP# = 36      
Type = (3,+1)
Coords =  1.69764182511573E-01 -1.24883989782641E-01  2.93415853271695E-01
DistFromNuc =  3.6125070637E-01
Rho =  1.1158616993E+01
DelSqRho =  5.5294551716E+02
GradDelSqRho =  1.6484591470E-12  6.2527760747E-13  1.1368683772E-12
HessDelSqRho_EigVals = -1.1577805553E+05  1.5117828690E+02  1.5123090797E+02
HessDelSqRho_EigVec1 =  4.6993207649E-01 -3.4568097847E-01  8.1219979353E-01
HessDelSqRho_EigVec2 =  7.0556350415E-01  7.0000980162E-01 -1.1030149251E-01
HessDelSqRho_EigVec3 =  5.3041868848E-01 -6.2489274181E-01 -5.7285694213E-01
</CP of DelSqRho>
<CP of DelSqRho>
CP# = 37      
Type = (3,+1)
Coords = -1.69762102029893E-01  1.24871423424437E-01 -2.93399619634807E-01
DistFromNuc =  3.6125068710E-01
Rho =  1.1158618765E+01
DelSqRho =  5.5294553668E+02
GradDelSqRho = -5.3432813729E-12  2.5579538487E-12 -3.8653524825E-12
HessDelSqRho_EigVals = -1.1577807524E+05  1.5116786480E+02  1.5123595096E+02
HessDelSqRho_EigVec1 =  4.6993108750E-01 -3.4568213259E-01  8.1219987454E-01
HessDelSqRho_EigVec2 =  7.8221395987E-01  5.8945529772E-01 -2.0170218880E-01
HessDelSqRho_EigVec3 =  4.0903067608E-01 -7.3010020901E-01 -5.4740075889E-01
</CP of DelSqRho>
<CP of DelSqRho>
CP# = 38      
Type = (3,-1)
Coords =  2.45650077290757E-01 -2.57267161886094E-01  6.28820501368023E-02
DistFromNuc =  3.6121977262E-01
Rho =  1.1145776370E+01
DelSqRho =  5.5541203669E+02
GradDelSqRho =  3.2756020119E-12 -4.0927261580E-12  9.9475983006E-13
HessDelSqRho_EigVals = -1.1585402446E+05 -1.5123756808E+02  7.5552758589E+01
HessDelSqRho_EigVec1 = -6.8005487170E-01  7.1219978482E-01 -1.7405986898E-01
HessDelSqRho_EigVec2 = -1.5566736445E-02  2.2333022664E-01  9.7461853388E-01
HessDelSqRho_EigVec3 =  7.3299594009E-01  6.6550362612E-01 -1.4079018228E-01
</CP of DelSqRho>
<CP of DelSqRho>
CP# = 39      
Type = (3,-1)
Coords =  6.15444073099707E-02  3.38947079549945E-01  1.08647710170765E-01
DistFromNuc =  3.6121972413E-01
Rho =  1.1145774446E+01
DelSqRho =  5.5541197429E+02
GradDelSqRho =  1.1652900866E-12  3.8653524825E-12  1.5347723092E-12
HessDelSqRho_EigVals = -1.1585399987E+05 -1.5122935702E+02  7.5558886656E+01
HessDelSqRho_EigVec1 =  1.7037714047E-01  9.3835849594E-01  3.0075731596E-01
HessDelSqRho_EigVec2 = -8.6613597296E-01 -2.9292565736E-03  4.9979985574E-01
HessDelSqRho_EigVec3 =  4.6987243625E-01 -3.4565120071E-01  8.1224697051E-01
</CP of DelSqRho>
<CP of DelSqRho>
CP# = 40      
Type = (3,-1)
Coords = -6.15328552592774E-02 -3.38966236604768E-01 -1.08617723480599E-01
DistFromNuc =  3.6121971677E-01
Rho =  1.1145775273E+01
DelSqRho =  5.5541203948E+02
GradDelSqRho =  4.8316906032E-13  2.7853275242E-12  3.0624391911E-12
HessDelSqRho_EigVals = -1.1585402001E+05 -1.5123224460E+02  7.5557777709E+01
HessDelSqRho_EigVec1 =  1.7035008608E-01  9.3837545578E-01  3.0071972362E-01
HessDelSqRho_EigVec2 = -8.6615095769E-01 -2.9231217692E-03  4.9977392274E-01
HessDelSqRho_EigVec3 =  4.6985462291E-01 -3.4560520736E-01  8.1227684565E-01
</CP of DelSqRho>
<CP of DelSqRho>
CP# = 41      
Type = (3,-1)
Coords = -5.62656551439697E-03  8.06184311150623E-02  3.52070129297608E-01
DistFromNuc =  3.6121974118E-01
Rho =  1.1145774645E+01
DelSqRho =  5.5541223299E+02
GradDelSqRho =  6.6080474426E-13  7.5672801358E-13  3.1832314562E-12
HessDelSqRho_EigVals = -1.1585403480E+05 -1.5124357464E+02  7.5541786334E+01
HessDelSqRho_EigVec1 = -1.5579271295E-02  2.2320176565E-01  9.7464776105E-01
HessDelSqRho_EigVec2 = -6.8015627402E-01  7.1212860794E-01 -1.7395484662E-01
HessDelSqRho_EigVec3 =  7.3290158222E-01  6.6562287938E-01 -1.4071763650E-01
</CP of DelSqRho>
<CP of DelSqRho>
CP# = 42      
Type = (3,-1)
Coords = -6.71916176504550E-02 -2.58311297097383E-01  2.43407938412437E-01
DistFromNuc =  3.6121970214E-01
Rho =  1.1145779130E+01
DelSqRho =  5.5541229897E+02
GradDelSqRho =  1.1652900866E-12  5.4569682106E-12 -5.4569682106E-12
HessDelSqRho_EigVals = -1.1585409301E+05 -1.5123558656E+02  7.5528755641E+01
HessDelSqRho_EigVec1 =  1.8601565757E-01  7.1509038985E-01 -6.7382780403E-01
HessDelSqRho_EigVec2 =  8.5053888724E-01  2.2615536841E-01  4.7480243327E-01
HessDelSqRho_EigVec3 =  4.9191643237E-01 -6.6143743747E-01 -5.6614374489E-01
</CP of DelSqRho>
<CP of DelSqRho>
CP# = 43      
Type = (3,-1)
Coords =  3.07230903238119E-01  8.17122606577233E-02  1.71505750464225E-01
DistFromNuc =  3.6121972640E-01
Rho =  1.1145779638E+01
DelSqRho =  5.5541173299E+02
GradDelSqRho =  6.5938365879E-12  1.7621459847E-12 -3.4106051316E-13
HessDelSqRho_EigVals = -1.1585403511E+05 -1.5121778622E+02  7.5584373234E+01
HessDelSqRho_EigVec1 =  8.5053516194E-01  2.2622992018E-01  4.7477358975E-01
HessDelSqRho_EigVec2 = -1.8595617104E-01 -7.1507167442E-01  6.7386408340E-01
HessDelSqRho_EigVec3 = -4.9194536359E-01  6.6143217616E-01  5.6612475267E-01
</CP of DelSqRho>
<CP of DelSqRho>
CP# = 44      
Type = (3,-1)
Coords = -2.45662469070685E-01  2.57241748748140E-01 -6.28613652740491E-02
DistFromNuc =  3.6121973642E-01
Rho =  1.1145779768E+01
DelSqRho =  5.5541215464E+02
GradDelSqRho =  5.5422333389E-13  3.4674485505E-12 -4.5474735089E-13
HessDelSqRho_EigVals = -1.1585407709E+05 -1.5124166028E+02  7.5543355811E+01
HessDelSqRho_EigVec1 = -6.8009362199E-01  7.1216576785E-01 -1.7404764987E-01
HessDelSqRho_EigVec2 = -1.5557882601E-02  2.2333173037E-01  9.7461833068E-01
HessDelSqRho_EigVec3 =  7.3296017465E-01  6.6553952347E-01 -1.4080669400E-01
</CP of DelSqRho>
<CP of DelSqRho>
CP# = 45      
Type = (3,+3)
Coords =  6.04536978432611E-01  5.48943330597115E-01 -1.16059910815591E-01
DistFromNuc =  8.2479186029E-01
Rho =  1.0116028861E+00
DelSqRho = -6.4893353527E+00
GradDelSqRho =  4.3298697960E-15  0.0000000000E+00  4.8849813084E-15
HessDelSqRho_EigVals =  6.9385974239E+00  6.9964288333E+00  6.9112974086E+02
HessDelSqRho_EigVec1 = -4.9563379320E-01  6.6415797932E-01  5.5967965976E-01
HessDelSqRho_EigVec2 =  4.6596428619E-01 -3.4047297411E-01  8.1667339733E-01
HessDelSqRho_EigVec3 =  7.3295595164E-01  6.6556166687E-01 -1.4072398711E-01
</CP of DelSqRho>
<CP of DelSqRho>
CP# = 46      
Type = (3,+3)
Coords = -6.04515292585217E-01 -5.48971214703377E-01  1.16110538985169E-01
DistFromNuc =  8.2479198492E-01
Rho =  1.0116016012E+00
DelSqRho = -6.4893099579E+00
GradDelSqRho =  2.8421709430E-14  3.7303493627E-14 -7.1054273576E-15
HessDelSqRho_EigVals =  6.9382467035E+00  6.9963301503E+00  6.9112837643E+02
HessDelSqRho_EigVec1 = -4.8510578502E-01  6.5639060980E-01  5.7777482180E-01
HessDelSqRho_EigVec2 =  4.7695270397E-01 -3.5518294280E-01  8.0396591677E-01
HessDelSqRho_EigVec3 =  7.3293143984E-01  6.6557978073E-01 -1.4076597591E-01
</CP of DelSqRho>
<CP of DelSqRho>
CP# = 47      
Type = (3,+1)
Coords =  1.40266640153725E-01  7.76835052292875E-01  2.49314614462999E-01
DistFromNuc =  8.2783512522E-01
Rho =  9.8876500099E-01
DelSqRho = -5.9010223489E+00
GradDelSqRho = -1.2656542481E-14 -1.5987211555E-14 -1.7763568394E-15
HessDelSqRho_EigVals = -6.8186817644E+00  3.3682207381E+00  6.5964164146E+02
HessDelSqRho_EigVec1 =  8.6633995643E-01  3.9124376297E-03 -4.9943945853E-01
HessDelSqRho_EigVec2 =  4.6985290364E-01 -3.4552570645E-01  8.1231166133E-01
HessDelSqRho_EigVec3 =  1.6939105303E-01  9.3840112906E-01  3.0118099565E-01
</CP of DelSqRho>
<CP of DelSqRho>
CP# = 48      
Type = (3,+1)
Coords = -1.40351892686729E-01 -7.76789406782445E-01 -2.49431649354115E-01
DistFromNuc =  8.2783500655E-01
Rho =  9.8876569123E-01
DelSqRho = -5.9010391809E+00
GradDelSqRho = -1.4876988530E-14 -8.5265128291E-14 -2.6645352591E-14
HessDelSqRho_EigVals = -6.8184476871E+00  3.3682995078E+00  6.5964285408E+02
HessDelSqRho_EigVec1 =  8.6630044127E-01  3.9305865852E-03 -4.9950785373E-01
HessDelSqRho_EigVec2 =  4.6988784172E-01 -3.4571760815E-01  8.1220979532E-01
HessDelSqRho_EigVec3 =  1.6949619952E-01  9.3833037141E-01  3.0134225134E-01
</CP of DelSqRho>
<CP of DelSqRho>
CP# = 49      
Type = (3,+3)
Coords = -4.05744706985865E-01  5.45548529306397E-01  4.66935706486964E-01
DistFromNuc =  8.2479155418E-01
Rho =  1.0116040419E+00
DelSqRho = -6.4893617053E+00
GradDelSqRho =  1.0547118734E-14 -8.8817841970E-16 -5.5511151231E-16
HessDelSqRho_EigVals =  6.9390848258E+00  6.9969652387E+00  6.9113300153E+02
HessDelSqRho_EigVec1 = -4.4494097133E-01  3.6790689129E-01 -8.1649987836E-01
HessDelSqRho_EigVec2 =  7.4834844652E-01  6.5355472797E-01 -1.1331734258E-01
HessDelSqRho_EigVec3 = -4.9193712465E-01  6.6144594404E-01  5.6611582605E-01
</CP of DelSqRho>
<CP of DelSqRho>
CP# = 50      
Type = (3,+3)
Coords =  4.05725564404075E-01 -5.45560633630417E-01 -4.66938606558905E-01
DistFromNuc =  8.2479155684E-01
Rho =  1.0116039955E+00
DelSqRho = -6.4893609679E+00
GradDelSqRho = -3.1086244690E-14  3.9079850467E-14  4.3520742565E-14
HessDelSqRho_EigVals =  6.9391452830E+00  6.9968948162E+00  6.9113297071E+02
HessDelSqRho_EigVec1 = -4.6779228843E-01  3.4762542738E-01 -8.1260503144E-01
HessDelSqRho_EigVec2 =  7.3429782975E-01  6.6456542369E-01 -1.3841782709E-01
HessDelSqRho_EigVec3 = -4.9191165071E-01  6.6144490313E-01  5.6613917725E-01
</CP of DelSqRho>
<CP of DelSqRho>
CP# = 51      
Type = (3,+3)
Coords =  3.87584376633623E-01 -2.85124367791508E-01  6.69909442291954E-01
DistFromNuc =  8.2479146855E-01
Rho =  1.0116049135E+00
DelSqRho = -6.4893611252E+00
GradDelSqRho =  3.7836400679E-13 -2.7089441801E-13  6.4837024638E-13
HessDelSqRho_EigVals =  6.9380460863E+00  6.9976691361E+00  6.9113405787E+02
HessDelSqRho_EigVec1 =  7.3876335877E-01  6.5761864243E-01 -1.4753447348E-01
HessDelSqRho_EigVec2 =  4.8312197199E-01 -6.6935765062E-01 -5.6440543561E-01
HessDelSqRho_EigVec3 =  4.6991686490E-01 -3.4568490956E-01  8.1220692154E-01
</CP of DelSqRho>
<CP of DelSqRho>
CP# = 52      
Type = (3,+3)
Coords = -3.87582803656761E-01  2.85110990759835E-01 -6.69893064889470E-01
DistFromNuc =  8.2479129076E-01
Rho =  1.0116068284E+00
DelSqRho = -6.4893983086E+00
GradDelSqRho = -3.6459724129E-13  2.7089441801E-13 -6.5192296006E-13
HessDelSqRho_EigVals =  6.9390385913E+00  6.9973358567E+00  6.9113601294E+02
HessDelSqRho_EigVec1 =  7.2811788038E-01  6.7197266990E-01 -1.3526671130E-01
HessDelSqRho_EigVec2 =  4.9902126086E-01 -6.5494654117E-01 -5.6747053618E-01
HessDelSqRho_EigVec3 =  4.6991715598E-01 -3.4568447915E-01  8.1220693631E-01
</CP of DelSqRho>
<CP of DelSqRho>
CP# = 53      
Type = (3,-1)
Coords = -3.40193194921506E-01 -4.69633244225914E-01 -5.92242893026492E-01
DistFromNuc =  8.2888029918E-01
Rho =  9.8121071901E-01
DelSqRho = -5.7089026074E+00
GradDelSqRho = -9.1482377229E-14 -1.3944401189E-13 -1.1013412404E-13
HessDelSqRho_EigVals = -4.4769882310E+00 -4.4760715192E+00  6.4910116635E+02
HessDelSqRho_EigVec1 =  7.9676597465E-01 -6.0391576140E-01  2.1206951096E-02
HessDelSqRho_EigVec2 =  4.4352505761E-01  5.6060100383E-01 -6.9929395663E-01
HessDelSqRho_EigVec3 =  4.1042600419E-01  5.6657944513E-01  7.1451957807E-01
</CP of DelSqRho>
<CP of DelSqRho>
CP# = 54      
Type = (3,+1)
Coords = -1.24390187803016E-02  1.84090019370216E-01  8.07018093101360E-01
DistFromNuc =  8.2783534935E-01
Rho =  9.8876316780E-01
DelSqRho = -5.9009601391E+00
GradDelSqRho =  2.2204460493E-15  1.0658141036E-14 -5.3290705182E-15
HessDelSqRho_EigVals = -6.8194299001E+00  3.3671459641E+00  6.5963937698E+02
HessDelSqRho_EigVec1 =  6.8017646106E-01 -7.1235769949E-01  1.7293492939E-01
HessDelSqRho_EigVec2 =  7.3289511196E-01  6.6566437544E-01 -1.4055495061E-01
HessDelSqRho_EigVec3 = -1.4991220502E-02  2.2234533333E-01  9.7485271506E-01
</CP of DelSqRho>
<CP of DelSqRho>
CP# = 55      
Type = (3,-1)
Coords = -3.61264959410108E-01 -1.67427819260506E-01  7.26987062188790E-01
DistFromNuc =  8.2887952703E-01
Rho =  9.8121732280E-01
DelSqRho = -5.7090393359E+00
GradDelSqRho = -3.7303493627E-14 -8.8817841970E-15  6.9277916737E-14
HessDelSqRho_EigVals = -4.4753512062E+00 -4.4743257848E+00  6.4910891628E+02
HessDelSqRho_EigVec1 = -7.5741240827E-01  6.0871534805E-01 -2.3620344800E-01
HessDelSqRho_EigVec2 =  4.8617161717E-01  7.6724669906E-01  4.1829375017E-01
HessDelSqRho_EigVec3 = -4.3584814151E-01 -2.0198546438E-01  8.7706229523E-01
</CP of DelSqRho>
<CP of DelSqRho>
CP# = 56      
Type = (3,-1)
Coords =  3.61290541289159E-01  1.67436378241709E-01 -7.26955566084744E-01
DistFromNuc =  8.2888090498E-01
Rho =  9.8120752583E-01
DelSqRho = -5.7088301637E+00
GradDelSqRho =  3.1530333899E-13  1.3145040612E-13 -6.7323924213E-13
HessDelSqRho_EigVals = -4.4770617580E+00 -4.4762324305E+00  6.4909484208E+02
HessDelSqRho_EigVec1 =  8.5966625039E-01  1.9503029274E-01  4.7216217856E-01
HessDelSqRho_EigVec2 = -2.6643157987E-01  9.5976817142E-01  8.8652526015E-02
HessDelSqRho_EigVec3 = -4.3587630263E-01 -2.0201049982E-01  8.7704253418E-01
</CP of DelSqRho>
<CP of DelSqRho>
CP# = 57      
Type = (3,+1)
Coords =  1.22948391155713E-02 -1.84233656763771E-01 -8.06973859566687E-01
DistFromNuc =  8.2783495495E-01
Rho =  9.8876650762E-01
DelSqRho = -5.9010286039E+00
GradDelSqRho =  8.8817841970E-16  1.3322676296E-15 -3.5527136788E-15
HessDelSqRho_EigVals = -6.8190712542E+00  3.3679922429E+00  6.5964349113E+02
HessDelSqRho_EigVec1 =  6.8015266665E-01 -7.1237965736E-01  1.7293806359E-01
HessDelSqRho_EigVec2 =  7.3292078236E-01  6.6558797537E-01 -1.4078271851E-01
HessDelSqRho_EigVec3 = -1.4814750836E-02  2.2250364228E-01  9.7481929214E-01
</CP of DelSqRho>
<CP of DelSqRho>
CP# = 58      
Type = (3,+1)
Coords = -1.54752936463654E-01 -5.92100256530580E-01  5.57490585141128E-01
DistFromNuc =  8.2783480415E-01
Rho =  9.8876772391E-01
DelSqRho = -5.9010474663E+00
GradDelSqRho = -3.6809444381E-13 -1.0444978216E-12  1.4468426457E-12
HessDelSqRho_EigVals = -6.8182390298E+00  3.3674672425E+00  6.5964496432E+02
HessDelSqRho_EigVec1 =  8.5033568482E-01  2.2540340906E-01  4.7552342351E-01
HessDelSqRho_EigVec2 = -4.9190109814E-01  6.6152871554E-01  5.6605041132E-01
HessDelSqRho_EigVec3 =  1.8698270715E-01  7.1524335837E-01 -6.7339765780E-01
</CP of DelSqRho>
<CP of DelSqRho>
CP# = 59      
Type = (3,+1)
Coords =  1.54691197434153E-01  5.92194972479243E-01 -5.57378241196218E-01
DistFromNuc =  8.2783526753E-01
Rho =  9.8876470747E-01
DelSqRho = -5.9009774966E+00
GradDelSqRho =  2.5446311724E-13  7.5850437042E-13 -9.8321351061E-13
HessDelSqRho_EigVals = -6.8190240815E+00  3.3669572512E+00  6.5964020211E+02
HessDelSqRho_EigVec1 =  8.5033125316E-01  2.2539082577E-01  4.7553731249E-01
HessDelSqRho_EigVec2 = -4.9193816526E-01  6.6139209152E-01  5.6617783675E-01
HessDelSqRho_EigVec3 =  1.8690532754E-01  7.1537366245E-01 -6.7328071531E-01
</CP of DelSqRho>
<CP of DelSqRho>
CP# = 60      
Type = (3,-1)
Coords =  8.11031445869098E-01 -1.63519233214487E-01  5.03646254333629E-02
DistFromNuc =  8.2888045578E-01
Rho =  9.8121030482E-01
DelSqRho = -5.7088799499E+00
GradDelSqRho = -5.0626169923E-14 -1.1102230246E-15 -3.1086244690E-15
HessDelSqRho_EigVals = -4.4779956324E+00 -4.4754423829E+00  6.4909975528E+02
HessDelSqRho_EigVec1 =  6.9686969228E-02  5.9275306828E-01  8.0236371202E-01
HessDelSqRho_EigVec2 =  1.9429317162E-01  7.8085119126E-01 -5.9373527819E-01
HessDelSqRho_EigVec3 =  9.7846506825E-01 -1.9726940246E-01  6.0752720689E-02
</CP of DelSqRho>
<CP of DelSqRho>
CP# = 61      
Type = (3,-1)
Coords = -8.11040292353918E-01  1.63458798121731E-01 -5.03527429149126E-02
DistFromNuc =  8.2888169470E-01
Rho =  9.8120122238E-01
DelSqRho = -5.7086885145E+00
GradDelSqRho = -8.3266726847E-15  1.1768364061E-14  6.2172489379E-15
HessDelSqRho_EigVals = -4.4788708175E+00 -4.4778673662E+00  6.4908707354E+02
HessDelSqRho_EigVec1 =  8.8099819882E-02  6.6546425242E-01  7.4121235182E-01
HessDelSqRho_EigVec2 =  1.8660814141E-01  7.1990598067E-01 -6.6851535551E-01
HessDelSqRho_EigVec3 =  9.7847627631E-01 -1.9721234177E-01  6.0757460092E-02
</CP of DelSqRho>
<CP of DelSqRho>
CP# = 62      
Type = (3,+1)
Coords =  7.04298020936923E-01  1.87810562607469E-01  3.92436771397296E-01
DistFromNuc =  8.2783451375E-01
Rho =  9.8876960251E-01
DelSqRho = -5.9011275860E+00
