 AIMInt (Version 19.02.13, Professional)
 Portions Copyright (c) 1997-2019 by Todd A. Keith
 AIMInt is a component of the AIMAll package ( http://aim.tkgristmill.com )

 TP:  64-bit Linux

 Licensed To:  Research Group of Fernando Cortes Guzman, UNAM, fercor@unam.mx

 AIMInt is a heavily modified and extended version of the PROAIMV program
 developed by members of R.F.W. Bader's research group

 Much of the Quantum Theory of Atoms in Molecules (QTAIM) is described in the book:
   "Atoms in Molecules - A Quantum Theory"
   R.F.W. Bader, Oxford University Press, Oxford, 1990

 For additional references see:  http://aim.tkgristmill.com/references.html

 Current Directory:  /home/lillian/David/proyecto_spin/noab/hexaaqua/def2/pbe0/opt_scan/int

 Inp File:  ti23_pbe0_noab_atomicfiles/ti1.inp
 Wfx File:  ti23_pbe0_noab.wfx
 Out File:  ti23_pbe0_noab_atomicfiles/ti1.int

 Wfx Title:   Title Card Required                                                           
 Job Title:   Title Card Required                                                           
 
<Atom>
Ti1     
</Atom>
<Nuclei of Molecule>
    19
Ti1       22.0          -7.7494787542E-05   2.4217944496E-04  -1.0397558465E-05
O2         8.0           1.1877195335E-01  -3.4692624072E+00  -2.3025670096E+00
H3         1.0          -1.1471119043E+00  -4.7809392031E+00  -2.3448677164E+00
H4         1.0           1.3607295747E+00  -3.9179155327E+00  -3.5595893515E+00
O5         8.0           2.9449058056E+00   1.8112982608E+00  -2.3255761395E+00
H6         1.0           4.7125525355E+00   1.3658920175E+00  -2.3667412932E+00
H7         1.0           2.7136196416E+00   3.1006379074E+00  -3.5935813881E+00
O8         8.0          -2.9449361189E+00  -1.8115979051E+00   2.3252372978E+00
H9         1.0          -4.7126643493E+00  -1.3665454203E+00   2.3667253168E+00
H10        1.0          -2.7128982230E+00  -3.0998873251E+00   3.5941748002E+00
O11        8.0          -3.0472971450E+00   1.6156655751E+00  -2.3369864168E+00
H12        1.0          -3.5472712603E+00   3.3679526997E+00  -2.4017545103E+00
H13        1.0          -4.0448344776E+00   7.5335757929E-01  -3.5960221072E+00
O14        8.0           3.0473156799E+00  -1.6157059707E+00   2.3365564167E+00
H15        1.0           4.0440882593E+00  -7.5439620396E-01   3.5968771258E+00
H16        1.0           3.5479207532E+00  -3.3678776018E+00   2.3995342511E+00
O17        8.0          -1.1855439788E-01   3.4690391484E+00   2.3033444260E+00
H18        1.0          -1.3620432363E+00   3.9188456796E+00   3.5584399736E+00
H19        1.0           1.1479713552E+00   4.7800538452E+00   2.3469650502E+00
</Nuclei of Molecule>
<Total Number of CPs of DelSqRho>
   100
</Total Number of CPs of DelSqRho>
<Number of (3,+3) CPs of DelSqRho>
    12
</Number of (3,+3) CPs of DelSqRho>
<Number of (3,+1) CPs of DelSqRho>
    32
</Number of (3,+1) CPs of DelSqRho>
<Number of (3,-1) CPs of DelSqRho>
    40
</Number of (3,-1) CPs of DelSqRho>
<Number of (3,-3) CPs of DelSqRho>
    16
</Number of (3,-3) CPs of DelSqRho>
<Number of Degenerate CPs of DelSqRho>
     0
</Number of Degenerate CPs of DelSqRho>
<CP of DelSqRho>
CP# = 1       
Type = (3,+3)
Coords = -7.74947875325417E-05  2.42179444462822E-04 -1.03975584435705E-05
DistFromNuc =  4.9692919330E-13
Rho =  6.9342702090E+03
DelSqRho = -7.9757592551E+08
GradDelSqRho =  2.1457672119E-06 -1.8924474716E-06 -3.7252902985E-08
HessDelSqRho_EigVals =  4.2556435704E+14  4.2556435883E+14  4.2556435885E+14
HessDelSqRho_EigVec1 = -3.1160154861E-03  9.2509988101E-03  9.9995235360E-01
HessDelSqRho_EigVec2 =  9.8704640389E-01 -1.6037022149E-01  4.5594538498E-03
HessDelSqRho_EigVec3 =  1.6040475993E-01  9.8701358201E-01 -8.6314490143E-03
</CP of DelSqRho>
<CP of DelSqRho>
CP# = 2       
Type = (3,+1)
Coords = -8.99746998888061E-02 -1.66297676967401E-01  7.53517620253970E-04
DistFromNuc =  1.8925542218E-01
Rho =  5.8675882516E+01
DelSqRho = -2.6110714994E+03
GradDelSqRho = -3.6379788071E-11 -4.3655745685E-11 -2.7284841053E-12
HessDelSqRho_EigVals = -1.1613232241E+04  7.7482470330E+03  3.2503752345E+06
HessDelSqRho_EigVec1 =  5.5473507738E-01 -2.9587686321E-01  7.7764122559E-01
HessDelSqRho_EigVec2 =  6.8311028056E-01 -3.7162144848E-01 -6.2869535041E-01
HessDelSqRho_EigVec3 =  4.7500456685E-01  8.7997407964E-01 -4.0349259381E-03
</CP of DelSqRho>
<CP of DelSqRho>
CP# = 3       
Type = (3,+1)
Coords =  8.98218926432591E-02  1.66780846608400E-01 -7.73201405485094E-04
DistFromNuc =  1.8925540782E-01
Rho =  5.8675904055E+01
DelSqRho = -2.6110745145E+03
GradDelSqRho =  1.4551915228E-11 -4.3655745685E-11  4.0927261580E-12
HessDelSqRho_EigVals = -1.1613356740E+04  7.7484155639E+03  3.2503778066E+06
HessDelSqRho_EigVec1 =  5.5472634446E-01 -2.9588658289E-01  7.7764375702E-01
HessDelSqRho_EigVec2 =  6.8310935644E-01 -3.7162838173E-01 -6.2869225623E-01
HessDelSqRho_EigVec3 =  4.7501609437E-01  8.7996788348E-01 -4.0291604737E-03
</CP of DelSqRho>
<CP of DelSqRho>
CP# = 4       
Type = (3,-1)
Coords = -4.07940911779805E-04  1.31542981206226E-03  1.89196287783130E-01
DistFromNuc =  1.8921001781E-01
Rho =  5.8621442466E+01
DelSqRho = -2.5930932526E+03
GradDelSqRho = -4.5474735089E-12  3.6379788071E-12  2.9103830457E-11
HessDelSqRho_EigVals = -5.8901468012E+03 -5.8773747382E+03  3.2538749239E+06
HessDelSqRho_EigVec1 =  4.6040630558E-01  8.8769821318E-01 -4.2327417352E-03
HessDelSqRho_EigVec2 = -8.8770658720E-01  4.6039080235E-01 -4.1622303072E-03
HessDelSqRho_EigVec3 = -1.7460890430E-03  5.6737497990E-03  9.9998237971E-01
</CP of DelSqRho>
<CP of DelSqRho>
CP# = 5       
Type = (3,-1)
Coords =  2.54382751800596E-04 -8.37948087367979E-04 -1.89217042602895E-01
DistFromNuc =  1.8921001915E-01
Rho =  5.8621441530E+01
DelSqRho = -2.5930927562E+03
GradDelSqRho = -1.6370904632E-11  1.8189894035E-12 -1.0913936421E-10
HessDelSqRho_EigVals = -5.8900290523E+03 -5.8777302879E+03  3.2538746619E+06
HessDelSqRho_EigVec1 =  4.8931085433E-01  8.7209970768E-01 -4.1216143244E-03
HessDelSqRho_EigVec2 = -8.7210768407E-01  4.8929489759E-01 -4.3232600694E-03
HessDelSqRho_EigVec3 = -1.7536289840E-03  5.7099096011E-03  9.9998216070E-01
</CP of DelSqRho>
<CP of DelSqRho>
CP# = 6       
Type = (3,+1)
Coords =  1.89101982796428E-01  5.58036266827158E-03  3.82826437303255E-04
DistFromNuc =  1.8925518636E-01
Rho =  5.8675831210E+01
DelSqRho = -2.6110261496E+03
GradDelSqRho = -1.0913936421E-11  9.0949470177E-12 -5.4569682106E-12
HessDelSqRho_EigVals = -1.1618850683E+04  7.7361116753E+03  3.2503935850E+06
HessDelSqRho_EigVec1 = -1.9566398320E-02  6.3663528475E-01  7.7091677260E-01
HessDelSqRho_EigVec2 = -2.0420610457E-02  7.7064906959E-01 -6.3693250051E-01
HessDelSqRho_EigVec3 =  9.9959999736E-01  2.8205066116E-02  2.0783455076E-03
</CP of DelSqRho>
<CP of DelSqRho>
CP# = 7       
Type = (3,+1)
Coords = -1.89256945521961E-01 -5.09698477644824E-03 -4.04668394012689E-04
DistFromNuc =  1.8925518937E-01
Rho =  5.8675828704E+01
DelSqRho = -2.6110257440E+03
GradDelSqRho = -3.6379788071E-11  4.5474735089E-12 -7.2759576142E-12
HessDelSqRho_EigVals = -1.1619026687E+04  7.7362082672E+03  3.2503930630E+06
HessDelSqRho_EigVec1 = -1.9573835083E-02  6.3663332037E-01  7.7091820602E-01
HessDelSqRho_EigVec2 = -2.0421109821E-02  7.7065050508E-01 -6.3693074764E-01
HessDelSqRho_EigVec3 =  9.9959984156E-01  2.8210182762E-02  2.0838269422E-03
</CP of DelSqRho>
<CP of DelSqRho>
CP# = 8       
Type = (3,-1)
Coords = -5.18488815007180E-03  1.72949465313388E-01  7.71461268946411E-02
DistFromNuc =  1.8922743280E-01
Rho =  5.8625735484E+01
DelSqRho = -2.5850349217E+03
GradDelSqRho = -1.0913936421E-11  3.6379788071E-11  5.4569682106E-11
HessDelSqRho_EigVals = -1.0704745009E+04 -7.3419692762E+03  3.2520393142E+06
HessDelSqRho_EigVec1 =  9.9957069415E-01  2.9292777708E-02  6.0047146143E-04
HessDelSqRho_EigVec2 =  1.1399114413E-02 -4.0769365948E-01  9.1304761114E-01
HessDelSqRho_EigVec3 = -2.6990509117E-02  9.1264878962E-01  4.0785254594E-01
</CP of DelSqRho>
<CP of DelSqRho>
CP# = 9       
Type = (3,-1)
Coords =  5.03037578742098E-03 -1.72465320274627E-01 -7.71664365559339E-02
DistFromNuc =  1.8922744292E-01
Rho =  5.8625718253E+01
DelSqRho = -2.5850330403E+03
GradDelSqRho =  3.6379788071E-12  1.4551915228E-11  4.3655745685E-11
HessDelSqRho_EigVals = -1.0704702511E+04 -7.3416876600E+03  3.2520375560E+06
HessDelSqRho_EigVec1 =  9.9957095607E-01  2.9283264642E-02  6.2785359338E-04
HessDelSqRho_EigVec2 =  1.1370168621E-02 -4.0769194947E-01  9.1304873561E-01
HessDelSqRho_EigVec3 = -2.6993018611E-02  9.1264985879E-01  4.0784998737E-01
</CP of DelSqRho>
<CP of DelSqRho>
CP# = 10      
Type = (3,-3)
Coords =  2.64187108221692E-01  1.61941857487078E-01 -1.42570562040226E-01
DistFromNuc =  3.4103660622E-01
Rho =  1.3283198871E+01
DelSqRho =  7.6526127801E+02
GradDelSqRho = -2.1600499167E-12 -1.0089706848E-12  5.6843418861E-14
HessDelSqRho_EigVals = -1.7512799944E+05 -2.8487023604E+03 -1.9066730575E+03
HessDelSqRho_EigVec1 =  7.7488128977E-01  4.7413474320E-01 -4.1803735725E-01
HessDelSqRho_EigVec2 = -5.2379396896E-01  8.5183161427E-01 -4.7727374740E-03
HessDelSqRho_EigVec3 =  3.5383451619E-01  2.2266375150E-01  9.0841729889E-01
</CP of DelSqRho>
<CP of DelSqRho>
CP# = 11      
Type = (3,-3)
Coords = -9.27757857471763E-03  3.10915942635638E-01  1.40357915215890E-01
DistFromNuc =  3.4103678967E-01
Rho =  1.3283187693E+01
DelSqRho =  7.6525609015E+02
GradDelSqRho = -4.5474735089E-13  2.7284841053E-12  5.9685589804E-13
HessDelSqRho_EigVals = -1.7512773531E+05 -2.8485738796E+03 -1.9055363741E+03
HessDelSqRho_EigVec1 = -2.6977227430E-02  9.1095940021E-01  4.1161292542E-01
HessDelSqRho_EigVec2 =  9.9956721506E-01  2.9414480800E-02  4.1338426204E-04
HessDelSqRho_EigVec3 =  1.1730804212E-02 -4.1144593751E-01  9.1135867184E-01
</CP of DelSqRho>
<CP of DelSqRho>
CP# = 12      
Type = (3,-3)
Coords =  9.12272705310311E-03 -3.10431335876088E-01 -1.40379218211708E-01
DistFromNuc =  3.4103677663E-01
Rho =  1.3283188995E+01
DelSqRho =  7.6525598145E+02
GradDelSqRho =  1.4566126083E-13  2.9558577808E-12  5.4569682106E-12
HessDelSqRho_EigVals = -1.7512773272E+05 -2.8485795131E+03 -1.9055169402E+03
HessDelSqRho_EigVec1 = -2.6977711511E-02  9.1095871724E-01  4.1161440520E-01
HessDelSqRho_EigVec2 =  9.9956721035E-01  2.9414628261E-02  4.1428046761E-04
HessDelSqRho_EigVec3 =  1.1730092312E-02 -4.1144743908E-01  9.1135800309E-01
</CP of DelSqRho>
<CP of DelSqRho>
CP# = 13      
Type = (3,-3)
Coords = -2.64341776298417E-01 -1.61457663811047E-01  1.42550134619420E-01
DistFromNuc =  3.4103658913E-01
Rho =  1.3283200726E+01
DelSqRho =  7.6526121118E+02
GradDelSqRho = -1.1368683772E-12  5.2580162446E-13 -2.8421709430E-14
HessDelSqRho_EigVals = -1.7512801093E+05 -2.8487054340E+03 -1.9066683815E+03
HessDelSqRho_EigVec1 =  7.7488022250E-01  4.7413549905E-01 -4.1803847827E-01
HessDelSqRho_EigVec2 = -5.2379357871E-01  8.5183187613E-01 -4.7688268560E-03
HessDelSqRho_EigVec3 =  3.5383743114E-01  2.2266114019E-01  9.0841680355E-01
</CP of DelSqRho>
<CP of DelSqRho>
CP# = 14      
Type = (3,-1)
Coords =  1.51390567016988E-01 -8.11710305771504E-02  7.89600317816535E-02
DistFromNuc =  1.8922741139E-01
Rho =  5.8625706603E+01
DelSqRho = -2.5850537658E+03
GradDelSqRho =  3.7289282773E-11  3.6379788071E-12 -8.6401996668E-12
HessDelSqRho_EigVals = -1.0699055746E+04 -7.3303126011E+03  3.2520401716E+06
HessDelSqRho_EigVec1 =  4.7507382552E-01  8.7993660265E-01 -4.0540877591E-03
HessDelSqRho_EigVec2 =  3.6557338412E-01 -2.0155802527E-01 -9.0869712406E-01
HessDelSqRho_EigVec3 =  8.0041299410E-01 -4.3021615238E-01  4.1743634377E-01
</CP of DelSqRho>
<CP of DelSqRho>
CP# = 15      
Type = (3,-1)
Coords = -1.46984304104824E-01 -8.96565925947221E-02  7.83712701821730E-02
DistFromNuc =  1.8922760284E-01
Rho =  5.8625543744E+01
DelSqRho = -2.5849989173E+03
GradDelSqRho =  1.4551915228E-11  1.4551915228E-11 -1.0913936421E-11
HessDelSqRho_EigVals = -1.0708321433E+04 -7.3476500449E+03  3.2520140065E+06
HessDelSqRho_EigVec1 = -5.2377224514E-01  8.5184553343E-01 -4.6714446083E-03
HessDelSqRho_EigVec2 =  3.5072159821E-01  2.2063835872E-01  9.1011706676E-01
HessDelSqRho_EigVec3 =  7.7630985809E-01  4.7505568288E-01 -4.1432487542E-01
</CP of DelSqRho>
<CP of DelSqRho>
CP# = 16      
Type = (3,-1)
Coords =  1.46831193430462E-01  9.01380746327257E-02 -7.83918194769443E-02
DistFromNuc =  1.8922759299E-01
Rho =  5.8625557715E+01
DelSqRho = -2.5850009971E+03
GradDelSqRho =  1.0913936421E-11  0.0000000000E+00 -8.3559825725E-12
HessDelSqRho_EigVals = -1.0708313584E+04 -7.3475312454E+03  3.2520157829E+06
HessDelSqRho_EigVec1 = -5.2375636011E-01  8.5185528676E-01 -4.6739351011E-03
HessDelSqRho_EigVec2 =  3.5072343561E-01  2.2063308608E-01  9.1011763693E-01
HessDelSqRho_EigVec3 =  7.7631974531E-01  4.7504064221E-01 -4.1432359489E-01
</CP of DelSqRho>
<CP of DelSqRho>
CP# = 17      
Type = (3,-1)
Coords = -1.51546933609760E-01  8.16535512242774E-02 -7.89800766216094E-02
DistFromNuc =  1.8922740965E-01
Rho =  5.8625712856E+01
DelSqRho = -2.5850541085E+03
GradDelSqRho =  5.4569682106E-12  0.0000000000E+00 -3.6379788071E-12
HessDelSqRho_EigVals = -1.0699183950E+04 -7.3305556973E+03  3.2520404692E+06
HessDelSqRho_EigVec1 =  4.7506173020E-01  8.7994313930E-01 -4.0526643920E-03
HessDelSqRho_EigVec2 =  3.6557329270E-01 -2.0154999212E-01 -9.0869894263E-01
HessDelSqRho_EigVec3 =  8.0042021474E-01 -4.3020654605E-01  4.1743239881E-01
</CP of DelSqRho>
<CP of DelSqRho>
CP# = 18      
Type = (3,+3)
Coords = -4.37187396752564E-03  1.58021156517877E-01 -1.04499329626671E-01
DistFromNuc =  1.8928968335E-01
Rho =  5.8757026561E+01
DelSqRho = -2.6603376260E+03
GradDelSqRho =  3.6379788071E-12  1.4551915228E-11  0.0000000000E+00
HessDelSqRho_EigVals =  1.1251373210E+04  1.3023725199E+04  3.2489206314E+06
HessDelSqRho_EigVec1 = -1.6496620009E-02  5.5187926611E-01  8.3376083931E-01
HessDelSqRho_EigVec2 =  9.9960653427E-01  2.8022582850E-02  1.2294253313E-03
HessDelSqRho_EigVec3 = -2.2685637847E-02  8.3345306436E-01 -5.5212439844E-01
</CP of DelSqRho>
<CP of DelSqRho>
CP# = 19      
Type = (3,-3)
Coords = -6.47628850218333E-04  2.20424545342361E-03  3.41066831704193E-01
DistFromNuc =  3.4108334916E-01
Rho =  1.3258908548E+01
DelSqRho =  7.5941862472E+02
GradDelSqRho = -4.8316906032E-13  9.0949470177E-13  5.1159076975E-12
HessDelSqRho_EigVals = -1.7487960304E+05 -1.5791128024E+03 -1.5750443381E+03
HessDelSqRho_EigVec1 = -1.6722147431E-03  5.7544012696E-03  9.9998204512E-01
HessDelSqRho_EigVec2 =  6.0294525935E-01  7.9777451685E-01 -3.5825250645E-03
HessDelSqRho_EigVec3 =  7.9778080819E-01 -6.0292844279E-01  4.8036392747E-03
</CP of DelSqRho>
<CP of DelSqRho>
CP# = 20      
Type = (3,-3)
Coords =  4.93054735507661E-04 -1.72104914080527E-03 -3.41087611026634E-01
DistFromNuc =  3.4108334075E-01
Rho =  1.3258909694E+01
DelSqRho =  7.5941867877E+02
GradDelSqRho = -5.9685589804E-13  2.5579538487E-13  8.1854523160E-12
HessDelSqRho_EigVals = -1.7487962760E+05 -1.5791099813E+03 -1.5750541826E+03
HessDelSqRho_EigVec1 = -1.6735375842E-03  5.7580902886E-03  9.9998202167E-01
HessDelSqRho_EigVec2 =  6.0526358654E-01  7.9601711107E-01 -3.5706712311E-03
HessDelSqRho_EigVec3 =  7.9602336026E-01 -6.0524672926E-01  4.8173269327E-03
</CP of DelSqRho>
<CP of DelSqRho>
CP# = 21      
Type = (3,+3)
Coords =  1.34604238764734E-01  8.39595000626569E-02  1.03346993725934E-01
DistFromNuc =  1.8928948586E-01
Rho =  5.8757122173E+01
DelSqRho = -2.6603303408E+03
GradDelSqRho =  2.3646862246E-11 -1.2732925825E-11  3.9221959014E-11
HessDelSqRho_EigVals =  1.1253778537E+04  1.3020364885E+04  3.2489369007E+06
HessDelSqRho_EigVec1 =  4.6715646096E-01  2.8296810342E-01 -8.3767170982E-01
HessDelSqRho_EigVec2 = -5.2498655156E-01  8.5109417789E-01 -5.2745652986E-03
HessDelSqRho_EigVec3 =  7.1144498147E-01  4.4223042954E-01  5.4614859291E-01
</CP of DelSqRho>
<CP of DelSqRho>
CP# = 22      
Type = (3,+3)
Coords = -1.39693965049375E-01  7.61232800901464E-02  1.02847653342043E-01
DistFromNuc =  1.8928940498E-01
Rho =  5.8757081033E+01
DelSqRho = -2.6603187528E+03
GradDelSqRho = -2.1827872843E-11  2.2737367544E-11  2.5465851650E-11
HessDelSqRho_EigVals =  1.1243099771E+04  1.3029974684E+04  3.2489423779E+06
HessDelSqRho_EigVec1 = -4.7983494102E-01  2.5529973221E-01 -8.3939292117E-01
HessDelSqRho_EigVec2 =  4.7521845539E-01  8.7985852531E-01 -4.0490853899E-03
HessDelSqRho_EigVec3 =  7.3751328736E-01 -4.0083790011E-01 -5.4351000800E-01
</CP of DelSqRho>
<CP of DelSqRho>
CP# = 23      
Type = (3,+3)
Coords =  1.39539892444751E-01 -7.56388113823208E-02 -1.02867301068441E-01
DistFromNuc =  1.8928941382E-01
Rho =  5.8757068143E+01
DelSqRho = -2.6603160955E+03
GradDelSqRho =  7.2759576142E-12 -1.2732925825E-11 -1.3642420527E-11
HessDelSqRho_EigVals =  1.1242888429E+04  1.3029652731E+04  3.2489407159E+06
HessDelSqRho_EigVec1 = -4.7982078019E-01  2.5531302295E-01 -8.3939697356E-01
HessDelSqRho_EigVec2 =  4.7522520824E-01  8.7985495619E-01 -4.0320630965E-03
HessDelSqRho_EigVec3 =  7.3751814917E-01 -4.0083726921E-01 -5.4350387602E-01
</CP of DelSqRho>
<CP of DelSqRho>
CP# = 24      
Type = (3,+3)
Coords = -1.34759239126498E-01 -8.34751285293641E-02 -1.03367797494729E-01
DistFromNuc =  1.8928949267E-01
Rho =  5.8757112543E+01
DelSqRho = -2.6603291580E+03
GradDelSqRho =  1.8189894035E-11  1.0913936421E-11 -9.0949470177E-13
HessDelSqRho_EigVals =  1.1253837823E+04  1.3020362496E+04  3.2489357215E+06
HessDelSqRho_EigVec1 =  4.6715201891E-01  2.8297537753E-01 -8.3767172982E-01
HessDelSqRho_EigVec2 = -5.2499045946E-01  8.5109181191E-01 -5.2673691853E-03
HessDelSqRho_EigVec3 =  7.1144501453E-01  4.4223032847E-01  5.4614863167E-01
</CP of DelSqRho>
<CP of DelSqRho>
CP# = 25      
Type = (3,+1)
Coords = -9.93670216066477E-02  1.61356353102710E-01 -1.16616344445831E-03
DistFromNuc =  1.8925517928E-01
Rho =  5.8675881558E+01
DelSqRho = -2.6110427386E+03
GradDelSqRho = -7.2759576142E-12  2.5465851650E-11  1.8189894035E-12
HessDelSqRho_EigVals = -1.1617578079E+04  7.7352682412E+03  3.2504010599E+06
HessDelSqRho_EigVec1 = -5.3999869575E-01 -3.2722279116E-01  7.7545254757E-01
HessDelSqRho_EigVec2 =  6.5814935119E-01  4.1012604042E-01  6.3137632400E-01
HessDelSqRho_EigVec3 = -5.2463400587E-01  8.5130598255E-01 -6.1060592253E-03
</CP of DelSqRho>
<CP of DelSqRho>
CP# = 26      
Type = (3,+1)
Coords =  9.92119506986052E-02 -1.60872043728158E-01  1.14704386191322E-03
DistFromNuc =  1.8925518900E-01
Rho =  5.8675864500E+01
DelSqRho = -2.6110406931E+03
GradDelSqRho =  1.4551915228E-11 -2.9103830457E-11 -5.4569682106E-12
HessDelSqRho_EigVals = -1.1617192777E+04  7.7351068046E+03  3.2503993298E+06
HessDelSqRho_EigVec1 = -5.4000495710E-01 -3.2721831465E-01  7.7545007632E-01
HessDelSqRho_EigVec2 =  6.5814452165E-01  4.1012924954E-01  6.3137927373E-01
HessDelSqRho_EigVec3 = -5.2463361971E-01  8.5130615717E-01 -6.1148866315E-03
</CP of DelSqRho>
<CP of DelSqRho>
CP# = 27      
Type = (3,+1)
Coords =  2.52444076329095E-01 -1.36972412529354E-01 -1.84692150654205E-01
DistFromNuc =  3.4161723911E-01
Rho =  1.3563688028E+01
DelSqRho =  7.0084863265E+02
GradDelSqRho = -3.2969182939E-12  4.8316906032E-13 -7.1054273576E-14
HessDelSqRho_EigVals = -1.7230204876E+05  2.9700582252E+03  3.4184865204E+03
HessDelSqRho_EigVec1 =  7.3918451383E-01 -4.0165564824E-01 -5.4062833328E-01
HessDelSqRho_EigVec2 =  4.7732286200E-01 -2.5388636659E-01  8.4125180432E-01
HessDelSqRho_EigVec3 =  4.7515170201E-01  8.7989456931E-01 -4.0505530978E-03
</CP of DelSqRho>
<CP of DelSqRho>
CP# = 28      
Type = (3,+1)
Coords = -3.01282026878731E-03  9.25924568338172E-02  1.65121948999639E-01
DistFromNuc =  1.8922442165E-01
Rho =  5.8642172195E+01
DelSqRho = -2.6017518245E+03
GradDelSqRho = -4.5474735089E-12 -2.1827872843E-11  2.9103830457E-11
HessDelSqRho_EigVals = -1.2034668804E+04  4.6030920179E+03  3.2528577718E+06
HessDelSqRho_EigVec1 =  9.9958562394E-01  2.8734919264E-02  1.6984802143E-03
HessDelSqRho_EigVec2 = -2.4249498774E-02  8.7240910018E-01 -4.8817448082E-01
HessDelSqRho_EigVec3 = -1.5509423889E-02  4.8793100571E-01  8.7274440212E-01
</CP of DelSqRho>
<CP of DelSqRho>
CP# = 29      
Type = (3,+1)
Coords =  2.85899824367994E-03 -9.21079265884152E-02 -1.65142829715282E-01
DistFromNuc =  1.8922443084E-01
Rho =  5.8642158372E+01
DelSqRho = -2.6017493531E+03
GradDelSqRho = -2.7284841053E-12 -3.6379788071E-12 -5.0931703299E-11
HessDelSqRho_EigVals = -1.2034694095E+04  4.6027519949E+03  3.2528560791E+06
HessDelSqRho_EigVec1 =  9.9958558021E-01  2.8736061236E-02  1.7048836592E-03
HessDelSqRho_EigVec2 = -2.4247384737E-02  8.7240959382E-01 -4.8817370365E-01
HessDelSqRho_EigVec3 = -1.5515546303E-02  4.8793005584E-01  8.7274482435E-01
</CP of DelSqRho>
<CP of DelSqRho>
CP# = 30      
Type = (3,-1)
Coords =  1.62041367954519E-01  3.00510651621027E-01 -1.40715435354022E-03
DistFromNuc =  3.4124131047E-01
Rho =  1.3394490419E+01
DelSqRho =  7.4269452600E+02
GradDelSqRho = -8.0149220594E-12 -1.2505552149E-12  3.4390268411E-12
HessDelSqRho_EigVals = -1.7413957085E+05 -3.0509373771E+03  2.0524246441E+03
HessDelSqRho_EigVec1 =  4.7508742966E-01  8.7992908432E-01 -4.0915464991E-03
HessDelSqRho_EigVec2 =  5.5608666829E-01 -2.9662976570E-01  7.7638804695E-01
HessDelSqRho_EigVec3 = -6.8195274875E-01  3.7112745611E-01  6.3024190578E-01
</CP of DelSqRho>
<CP of DelSqRho>
CP# = 31      
Type = (3,-1)
Coords = -1.62196019079376E-01 -3.00026443680517E-01  1.38644357495962E-03
DistFromNuc =  3.4124128284E-01
Rho =  1.3394494018E+01
DelSqRho =  7.4269439409E+02
GradDelSqRho =  2.0961010705E-12 -5.0022208598E-12 -2.7853275242E-12
HessDelSqRho_EigVals = -1.7413959694E+05 -3.0509282825E+03  2.0524262358E+03
HessDelSqRho_EigVec1 =  4.7508639426E-01  8.7992964104E-01 -4.0920427305E-03
HessDelSqRho_EigVec2 =  5.5608787656E-01 -2.9662914111E-01  7.7638742016E-01
HessDelSqRho_EigVec3 = -6.8195248481E-01  3.7112663534E-01  6.3024267469E-01
</CP of DelSqRho>
<CP of DelSqRho>
CP# = 32      
Type = (3,-1)
Coords =  3.41025496009865E-01  9.89476141219962E-03  6.78464687437411E-04
DistFromNuc =  3.4124023385E-01
Rho =  1.3394329927E+01
DelSqRho =  7.4273505887E+02
GradDelSqRho = -3.8653524825E-12  8.5265128291E-14  4.9027448767E-13
HessDelSqRho_EigVals = -1.7414424705E+05 -3.0524205098E+03  2.0491995244E+03
HessDelSqRho_EigVec1 =  9.9959782462E-01  2.8286331988E-02  2.0180267644E-03
HessDelSqRho_EigVec2 = -1.9612525851E-02  6.3816940651E-01  7.6964612481E-01
HessDelSqRho_EigVec3 = -2.0482622857E-02  7.6937617069E-01 -6.3846751690E-01
</CP of DelSqRho>
<CP of DelSqRho>
CP# = 33      
Type = (3,-1)
Coords = -3.41180482149895E-01 -9.41064875521076E-03 -6.98990006703190E-04
DistFromNuc =  3.4124023684E-01
Rho =  1.3394329396E+01
DelSqRho =  7.4273496300E+02
GradDelSqRho = -3.8653524825E-12  4.4764192353E-13 -6.0751403907E-13
HessDelSqRho_EigVals = -1.7414421989E+05 -3.0524221778E+03  2.0492029839E+03
HessDelSqRho_EigVec1 =  9.9959780430E-01  2.8287097953E-02  2.0173572896E-03
HessDelSqRho_EigVec2 = -1.9612494822E-02  6.3816921962E-01  7.6964628055E-01
HessDelSqRho_EigVec3 = -2.0483644400E-02  7.6937629754E-01 -6.3846733127E-01
</CP of DelSqRho>
<CP of DelSqRho>
CP# = 34      
Type = (3,+1)
Coords =  2.43525277926185E-01  1.51653416833249E-01  1.85556087501472E-01
DistFromNuc =  3.4161761380E-01
Rho =  1.3563766992E+01
DelSqRho =  7.0083927714E+02
GradDelSqRho =  4.2632564146E-12  2.1884716261E-12  3.1121771826E-12
HessDelSqRho_EigVals = -1.7230055611E+05  2.9726340003E+03  3.4161522096E+03
HessDelSqRho_EigVec1 =  7.1307659834E-01  4.4321176274E-01  5.4321735822E-01
HessDelSqRho_EigVec2 = -4.6461983098E-01 -2.8149691035E-01  8.3957602522E-01
HessDelSqRho_EigVec3 = -5.2502397808E-01  8.5107157327E-01 -5.1961150184E-03
</CP of DelSqRho>
<CP of DelSqRho>
CP# = 35      
Type = (3,+1)
Coords = -2.43680381773895E-01 -1.51169174903535E-01 -1.85576632355668E-01
DistFromNuc =  3.4161761118E-01
Rho =  1.3563766620E+01
DelSqRho =  7.0083919201E+02
GradDelSqRho = -1.7621459847E-12 -1.7053025658E-12 -3.8937741920E-12
HessDelSqRho_EigVals = -1.7230052994E+05  2.9726367682E+03  3.4161512861E+03
HessDelSqRho_EigVec1 =  7.1307695310E-01  4.4321207261E-01  5.4321663971E-01
HessDelSqRho_EigVec2 = -4.6461537583E-01 -2.8150276447E-01  8.3957652786E-01
HessDelSqRho_EigVec3 = -5.2502743881E-01  8.5106947559E-01 -5.1900101059E-03
</CP of DelSqRho>
<CP of DelSqRho>
CP# = 36      
Type = (3,-1)
Coords = -5.43227778306537E-03  1.69110736873346E-01  2.96369109514013E-01
DistFromNuc =  3.4115403501E-01
Rho =  1.3308252618E+01
DelSqRho =  7.5167575304E+02
GradDelSqRho = -2.2737367544E-13  1.5347723092E-12 -6.9348971010E-12
HessDelSqRho_EigVals = -1.7454262551E+05 -3.2079391690E+03  1.2133054612E+03
HessDelSqRho_EigVec1 = -1.5696467464E-02  4.9497894393E-01  8.6876318176E-01
HessDelSqRho_EigVec2 =  9.9958463269E-01  2.8771182374E-02  1.6676790962E-03
HessDelSqRho_EigVec3 = -2.4169877904E-02  8.6842850260E-01 -4.9522495178E-01
</CP of DelSqRho>
<CP of DelSqRho>
CP# = 37      
Type = (3,+1)
Coords =  7.67273016275854E-03 -2.85128783046266E-01  1.87623585562416E-01
DistFromNuc =  3.4161844775E-01
Rho =  1.3563623018E+01
DelSqRho =  7.0083220327E+02
GradDelSqRho =  1.4210854715E-14 -8.4128259914E-12  4.1495695768E-12
HessDelSqRho_EigVals = -1.7229678833E+05  2.9722276116E+03  3.4168237865E+03
HessDelSqRho_EigVec1 = -2.2686313981E-02  8.3533796009E-01 -5.4926844401E-01
HessDelSqRho_EigVec2 = -1.6278661925E-02  5.4902835504E-01  8.3564518219E-01
HessDelSqRho_EigVec3 =  9.9961009215E-01  2.7899064286E-02  1.1427545990E-03
</CP of DelSqRho>
<CP of DelSqRho>
CP# = 38      
Type = (3,+1)
Coords = -7.82769162501143E-03  2.85612942292104E-01 -1.87644825529451E-01
DistFromNuc =  3.4161852467E-01
Rho =  1.3563613591E+01
DelSqRho =  7.0083197146E+02
GradDelSqRho =  3.4106051316E-13  3.1832314562E-12 -4.8885340220E-12
HessDelSqRho_EigVals = -1.7229661371E+05  2.9722369116E+03  3.4168343490E+03
HessDelSqRho_EigVec1 = -2.2686316312E-02  8.3533721640E-01 -5.4926957493E-01
HessDelSqRho_EigVec2 = -1.6277331100E-02  5.4902952352E-01  8.3564444042E-01
HessDelSqRho_EigVec3 =  9.9961011377E-01  2.7898336834E-02  1.1416030169E-03
</CP of DelSqRho>
<CP of DelSqRho>
CP# = 39      
Type = (3,-1)
Coords =  5.27753293925430E-03 -1.68626792591063E-01 -2.96389630017623E-01
DistFromNuc =  3.4115400550E-01
Rho =  1.3308255527E+01
DelSqRho =  7.5167593388E+02
GradDelSqRho =  2.2737367544E-13  1.6484591470E-12  7.5601747085E-12
HessDelSqRho_EigVals = -1.7454269052E+05 -3.2079465318E+03  1.2132926674E+03
HessDelSqRho_EigVec1 = -1.5697347972E-02  4.9498015960E-01  8.6876247322E-01
HessDelSqRho_EigVec2 =  9.9958462795E-01  2.8771294299E-02  1.6685894394E-03
HessDelSqRho_EigVec3 = -2.4169502125E-02  8.6842780599E-01 -4.9522619170E-01
</CP of DelSqRho>
<CP of DelSqRho>
CP# = 40      
Type = (3,-1)
Coords =  1.46507948586668E-01 -7.74896841004544E-02  2.98077942215278E-01
DistFromNuc =  3.4115420726E-01
Rho =  1.3308055357E+01
DelSqRho =  7.5169576276E+02
GradDelSqRho = -1.9326762413E-12  2.7711166695E-12 -6.5938365879E-12
HessDelSqRho_EigVals = -1.7454188397E+05 -3.2092203359E+03  1.2110217855E+03
HessDelSqRho_EigVec1 =  4.2966428165E-01 -2.2784133561E-01  8.7377166975E-01
HessDelSqRho_EigVec2 = -4.7515878683E-01 -8.7988996823E-01  4.2155787259E-03
HessDelSqRho_EigVec3 =  7.6786244365E-01 -4.1699157017E-01 -4.8631810376E-01
</CP of DelSqRho>
<CP of DelSqRho>
CP# = 41      
Type = (3,+1)
Coords = -2.52598979765962E-01  1.37456585631401E-01  1.84671691332897E-01
DistFromNuc =  3.4161728235E-01
Rho =  1.3563681945E+01
DelSqRho =  7.0084847819E+02
GradDelSqRho = -1.0516032489E-12 -2.0321522243E-12  1.6875389974E-13
HessDelSqRho_EigVals = -1.7230193263E+05  2.9700606727E+03  3.4184929042E+03
HessDelSqRho_EigVec1 =  7.3918423099E-01 -4.0165508780E-01 -5.4062913638E-01
HessDelSqRho_EigVec2 =  4.7732818494E-01 -2.5387819652E-01  8.4125124974E-01
HessDelSqRho_EigVec3 =  4.7514679470E-01  8.7989718250E-01 -4.0585345714E-03
</CP of DelSqRho>
<CP of DelSqRho>
CP# = 42      
Type = (3,-1)
Coords = -1.46663285355640E-01  7.79737923800956E-02 -2.98098650963271E-01
DistFromNuc =  3.4115422387E-01
Rho =  1.3308053595E+01
DelSqRho =  7.5169564280E+02
GradDelSqRho =  1.2505552149E-12 -6.2527760747E-13 -2.2737367544E-13
HessDelSqRho_EigVals = -1.7454183828E+05 -3.2092241711E+03  1.2110326576E+03
HessDelSqRho_EigVec1 =  4.2966538180E-01 -2.2784035933E-01  8.7377138334E-01
HessDelSqRho_EigVec2 = -4.7515914063E-01 -8.7988976850E-01  4.2173875415E-03
HessDelSqRho_EigVec3 =  7.6786160912E-01 -4.1699252504E-01 -4.8631860266E-01
</CP of DelSqRho>
<CP of DelSqRho>
CP# = 43      
Type = (3,-1)
Coords = -1.79105035599434E-01  2.90741883710385E-01 -2.09564558129784E-03
DistFromNuc =  3.4124080472E-01
Rho =  1.3394192734E+01
DelSqRho =  7.4273687338E+02
GradDelSqRho =  3.9790393203E-13 -3.2116531656E-12  1.7053025658E-13
HessDelSqRho_EigVals = -1.7414218138E+05 -3.0526304105E+03  2.0487618081E+03
HessDelSqRho_EigVec1 = -5.2463905074E-01  8.5130285570E-01 -6.1085454435E-03
HessDelSqRho_EigVec2 =  5.4133278626E-01  3.2805630782E-01 -7.7416915039E-01
HessDelSqRho_EigVec3 =  6.5704846165E-01  4.0946612409E-01  6.3294929675E-01
</CP of DelSqRho>
<CP of DelSqRho>
CP# = 44      
Type = (3,-1)
Coords =  1.78949879103758E-01 -2.90257602517393E-01  2.07480439274459E-03
DistFromNuc =  3.4124078301E-01
Rho =  1.3394195826E+01
DelSqRho =  7.4273677849E+02
GradDelSqRho =  4.7180037654E-12 -2.0463630790E-12 -1.7053025658E-13
HessDelSqRho_EigVals = -1.7414220989E+05 -3.0526167017E+03  2.0487631502E+03
HessDelSqRho_EigVec1 = -5.2463851688E-01  8.5130318524E-01 -6.1084701145E-03
HessDelSqRho_EigVec2 =  5.4133358299E-01  3.2805640516E-01 -7.7416855204E-01
HessDelSqRho_EigVec3 =  6.5704823152E-01  4.0946536097E-01  6.3295002933E-01
</CP of DelSqRho>
<CP of DelSqRho>
CP# = 45      
Type = (3,-3)
Coords =  2.72375832568050E-01 -1.46200756911564E-01  1.43620313535584E-01
DistFromNuc =  3.4103684605E-01
Rho =  1.3283168323E+01
DelSqRho =  7.6523801680E+02
GradDelSqRho =  4.5474735089E-13 -7.3896444519E-13 -1.4779288904E-12
HessDelSqRho_EigVals = -1.7512724124E+05 -2.8470835340E+03 -1.9024856633E+03
HessDelSqRho_EigVec1 =  7.9889151362E-01 -4.2939928375E-01  4.2117526586E-01
HessDelSqRho_EigVec2 =  4.7520988330E-01  8.7986175377E-01 -4.3429333028E-03
HessDelSqRho_EigVec3 =  3.6871115561E-01 -2.0361618150E-01 -9.0696887177E-01
</CP of DelSqRho>
<CP of DelSqRho>
CP# = 46      
Type = (3,-3)
Coords = -2.72530983733353E-01  1.46685185927949E-01 -1.43640740917022E-01
DistFromNuc =  3.4103685038E-01
Rho =  1.3283167975E+01
DelSqRho =  7.6523801145E+02
GradDelSqRho = -6.8212102633E-12  3.0695446185E-12 -2.7284841053E-12
HessDelSqRho_EigVals = -1.7512723295E+05 -2.8470833581E+03 -1.9024949351E+03
HessDelSqRho_EigVec1 =  7.9889206900E-01 -4.2939935515E-01  4.2117413963E-01
HessDelSqRho_EigVec2 =  4.7521199616E-01  8.7986058452E-01 -4.3486222086E-03
HessDelSqRho_EigVec3 =  3.6870722910E-01 -2.0362108342E-01 -9.0696936751E-01
</CP of DelSqRho>
<CP of DelSqRho>
CP# = 47      
Type = (3,-1)
Coords = -1.43038234063251E-01 -8.57255701146391E-02  2.97576680841140E-01
DistFromNuc =  3.4115435827E-01
Rho =  1.3308248951E+01
DelSqRho =  7.5166437206E+02
GradDelSqRho = -9.0949470177E-13  4.5474735089E-13  3.4106051316E-12
HessDelSqRho_EigVals = -1.7454075446E+05 -3.2075459017E+03  1.2143224147E+03
HessDelSqRho_EigVec1 = -4.1904035660E-01 -2.5198145749E-01  8.7230185407E-01
HessDelSqRho_EigVec2 = -5.2429393383E-01  8.5151701885E-01 -5.8853680992E-03
HessDelSqRho_EigVec3 = -7.4129687069E-01 -4.5980877731E-01 -4.8893234483E-01
</CP of DelSqRho>
<CP of DelSqRho>
CP# = 48      
Type = (3,-1)
Coords =  1.42883693420969E-01  8.62094338463344E-02 -2.97597412542657E-01
DistFromNuc =  3.4115436631E-01
Rho =  1.3308248757E+01
DelSqRho =  7.5166435507E+02
GradDelSqRho = -2.1600499167E-12 -4.7961634664E-14  5.0022208598E-12
HessDelSqRho_EigVals = -1.7454075149E+05 -3.2075479663E+03  1.2143278504E+03
HessDelSqRho_EigVec1 = -4.1904181666E-01 -2.5197958614E-01  8.7230169326E-01
HessDelSqRho_EigVec2 = -5.2429394097E-01  8.5151699568E-01 -5.8880836385E-03
HessDelSqRho_EigVec3 = -7.4129604029E-01 -4.5980984574E-01 -4.8893259905E-01
</CP of DelSqRho>
<CP of DelSqRho>
CP# = 49      
Type = (3,+1)
Coords =  7.80228661878223E-01  2.23267439490002E-02  1.57575558649700E-03
DistFromNuc =  7.8062022905E-01
Rho =  1.2919245903E+00
DelSqRho = -7.5366584780E+00
GradDelSqRho = -1.2434497876E-14  2.6645352591E-15  1.2212453271E-15
HessDelSqRho_EigVals = -1.2089983997E+02  8.0521207926E+01  1.0084710570E+03
HessDelSqRho_EigVec1 = -1.9583710006E-02  6.3678578504E-01  7.7079202271E-01
HessDelSqRho_EigVec2 = -2.0506598276E-02  7.7052186740E-01 -6.3708361404E-01
HessDelSqRho_EigVec3 =  9.9959789802E-01  2.8282783111E-02  2.0313665226E-03
</CP of DelSqRho>
<CP of DelSqRho>
CP# = 50      
Type = (3,+1)
Coords = -7.80383788169460E-01 -2.18413576849479E-02 -1.59610684813573E-03
DistFromNuc =  7.8062033574E-01
Rho =  1.2919244407E+00
DelSqRho = -7.5366703174E+00
GradDelSqRho = -3.1974423109E-14  4.4408920985E-16  3.7192471325E-15
HessDelSqRho_EigVals = -1.2089912844E+02  8.0521305948E+01  1.0084695402E+03
HessDelSqRho_EigVec1 = -1.9582695755E-02  6.3678635484E-01  7.7079157774E-01
HessDelSqRho_EigVec2 = -2.0505709147E-02  7.7052144533E-01 -6.3708415314E-01
HessDelSqRho_EigVec3 =  9.9959793613E-01  2.8281453047E-02  2.0311312554E-03
</CP of DelSqRho>
<CP of DelSqRho>
CP# = 51      
Type = (3,-1)
Coords = -2.17539181853398E-02  7.32914093804268E-01  3.27715577808244E-01
DistFromNuc =  8.0292111465E-01
Rho =  1.1175142406E+00
DelSqRho = -3.1283070536E+00
GradDelSqRho = -2.5535129566E-15  2.8421709430E-14  1.7763568394E-14
HessDelSqRho_EigVals = -9.5743085323E+01 -6.5429801879E+01  6.9924742434E+02
HessDelSqRho_EigVec1 =  9.9956616165E-01  2.9451771325E-02  2.8574994908E-04
HessDelSqRho_EigVec2 =  1.1761160460E-02 -4.0802022377E-01  9.1289713117E-01
HessDelSqRho_EigVec3 = -2.7003029308E-02  9.1249772063E-01  4.0818959596E-01
</CP of DelSqRho>
<CP of DelSqRho>
CP# = 52      
Type = (3,-1)
Coords =  2.15981775850558E-02 -7.32430027454087E-01 -3.27735520049996E-01
DistFromNuc =  8.0292101321E-01
Rho =  1.1175187130E+00
DelSqRho = -3.1283519345E+00
GradDelSqRho = -3.3306690739E-16 -1.2434497876E-14 -1.8651746814E-14
HessDelSqRho_EigVals = -9.5742320009E+01 -6.5430339195E+01  6.9924902515E+02
HessDelSqRho_EigVec1 =  9.9956604243E-01  2.9455918566E-02  2.7511995533E-04
HessDelSqRho_EigVec2 =  1.1772496656E-02 -4.0801797841E-01  9.1289798861E-01
HessDelSqRho_EigVec3 = -2.7002502700E-02  9.1249859077E-01  4.0818768562E-01
</CP of DelSqRho>
<CP of DelSqRho>
CP# = 53      
Type = (3,-1)
Coords = -1.38699991642378E-03  4.73848874240381E-03  7.95463796121668E-01
DistFromNuc =  7.9548797880E-01
Rho =  1.1313943747E+00
DelSqRho = -4.4045689662E+00
GradDelSqRho = -2.8033131372E-15  2.8865798640E-15  3.5527136788E-14
HessDelSqRho_EigVals = -5.5615095935E+01 -5.5459938311E+01  7.8393248073E+02
HessDelSqRho_EigVec1 =  5.4106637186E-01  8.4097099626E-01 -3.8684217145E-03
HessDelSqRho_EigVec2 =  8.4097827960E-01 -5.4105059760E-01  4.4479292784E-03
HessDelSqRho_EigVec3 = -1.6475676362E-03  5.6598835952E-03  9.9998262547E-01
</CP of DelSqRho>
<CP of DelSqRho>
CP# = 54      
Type = (3,-1)
Coords =  1.22915568523547E-03 -4.24825114900991E-03 -7.95484497572792E-01
DistFromNuc =  7.9548784723E-01
Rho =  1.1313950635E+00
DelSqRho = -4.4045903765E+00
GradDelSqRho = -6.6613381478E-16 -5.6621374256E-15 -5.5067062021E-14
HessDelSqRho_EigVals = -5.5615478563E+01 -5.5459091742E+01  7.8393418249E+02
HessDelSqRho_EigVec1 =  5.3622086791E-01  8.4406875010E-01 -3.8892056097E-03
HessDelSqRho_EigVec2 =  8.4407610902E-01 -5.3620518395E-01  4.4184713303E-03
HessDelSqRho_EigVec3 = -1.6440813637E-03  5.6520620698E-03  9.9998267545E-01
</CP of DelSqRho>
<CP of DelSqRho>
CP# = 55      
Type = (3,+1)
Coords = -3.26637223045776E-01 -1.96120550571869E-01  6.89624564830707E-01
DistFromNuc =  7.8790605989E-01
Rho =  1.1979755121E+00
DelSqRho = -5.8837123857E+00
GradDelSqRho = -7.9936057773E-14 -9.0150109600E-14  1.5742962489E-13
HessDelSqRho_EigVals = -1.1944355106E+02  4.5621852473E+01  8.9009704411E+02
HessDelSqRho_EigVec1 = -5.2430488845E-01  8.5151065454E-01 -5.8300218418E-03
HessDelSqRho_EigVec2 =  7.4387791195E-01  4.6134227495E-01  4.8353795864E-01
HessDelSqRho_EigVec3 = -4.1442735920E-01 -2.4918449099E-01  8.7530397771E-01
</CP of DelSqRho>
<CP of DelSqRho>
CP# = 56      
Type = (3,+1)
Coords =  3.26478185467537E-01  1.96606983461592E-01 -6.89646642153331E-01
DistFromNuc =  7.8790602131E-01
Rho =  1.1979740120E+00
DelSqRho = -5.8836948109E+00
GradDelSqRho =  3.4638958368E-14  7.5939254884E-14 -7.9047879353E-14
HessDelSqRho_EigVals = -1.1944343530E+02  4.5621587287E+01  8.9009731149E+02
HessDelSqRho_EigVec1 = -5.2430522748E-01  8.5151048017E-01 -5.8249982361E-03
HessDelSqRho_EigVec2 =  7.4388036747E-01  4.6134130533E-01  4.8353510616E-01
HessDelSqRho_EigVec3 = -4.1442252271E-01 -2.4918688200E-01  8.7530558693E-01
</CP of DelSqRho>
<CP of DelSqRho>
CP# = 57      
Type = (3,-1)
Coords =  6.42397348130303E-01 -3.45150987042028E-01  3.35504216646243E-01
DistFromNuc =  8.0289502401E-01
Rho =  1.1176036358E+00
DelSqRho = -3.1324250237E+00
GradDelSqRho = -7.0166095156E-14  3.5527136788E-14 -2.7533531011E-14
HessDelSqRho_EigVals = -9.5716494853E+01 -6.5322347150E+01  6.9953546175E+02
HessDelSqRho_EigVec1 =  4.7528163470E-01  8.7982264683E-01 -4.4133716063E-03
HessDelSqRho_EigVec2 = -3.6577014781E-01  2.0214679145E-01  9.0848713457E-01
HessDelSqRho_EigVec3 =  8.0019970426E-01 -4.3017297083E-01  4.1788951707E-01
</CP of DelSqRho>
<CP of DelSqRho>
CP# = 58      
Type = (3,-1)
Coords = -6.23245968607130E-01 -3.81165972344030E-01  3.32974701306764E-01
DistFromNuc =  8.0292602466E-01
Rho =  1.1175053846E+00
DelSqRho = -3.1274574610E+00
GradDelSqRho = -2.1760371283E-14 -1.5987211555E-14  2.0428103653E-14
HessDelSqRho_EigVals = -9.5753925526E+01 -6.5453909580E+01  6.9919224890E+02
HessDelSqRho_EigVec1 =  5.2398283351E-01 -8.5171380506E-01  5.0581073428E-03
HessDelSqRho_EigVec2 =  3.5082568592E-01  2.2123531363E-01  9.0993201620E-01
HessDelSqRho_EigVec3 =  7.7612069183E-01  4.7501424217E-01 -4.1472658637E-01
</CP of DelSqRho>
<CP of DelSqRho>
CP# = 59      
Type = (3,-1)
Coords =  6.23089621530916E-01  3.81652407260290E-01 -3.32996129055754E-01
DistFromNuc =  8.0292621960E-01
Rho =  1.1175020465E+00
DelSqRho = -3.1274162051E+00
GradDelSqRho = -5.7731597281E-14 -3.3750779949E-14  2.8421709430E-14
HessDelSqRho_EigVals = -9.5753954048E+01 -6.5454024476E+01  6.9918972306E+02
HessDelSqRho_EigVec1 =  5.2398166129E-01 -8.5171457736E-01  5.0494892311E-03
HessDelSqRho_EigVec2 =  3.5083088665E-01  2.2122862029E-01  9.0993163839E-01
HessDelSqRho_EigVec3 =  7.7611913235E-01  4.7501597476E-01 -4.1472752033E-01
</CP of DelSqRho>
<CP of DelSqRho>
CP# = 60      
Type = (3,-1)
Coords = -6.42551139634254E-01  3.45636009465196E-01 -3.35526705633176E-01
DistFromNuc =  8.0289505860E-01
Rho =  1.1176010587E+00
DelSqRho = -3.1324000842E+00
GradDelSqRho =  2.4868995752E-14 -8.8817841970E-15  5.7731597281E-15
HessDelSqRho_EigVals = -9.5717131259E+01 -6.5321882992E+01  6.9953480645E+02
HessDelSqRho_EigVec1 =  4.7528186119E-01  8.7982253524E-01 -4.4112250256E-03
HessDelSqRho_EigVec2 = -3.6577335364E-01  2.0214642047E-01  9.0848592640E-01
HessDelSqRho_EigVec3 =  8.0019810434E-01 -4.3017337339E-01  4.1789216627E-01
</CP of DelSqRho>
<CP of DelSqRho>
CP# = 61      
Type = (3,+1)
Coords =  4.09453787691072E-01 -6.64327573868757E-01  4.82764557881398E-03
DistFromNuc =  7.8063578896E-01
Rho =  1.2917605408E+00
DelSqRho = -7.5336126430E+00
GradDelSqRho = -1.7763568394E-15  2.2559731860E-13 -1.5942802634E-13
HessDelSqRho_EigVals = -1.2090072625E+02  8.0471998869E+01  1.0082137917E+03
HessDelSqRho_EigVec1 = -5.4020371448E-01 -3.2725402943E-01  7.7529655428E-01
HessDelSqRho_EigVec2 =  6.5799805474E-01  4.1007516764E-01  6.3156703274E-01
HessDelSqRho_EigVec3 = -5.2461272079E-01  8.5131848160E-01 -6.1916140015E-03
</CP of DelSqRho>
<CP of DelSqRho>
CP# = 62      
Type = (3,+1)
Coords = -4.09608918244545E-01  6.64812256068244E-01 -4.84910259785048E-03
DistFromNuc =  7.8063614226E-01
Rho =  1.2917562574E+00
DelSqRho = -7.5335995281E+00
