 AIMInt (Version 19.02.13, Professional)
 Portions Copyright (c) 1997-2019 by Todd A. Keith
 AIMInt is a component of the AIMAll package ( http://aim.tkgristmill.com )

 TP:  64-bit Linux

 Licensed To:  Research Group of Fernando Cortes Guzman, UNAM, fercor@unam.mx

 AIMInt is a heavily modified and extended version of the PROAIMV program
 developed by members of R.F.W. Bader's research group

 Much of the Quantum Theory of Atoms in Molecules (QTAIM) is described in the book:
   "Atoms in Molecules - A Quantum Theory"
   R.F.W. Bader, Oxford University Press, Oxford, 1990

 For additional references see:  http://aim.tkgristmill.com/references.html

 Current Directory:  /home/lillian/David/proyecto_spin/noab/hexaaqua/def2/pbe0/opt_scan/int

 Inp File:  ti32_pbe0_noab_atomicfiles/ti1.inp
 Wfx File:  ti32_pbe0_noab.wfx
 Out File:  ti32_pbe0_noab_atomicfiles/ti1.int

 Wfx Title:   Title Card Required                                                           
 Job Title:   Title Card Required                                                           
 
<Atom>
Ti1     
</Atom>
<Nuclei of Molecule>
    19
Ti1       22.0          -2.5698445188E-04   1.1941130907E-03   4.2495792362E-04
O2         8.0           1.4949183459E+00  -2.8884766758E+00  -2.2043411883E+00
H3         1.0           2.8634030814E+00  -4.0237360801E+00  -1.7317717072E+00
H4         1.0           9.3737479915E-01  -3.4273449525E+00  -3.8723155111E+00
O5         8.0          -3.2469806388E+00   1.5086126916E-01  -2.2085193728E+00
H6         1.0          -3.4295632593E+00   8.8976329744E-01  -3.8830812808E+00
H7         1.0          -4.9185890036E+00  -4.5180131534E-01  -1.7314825791E+00
O8         8.0           3.2483728452E+00  -1.5462935861E-01   2.2066348549E+00
H9         1.0           3.4313460403E+00  -8.9950094739E-01   3.8785039032E+00
H10        1.0           4.9187685176E+00   4.5440512028E-01   1.7335551477E+00
O11        8.0          -1.7582190338E+00  -2.7388335835E+00   2.2020560485E+00
H12        1.0          -2.4983020954E+00  -2.5284063286E+00   3.8727988201E+00
H13        1.0          -2.0634715377E+00  -4.4894096391E+00   1.7253102726E+00
O14        8.0           1.7592833421E+00   2.7395761995E+00  -2.2008810998E+00
H15        1.0           2.0735710395E+00   4.4882436959E+00  -1.7229126711E+00
H16        1.0           2.4926902225E+00   2.5281251590E+00  -3.8744716886E+00
O17        8.0          -1.4969531667E+00   2.8891184661E+00   2.2040950630E+00
H18        1.0          -9.5862047848E-01   3.4100585356E+00   3.8840842645E+00
H19        1.0          -2.8463272200E+00   4.0424024320E+00   1.7200795107E+00
</Nuclei of Molecule>
<Total Number of CPs of DelSqRho>
    97
</Total Number of CPs of DelSqRho>
<Number of (3,+3) CPs of DelSqRho>
    17
</Number of (3,+3) CPs of DelSqRho>
<Number of (3,+1) CPs of DelSqRho>
    36
</Number of (3,+1) CPs of DelSqRho>
<Number of (3,-1) CPs of DelSqRho>
    32
</Number of (3,-1) CPs of DelSqRho>
<Number of (3,-3) CPs of DelSqRho>
    12
</Number of (3,-3) CPs of DelSqRho>
<Number of Degenerate CPs of DelSqRho>
     0
</Number of Degenerate CPs of DelSqRho>
<CP of DelSqRho>
CP# = 1       
Type = (3,+3)
Coords = -2.56984450361986E-04  1.19411308663072E-03  4.24957922999627E-04
DistFromNuc =  4.3823896568E-12
Rho =  6.9364443552E+03
DelSqRho = -7.9784734487E+08
GradDelSqRho =  1.0579824448E-05 -2.8312206268E-06 -1.0475516319E-05
HessDelSqRho_EigVals =  4.2571026286E+14  4.2571026286E+14  4.2571026639E+14
HessDelSqRho_EigVec1 =  8.7724793285E-01  4.8003612411E-01  1.1763796088E-03
HessDelSqRho_EigVec2 = -4.8003589985E-01  8.7724871049E-01 -4.8456081676E-04
HessDelSqRho_EigVec3 = -1.2645841912E-03 -1.3962446922E-04  9.9999919067E-01
</CP of DelSqRho>
<CP of DelSqRho>
CP# = 2       
Type = (3,+3)
Coords = -1.01880925563035E-01 -1.58137951261140E-01  6.19645347555178E-03
DistFromNuc =  1.8906994023E-01
Rho =  5.8899722470E+01
DelSqRho = -2.6485889636E+03
GradDelSqRho =  6.1845639721E-11  3.6379788071E-12  9.0949470177E-12
HessDelSqRho_EigVals =  7.3667217685E+01  8.4662524606E+03  3.2792224025E+06
HessDelSqRho_EigVec1 =  8.4305803955E-01 -5.3781522519E-01 -2.8152265795E-03
HessDelSqRho_EigVec2 =  1.8773392937E-02  2.4196328349E-02  9.9953093870E-01
HessDelSqRho_EigVec3 =  5.3749483873E-01  8.4271544501E-01 -3.0495525692E-02
</CP of DelSqRho>
<CP of DelSqRho>
CP# = 3       
Type = (3,+3)
Coords =  1.88251455048544E-01 -1.20088849568862E-02  6.56367757721630E-03
DistFromNuc =  1.8906992040E-01
Rho =  5.8899760032E+01
DelSqRho = -2.6486003524E+03
GradDelSqRho = -3.2741809264E-11  2.0008883439E-11 -5.4569682106E-12
HessDelSqRho_EigVals =  7.4342358205E+01  8.4697733117E+03  3.2792268961E+06
HessDelSqRho_EigVec1 =  6.9763470446E-02  9.9755843769E-01  3.1971201645E-03
HessDelSqRho_EigVec2 = -3.2582171579E-02 -9.2463350466E-04  9.9946863240E-01
HessDelSqRho_EigVec3 =  9.9703132362E-01 -6.9830569515E-02  3.2438114535E-02
</CP of DelSqRho>
<CP of DelSqRho>
CP# = 4       
Type = (3,+3)
Coords = -1.88615786681151E-01  1.63713448781311E-02 -5.74151099913758E-03
DistFromNuc =  1.8906986032E-01
Rho =  5.8899833123E+01
DelSqRho = -2.6486107484E+03
GradDelSqRho =  2.0008883439E-11 -1.8189894035E-11  1.8189894035E-12
HessDelSqRho_EigVals =  7.4585653851E+01  8.4698589721E+03  3.2792373608E+06
HessDelSqRho_EigVec1 =  8.0070478512E-02  9.9676110803E-01  7.4841151740E-03
HessDelSqRho_EigVec2 = -3.3081252612E-02 -4.8467974320E-03  9.9944091335E-01
HessDelSqRho_EigVec3 =  9.9624010620E-01 -8.0273296081E-02  3.2586020619E-02
</CP of DelSqRho>
<CP of DelSqRho>
CP# = 5       
Type = (3,+1)
Coords =  1.40213023401842E-02  1.89723690506872E-01  1.84888120494490E-04
DistFromNuc =  1.8906963973E-01
Rho =  5.8899646079E+01
DelSqRho = -2.6484898004E+03
GradDelSqRho = -2.0008883439E-11 -5.0931703299E-11 -1.3642420527E-11
HessDelSqRho_EigVals = -7.5065414902E+01  8.5494321485E+03  3.2792587329E+06
HessDelSqRho_EigVec1 =  9.9280476707E-01 -7.5308594029E-02 -9.3098389573E-02
HessDelSqRho_EigVec2 =  9.2927928311E-02 -5.7721152241E-03  9.9565610671E-01
HessDelSqRho_EigVec3 =  7.5518836164E-02  9.9714356958E-01 -1.2676881165E-03
</CP of DelSqRho>
<CP of DelSqRho>
CP# = 6       
Type = (3,+3)
Coords = -4.70304060507966E-04  1.14207393505040E-03  1.89606873936239E-01
DistFromNuc =  1.8918204344E-01
Rho =  5.8988106423E+01
DelSqRho = -2.6829386008E+03
GradDelSqRho =  4.5474735089E-12  1.8189894035E-12 -5.6388671510E-11
HessDelSqRho_EigVals =  1.2312852144E+04  1.2314707072E+04  3.2692956590E+06
HessDelSqRho_EigVec1 =  9.8346389157E-01 -1.8110121621E-01  1.0599398514E-03
HessDelSqRho_EigVec2 =  1.8110080266E-01  9.8346442432E-01  4.7474152496E-04
HessDelSqRho_EigVec3 = -1.1283894033E-03 -2.7493518977E-04  9.9999932557E-01
</CP of DelSqRho>
<CP of DelSqRho>
CP# = 7       
Type = (3,+3)
Coords = -5.39337110563565E-05  1.23025765677593E-03 -1.88757044173827E-01
DistFromNuc =  1.8918211452E-01
Rho =  5.8987990910E+01
DelSqRho = -2.6829121147E+03
GradDelSqRho =  1.8189894035E-12 -2.7284841053E-12  6.6165739554E-11
HessDelSqRho_EigVals =  1.2299686536E+04  1.2321332502E+04  3.2692810025E+06
HessDelSqRho_EigVec1 =  8.5135103370E-01  5.2459545328E-01  1.0138149269E-03
HessDelSqRho_EigVec2 = -5.2459533457E-01  8.5135161604E-01 -4.0101891186E-04
HessDelSqRho_EigVec3 = -1.0734856743E-03 -1.9043471565E-04  9.9999940568E-01
</CP of DelSqRho>
<CP of DelSqRho>
CP# = 8       
Type = (3,+1)
Coords =  1.43678344230598E-01 -7.40334049491203E-03  1.22735589329113E-01
DistFromNuc =  1.8907983924E-01
Rho =  5.8860911884E+01
DelSqRho = -2.6203989781E+03
GradDelSqRho = -7.2759576142E-12 -3.6379788071E-12 -4.3200998334E-12
HessDelSqRho_EigVals = -9.7072293836E+03  1.1879326930E+03  3.2769953033E+06
HessDelSqRho_EigVec1 = -6.4541292658E-01  3.8267746800E-02  7.6287465140E-01
HessDelSqRho_EigVec2 =  5.9443111871E-02  9.9823167126E-01  2.1664889964E-04
HessDelSqRho_EigVec3 =  7.6151734757E-01 -4.5487471247E-02  6.4654637831E-01
</CP of DelSqRho>
<CP of DelSqRho>
CP# = 9       
Type = (3,+1)
Coords = -1.44224542005007E-01  8.99819122217971E-03 -1.21900780978966E-01
DistFromNuc =  1.8907973890E-01
Rho =  5.8861027503E+01
DelSqRho = -2.6204278536E+03
GradDelSqRho =  5.0931703299E-11  3.6379788071E-12  9.0949470177E-12
HessDelSqRho_EigVals = -9.7026508254E+03  1.1919194483E+03  3.2770145187E+06
HessDelSqRho_EigVec1 = -6.4566095823E-01  3.5315384002E-02  7.6280715169E-01
HessDelSqRho_EigVec2 =  5.4329712069E-02  9.9852302116E-01 -2.4206638872E-04
HessDelSqRho_EigVec3 =  7.6168905033E-01 -4.1286800099E-02  6.4662600531E-01
</CP of DelSqRho>
<CP of DelSqRho>
CP# = 10      
Type = (3,-1)
Coords =  2.47352413072924E-02  3.41472731061076E-01  8.32506062162384E-06
DistFromNuc =  3.4119543194E-01
Rho =  1.3381771799E+01
DelSqRho =  7.3508529430E+02
GradDelSqRho = -3.8724579099E-13 -2.2737367544E-13 -5.9685589804E-13
HessDelSqRho_EigVals = -1.7503901569E+05 -2.1055831137E+01  2.1573780470E+03
HessDelSqRho_EigVec1 =  7.3249004813E-02  9.9731293410E-01 -1.2226054307E-03
HessDelSqRho_EigVec2 =  9.9250854391E-01 -7.3016224324E-02 -9.7956221099E-02
HessDelSqRho_EigVec3 =  9.7782276310E-02 -5.9617493749E-03  9.9518997382E-01
</CP of DelSqRho>
<CP of DelSqRho>
CP# = 11      
Type = (3,+1)
Coords = -6.23872491126940E-04  1.10367755150445E-03  3.41957978961588E-01
DistFromNuc =  3.4153323007E-01
Rho =  1.3650679421E+01
DelSqRho =  7.0036532844E+02
GradDelSqRho = -4.9737991503E-13  0.0000000000E+00 -3.1832314562E-12
HessDelSqRho_EigVals = -1.7337599124E+05  3.3192049406E+03  3.3217438762E+03
HessDelSqRho_EigVec1 = -1.0737966613E-03 -2.6377343794E-04  9.9999938869E-01
HessDelSqRho_EigVec2 =  8.7990945669E-01  4.7514019273E-01  1.0701738532E-03
HessDelSqRho_EigVec3 = -4.7514018456E-01  8.7991006795E-01 -2.7810721014E-04
</CP of DelSqRho>
<CP of DelSqRho>
CP# = 12      
Type = (3,+1)
Coords = -7.96020090991331E-02 -1.19492397366692E-01  1.22450832531124E-01
DistFromNuc =  1.8907982657E-01
Rho =  5.8860917385E+01
DelSqRho = -2.6203977831E+03
GradDelSqRho =  1.4551915228E-11 -3.6379788071E-12  2.1827872843E-11
HessDelSqRho_EigVals = -9.7055646294E+03  1.1859217496E+03  3.2769955540E+06
HessDelSqRho_EigVec1 =  3.5332276708E-01  5.3966753408E-01  7.6414787503E-01
HessDelSqRho_EigVec2 =  8.3602671095E-01 -5.4868793167E-01  9.4457136055E-04
HessDelSqRho_EigVec3 =  4.1978847154E-01  6.3851429608E-01 -6.4504041181E-01
</CP of DelSqRho>
<CP of DelSqRho>
CP# = 13      
Type = (3,+1)
Coords =  7.95328967181028E-02  1.21543580759597E-01 -1.21643484857686E-01
DistFromNuc =  1.8907967693E-01
Rho =  5.8861106986E+01
DelSqRho = -2.6204466091E+03
GradDelSqRho =  7.2759576142E-12  0.0000000000E+00  2.9103830457E-11
HessDelSqRho_EigVals = -9.7007516775E+03  1.1958291545E+03  3.2770253878E+06
HessDelSqRho_EigVec1 =  3.5526151967E-01  5.3866212753E-01  7.6395835293E-01
HessDelSqRho_EigVec2 =  8.3401603334E-01 -5.5173892957E-01  1.1873189203E-03
HessDelSqRho_EigVec3 =  4.2214512761E-01  6.3673170642E-01 -6.4526446149E-01
</CP of DelSqRho>
<CP of DelSqRho>
CP# = 14      
Type = (3,-1)
Coords = -2.63666339042887E-01  1.61584238065639E-02 -2.15620277494825E-01
DistFromNuc =  3.4100434371E-01
Rho =  1.3331070351E+01
DelSqRho =  7.5691233478E+02
GradDelSqRho =  3.0411229091E-12 -7.5495165675E-13  2.6858515412E-12
HessDelSqRho_EigVals = -1.7596730254E+05 -2.5106159678E+03  3.1637469202E+02
HessDelSqRho_EigVec1 =  7.7249189815E-01 -4.3889230944E-02  6.3350611892E-01
HessDelSqRho_EigVec2 = -6.3248373178E-01  3.5976836984E-02  7.7373767921E-01
HessDelSqRho_EigVec3 =  5.6750298061E-02  9.9838840268E-01 -3.2590518568E-05
</CP of DelSqRho>
<CP of DelSqRho>
CP# = 15      
Type = (3,+1)
Coords =  6.45437062795102E-02 -1.27776282730788E-01 -1.21717175075920E-01
DistFromNuc =  1.8907985924E-01
Rho =  5.8860878275E+01
DelSqRho = -2.6203653851E+03
GradDelSqRho =  5.2580162446E-12 -2.5465851650E-11  0.0000000000E+00
HessDelSqRho_EigVals = -9.7170680911E+03  1.1791783320E+03  3.2769888664E+06
HessDelSqRho_EigVec1 =  2.8874059156E-01 -5.7749513686E-01  7.6362833740E-01
HessDelSqRho_EigVec2 =  8.9391853793E-01  4.4822841341E-01  9.6795975732E-04
HessDelSqRho_EigVec3 = -3.4283891016E-01  6.8234203762E-01  6.4565534565E-01
</CP of DelSqRho>
<CP of DelSqRho>
CP# = 16      
Type = (3,+1)
Coords = -1.37202840786330E-02 -1.87395630157792E-01  6.03873160671329E-04
DistFromNuc =  1.8906978528E-01
Rho =  5.8899479113E+01
DelSqRho = -2.6484596342E+03
GradDelSqRho =  1.6370904632E-11  1.4551915228E-11 -9.0949470177E-12
HessDelSqRho_EigVals = -7.3557459506E+01  8.5429154578E+03  3.2792335475E+06
HessDelSqRho_EigVec1 =  9.9322582493E-01 -7.0993409579E-02 -9.1991284884E-02
HessDelSqRho_EigVec2 =  9.1824807248E-02 -5.6119769587E-03  9.9575936375E-01
HessDelSqRho_EigVec3 =  7.1208605324E-02  9.9746099749E-01 -9.4499570624E-04
</CP of DelSqRho>
<CP of DelSqRho>
CP# = 17      
Type = (3,-1)
Coords =  8.03979627658555E-02  1.23637403122065E-01  1.19802901764718E-01
DistFromNuc =  1.8907319551E-01
Rho =  5.8850474226E+01
DelSqRho = -2.6148182274E+03
GradDelSqRho =  2.1373125492E-11  9.0949470177E-13  8.0262907431E-11
HessDelSqRho_EigVals = -1.0400000433E+04 -1.1833410217E+03  3.2774554723E+06
HessDelSqRho_EigVec1 = -3.4775487774E-01 -5.2658924775E-01  7.7573855722E-01
HessDelSqRho_EigVec2 = -8.3484741790E-01  5.5048111685E-01 -5.7342067297E-04
HessDelSqRho_EigVec3 =  4.2672747020E-01  6.4782274130E-01  6.3105416727E-01
</CP of DelSqRho>
<CP of DelSqRho>
CP# = 18      
Type = (3,-1)
Coords = -8.03726386072689E-02 -1.21603437269138E-01 -1.18952035039377E-01
DistFromNuc =  1.8907306224E-01
Rho =  5.8850624866E+01
DelSqRho = -2.6148738219E+03
GradDelSqRho = -2.8194335755E-11 -1.4551915228E-11 -6.8212102633E-12
HessDelSqRho_EigVals = -1.0387572136E+04 -1.1733448542E+03  3.2774836380E+06
HessDelSqRho_EigVec1 =  3.4518824895E-01  5.2826975267E-01 -7.7574231624E-01
HessDelSqRho_EigVec2 =  8.3736092478E-01 -5.4665031054E-01  3.4589709569E-04
HessDelSqRho_EigVec3 =  4.2387705110E-01  6.4969570293E-01  6.3104971211E-01
</CP of DelSqRho>
<CP of DelSqRho>
CP# = 19      
Type = (3,+3)
Coords =  1.00987090632623E-01  1.60764381885826E-01 -5.43713257737141E-03
DistFromNuc =  1.8906982183E-01
Rho =  5.8899859840E+01
DelSqRho = -2.6486177899E+03
GradDelSqRho = -2.5465851650E-11  9.0949470177E-12  3.6379788071E-12
HessDelSqRho_EigVals =  7.5701370577E+01  8.4708278193E+03  3.2792436471E+06
HessDelSqRho_EigVec1 =  8.4429936690E-01 -5.3585346926E-01 -4.4315374895E-03
HessDelSqRho_EigVec2 =  2.0339375139E-02  2.3781042895E-02  9.9951026599E-01
HessDelSqRho_EigVec3 =  5.3548565701E-01  8.4397601949E-01 -3.0977244191E-02
</CP of DelSqRho>
<CP of DelSqRho>
CP# = 20      
Type = (3,+1)
Coords = -6.53119908183115E-02  1.30014615134590E-01  1.22589683764649E-01
DistFromNuc =  1.8907960186E-01
Rho =  5.8861225359E+01
DelSqRho = -2.6204437954E+03
GradDelSqRho =  1.5916157281E-11  5.4569682106E-12 -2.9103830457E-11
HessDelSqRho_EigVals = -9.7114887636E+03  1.1932569641E+03  3.2770386642E+06
HessDelSqRho_EigVec1 =  2.8976517108E-01 -5.7711562140E-01  7.6352714763E-01
HessDelSqRho_EigVec2 =  8.9306877095E-01  4.4991872305E-01  1.1458639457E-03
HessDelSqRho_EigVec3 = -3.4418645526E-01  6.8155021985E-01  6.4577471446E-01
</CP of DelSqRho>
<CP of DelSqRho>
CP# = 21      
Type = (3,+3)
Coords = -8.54958748249816E-02  1.69853633441252E-01  6.40128824678682E-03
DistFromNuc =  1.8906987798E-01
Rho =  5.8900008289E+01
DelSqRho = -2.6486590337E+03
GradDelSqRho =  1.4551915228E-11  2.5465851650E-11 -8.6401996668E-12
HessDelSqRho_EigVals =  8.0107895330E+01  8.4827144990E+03  3.2792418701E+06
HessDelSqRho_EigVec1 =  8.9251525968E-01  4.5101462661E-01  1.5224367575E-03
HessDelSqRho_EigVec2 =  1.2885913332E-02 -2.8873896888E-02  9.9950000066E-01
HessDelSqRho_EigVec3 = -4.5083307828E-01  8.9204938465E-01  3.1582128969E-02
</CP of DelSqRho>
<CP of DelSqRho>
CP# = 22      
Type = (3,+3)
Coords =  8.49005418737000E-02 -1.67510292194147E-01 -5.44900512386212E-03
DistFromNuc =  1.8907005076E-01
Rho =  5.8899800851E+01
DelSqRho = -2.6486207224E+03
GradDelSqRho = -4.7293724492E-11  4.3655745685E-11  6.3664629124E-12
HessDelSqRho_EigVals =  7.7112684443E+01  8.4790591225E+03  3.2792112431E+06
HessDelSqRho_EigVec1 =  8.9273902604E-01  4.5057078760E-01  1.7311112111E-03
HessDelSqRho_EigVec2 =  1.2440143899E-02 -2.8488479235E-02  9.9951670790E-01
HessDelSqRho_EigVec3 = -4.5040234702E-01  8.9228603705E-01  3.1037942640E-02
</CP of DelSqRho>
<CP of DelSqRho>
CP# = 23      
Type = (3,-3)
Coords =  1.46596129647327E-01  2.25247659061023E-01  2.11349123428366E-01
DistFromNuc =  3.4096162860E-01
Rho =  1.3306315965E+01
DelSqRho =  7.6186860680E+02
GradDelSqRho =  3.1974423109E-12  3.6664005165E-12  2.5863755582E-12
HessDelSqRho_EigVals = -1.7617614762E+05 -2.7073711320E+03 -3.1322363086E+02
HessDelSqRho_EigVec1 =  4.3072399618E-01  6.5714859770E-01  6.1857300269E-01
HessDelSqRho_EigVec2 = -3.3953595845E-01 -5.1705712082E-01  7.8572722158E-01
HessDelSqRho_EigVec3 =  8.3617711762E-01 -5.4845934612E-01  4.1666963517E-04
</CP of DelSqRho>
<CP of DelSqRho>
CP# = 24      
Type = (3,-1)
Coords =  3.04490433927837E-01  1.54631423976597E-01  7.55597635595067E-04
DistFromNuc =  3.4119511530E-01
Rho =  1.3381515881E+01
DelSqRho =  7.3511690047E+02
GradDelSqRho =  6.7643668444E-12  7.7449158198E-12 -3.9079850467E-14
HessDelSqRho_EigVals = -1.7504022914E+05 -2.2288031122E+01  2.1543445165E+03
HessDelSqRho_EigVec1 =  8.9317652841E-01  4.4970517071E-01  9.7392900769E-04
HessDelSqRho_EigVec2 = -4.4739204450E-01  8.8879759888E-01 -9.9394098132E-02
HessDelSqRho_EigVec3 = -4.5563665632E-02  8.8340747424E-02  9.9504766957E-01
</CP of DelSqRho>
<CP of DelSqRho>
CP# = 25      
Type = (3,-1)
Coords = -3.05024615523608E-01 -1.52202602706454E-01  6.37434682632624E-05
DistFromNuc =  3.4119494698E-01
Rho =  1.3381535613E+01
DelSqRho =  7.3511800363E+02
GradDelSqRho = -6.7075234256E-12 -2.6147972676E-12  1.1368683772E-12
HessDelSqRho_EigVals = -1.7504067328E+05 -2.2277998638E+01  2.1542023218E+03
HessDelSqRho_EigVec1 =  8.9323583531E-01  4.4958717786E-01  1.0545285670E-03
HessDelSqRho_EigVec2 = -4.4726923376E-01  8.8886360996E-01 -9.9356506624E-02
HessDelSqRho_EigVec3 = -4.5606743484E-02  8.8277134004E-02  9.9505134167E-01
</CP of DelSqRho>
<CP of DelSqRho>
CP# = 26      
Type = (3,-1)
Coords = -2.53601442556021E-02 -3.39076075922166E-01  8.56023831818517E-04
DistFromNuc =  3.4119518751E-01
Rho =  1.3381800842E+01
DelSqRho =  7.3508473422E+02
GradDelSqRho = -1.0800249584E-12 -6.5938365879E-12 -7.3896444519E-13
HessDelSqRho_EigVals = -1.7503920046E+05 -2.0987319855E+01  2.1572058383E+03
HessDelSqRho_EigVec1 =  7.3574079736E-02  9.9728895408E-01 -1.2636658832E-03
HessDelSqRho_EigVec2 =  9.9249772623E-01 -7.3344559673E-02 -9.7820442607E-02
HessDelSqRho_EigVec3 =  9.7647929914E-02 -5.9428635285E-03  9.9520327781E-01
</CP of DelSqRho>
<CP of DelSqRho>
CP# = 27      
Type = (3,+1)
Coords =  1.07516690643597E-04  1.27818050054670E-03 -3.41107605247380E-01
DistFromNuc =  3.4153276802E-01
Rho =  1.3650736118E+01
DelSqRho =  7.0036790017E+02
GradDelSqRho =  1.6484591470E-12  5.1159076975E-13 -1.8758328224E-12
HessDelSqRho_EigVals = -1.7337733219E+05  3.3188295684E+03  3.3219626794E+03
HessDelSqRho_EigVec1 = -1.0674101789E-03 -2.4734502693E-04  9.9999939973E-01
HessDelSqRho_EigVec2 =  8.6939152474E-01  4.9412273147E-01  1.0502167937E-03
HessDelSqRho_EigVec3 = -4.9412269463E-01  8.6939212388E-01 -3.1239196310E-04
</CP of DelSqRho>
<CP of DelSqRho>
CP# = 28      
Type = (3,-3)
Coords =  1.19896071856327E-01 -2.38318629233810E-01  2.11262194890429E-01
DistFromNuc =  3.4096253631E-01
Rho =  1.3306202207E+01
DelSqRho =  7.6187789005E+02
GradDelSqRho =  2.6716406865E-12 -4.2064129957E-12  3.5242919694E-12
HessDelSqRho_EigVals = -1.7617347084E+05 -2.7101081137E+03 -3.1394296495E+02
HessDelSqRho_EigVec1 = -3.5240805111E-01  7.0249162324E-01 -6.1831552203E-01
HessDelSqRho_EigVec2 = -2.7852045091E-01  5.5203413927E-01  7.8592917461E-01
HessDelSqRho_EigVec3 =  8.9343993863E-01  4.4918128674E-01  1.1170084965E-03
</CP of DelSqRho>
<CP of DelSqRho>
CP# = 29      
Type = (3,-3)
Coords = -1.20440892991382E-01  2.40688757604533E-01 -2.10413270121108E-01
DistFromNuc =  3.4096131016E-01
Rho =  1.3306361457E+01
DelSqRho =  7.6188687069E+02
GradDelSqRho =  1.4210854715E-12  2.2737367544E-13  3.1263880373E-12
HessDelSqRho_EigVals = -1.7617741573E+05 -2.7104801992E+03 -3.1433205858E+02
HessDelSqRho_EigVec1 = -3.5250059963E-01  7.0243918186E-01 -6.1832234558E-01
HessDelSqRho_EigVec2 = -2.7858821356E-01  5.5200757113E-01  7.8592381862E-01
HessDelSqRho_EigVec3 =  8.9338230032E-01  4.4929593498E-01  1.1082769847E-03
</CP of DelSqRho>
<CP of DelSqRho>
CP# = 30      
Type = (3,-3)
Coords = -1.47025784444014E-01 -2.22915713582676E-01 -2.10499665140185E-01
DistFromNuc =  3.4096259572E-01
Rho =  1.3306198503E+01
DelSqRho =  7.6186134726E+02
GradDelSqRho = -2.5011104299E-12  1.1368683772E-12 -1.3926637621E-12
HessDelSqRho_EigVals = -1.7617321502E+05 -2.7069631418E+03 -3.1289573310E+02
HessDelSqRho_EigVec1 =  4.3047065294E-01  6.5731498540E-01  6.1857257207E-01
HessDelSqRho_EigVec2 = -3.3931404158E-01 -5.1720224746E-01  7.8572757137E-01
HessDelSqRho_EigVec3 =  8.3639763160E-01 -5.4812302012E-01  3.9581512444E-04
</CP of DelSqRho>
<CP of DelSqRho>
CP# = 31      
Type = (3,-1)
Coords =  2.63140637708807E-01 -1.39666125854325E-02  2.16470239511041E-01
DistFromNuc =  3.4100398628E-01
Rho =  1.3331116088E+01
DelSqRho =  7.5691351206E+02
GradDelSqRho = -4.0358827391E-12  2.2737367544E-13 -5.8832938521E-12
HessDelSqRho_EigVals = -1.7596807657E+05 -2.5107932863E+03  3.1631176315E+02
HessDelSqRho_EigVec1 =  7.7245979080E-01 -4.4457007341E-02  6.3350567961E-01
HessDelSqRho_EigVec2 = -6.3246025305E-01  3.6379591085E-02  7.7373803943E-01
HessDelSqRho_EigVec3 =  5.7444755273E-02  9.9834868651E-01  1.5518793567E-05
</CP of DelSqRho>
<CP of DelSqRho>
CP# = 32      
Type = (3,-3)
Coords = -2.68085170679135E-01  1.67721443262197E-02  2.10854224824982E-01
DistFromNuc =  3.4096200487E-01
Rho =  1.3306276064E+01
DelSqRho =  7.6186760651E+02
GradDelSqRho = -2.9558577808E-12 -3.4106051316E-13  2.9558577808E-12
HessDelSqRho_EigVals = -1.7617518777E+05 -2.7074554228E+03 -3.1325948495E+02
HessDelSqRho_EigVec1 =  7.8554153087E-01 -4.5686944904E-02 -6.1712009070E-01
HessDelSqRho_EigVec2 =  6.1602757610E-01 -3.6711212708E-02  7.8686867541E-01
HessDelSqRho_EigVec3 =  5.8604852736E-02  9.9828101751E-01  6.9376430172E-04
</CP of DelSqRho>
<CP of DelSqRho>
CP# = 33      
Type = (3,-3)
Coords =  2.67559119105083E-01 -1.45236419696770E-02 -2.10009667271067E-01
DistFromNuc =  3.4096223344E-01
Rho =  1.3306241382E+01
DelSqRho =  7.6186611503E+02
GradDelSqRho = -3.8653524825E-12 -3.9790393203E-13  2.8990143619E-12
HessDelSqRho_EigVals = -1.7617439163E+05 -2.7074157830E+03 -3.1315968418E+02
HessDelSqRho_EigVec1 =  7.8550408054E-01 -4.6104702928E-02 -6.1713669135E-01
HessDelSqRho_EigVec2 =  6.1602370867E-01 -3.7053774538E-02  7.8685564632E-01
HessDelSqRho_EigVec3 =  5.9144989641E-02  9.9824915435E-01  7.0430101439E-04
</CP of DelSqRho>
<CP of DelSqRho>
CP# = 34      
Type = (3,-1)
Coords = -2.88187894164500E-01  1.84250191253916E-01 -3.45660377809784E-04
DistFromNuc =  3.4119544307E-01
Rho =  1.3381798356E+01
DelSqRho =  7.3508196220E+02
GradDelSqRho =  3.6948222260E-12 -1.7621459847E-12 -3.4106051316E-13
HessDelSqRho_EigVals = -1.7503890719E+05 -2.0845357055E+01  2.1576487081E+03
HessDelSqRho_EigVec1 =  8.4388873682E-01 -5.3651345314E-01  2.2615172794E-03
HessDelSqRho_EigVec2 =  5.3364758820E-01  8.3980152500E-01  9.9767981936E-02
HessDelSqRho_EigVec3 = -5.5426090162E-02 -8.2986223009E-02  9.9500815842E-01
</CP of DelSqRho>
<CP of DelSqRho>
CP# = 35      
Type = (3,-1)
Coords =  2.87493435011607E-01 -1.82145242225531E-01  1.17896454717251E-03
DistFromNuc =  3.4119523976E-01
Rho =  1.3381829475E+01
DelSqRho =  7.3508049486E+02
GradDelSqRho =  6.8780536822E-12 -1.6484591470E-12 -4.0856207306E-14
HessDelSqRho_EigVals = -1.7503900571E+05 -2.0815257089E+01  2.1576254867E+03
HessDelSqRho_EigVec1 =  8.4335988724E-01 -5.3734460712E-01  2.2076653325E-03
HessDelSqRho_EigVec2 =  5.3448386396E-01  8.3927951293E-01  9.9683992357E-02
HessDelSqRho_EigVec3 = -5.5417503994E-02 -8.2889519057E-02  9.9501669729E-01
</CP of DelSqRho>
<CP of DelSqRho>
CP# = 36      
Type = (3,-1)
Coords = -1.45642171528893E-01 -2.19456183597074E-01  2.15971315331281E-01
DistFromNuc =  3.4100386837E-01
Rho =  1.3331138657E+01
DelSqRho =  7.5691226900E+02
GradDelSqRho = -6.8212102633E-13  1.5916157281E-12 -4.5474735089E-13
HessDelSqRho_EigVals = -1.7596843636E+05 -2.5104920950E+03  3.1637266302E+02
HessDelSqRho_EigVec1 =  4.2637000766E-01  6.4709499864E-01 -6.3204167530E-01
HessDelSqRho_EigVec2 =  3.4664398304E-01  5.2850324665E-01  7.7493371801E-01
HessDelSqRho_EigVec3 =  8.3549181061E-01 -5.4950193905E-01  1.0263455895E-03
</CP of DelSqRho>
<CP of DelSqRho>
CP# = 37      
Type = (3,-1)
Coords =  1.45234356515786E-01  2.21767622030953E-01 -2.15129441323046E-01
DistFromNuc =  3.4100454862E-01
Rho =  1.3331051787E+01
DelSqRho =  7.5690964089E+02
GradDelSqRho = -2.2737367544E-12 -1.2505552149E-12  2.7284841053E-12
HessDelSqRho_EigVals = -1.7596679878E+05 -2.5103567369E+03  3.1661920141E+02
HessDelSqRho_EigVec1 =  4.2667381668E-01  6.4686970166E-01 -6.3206727746E-01
HessDelSqRho_EigVec2 =  3.4689316198E-01  5.2837039461E-01  7.7491280817E-01
HessDelSqRho_EigVec3 =  8.3523325385E-01 -5.4989482192E-01  1.0471366886E-03
</CP of DelSqRho>
<CP of DelSqRho>
CP# = 38      
Type = (3,+1)
Coords = -3.40286426149528E-01  2.68177236478188E-02 -1.13357689579215E-02
DistFromNuc =  3.4119628564E-01
Rho =  1.3382419587E+01
DelSqRho =  7.3496493336E+02
GradDelSqRho = -9.8907548818E-12  1.1652900866E-12 -1.1368683772E-12
HessDelSqRho_EigVals = -1.7503443075E+05  2.1141332517E+01  2.1350239823E+03
HessDelSqRho_EigVec1 =  9.9657983827E-01 -7.5099007283E-02  3.4478472264E-02
HessDelSqRho_EigVec2 =  7.4944727347E-02  9.9717112704E-01  5.7472811267E-03
HessDelSqRho_EigVec3 = -3.4812552154E-02 -3.1436447926E-03  9.9938891514E-01
</CP of DelSqRho>
<CP of DelSqRho>
CP# = 39      
Type = (3,+1)
Coords =  3.39758508549724E-01 -2.46163191764224E-02  1.21785232084443E-02
DistFromNuc =  3.4119621949E-01
Rho =  1.3382435700E+01
DelSqRho =  7.3496322904E+02
GradDelSqRho =  1.4495071810E-12  1.1368683772E-13 -5.0626169923E-13
HessDelSqRho_EigVals = -1.7503435744E+05  2.1168665469E+01  2.1351150994E+03
HessDelSqRho_EigVec1 =  9.9653900797E-01 -7.5647218644E-02  3.4460178624E-02
HessDelSqRho_EigVec2 =  7.5492891396E-02  9.9712970573E-01  5.7596267072E-03
HessDelSqRho_EigVec3 = -3.4796967511E-02 -3.1381941628E-03  9.9938947502E-01
</CP of DelSqRho>
<CP of DelSqRho>
CP# = 40      
Type = (3,-1)
Coords = -1.19086797943756E-01  2.37018276631620E-01  2.16180793497456E-01
DistFromNuc =  3.4100460593E-01
Rho =  1.3331048537E+01
DelSqRho =  7.5692743641E+02
GradDelSqRho = -1.5631940187E-12  2.7853275242E-12  2.3590018827E-12
HessDelSqRho_EigVals = -1.7596718047E+05 -2.5136129563E+03  3.1555270213E+02
HessDelSqRho_EigVec1 = -3.4848704031E-01  6.9159381549E-01  6.3265691896E-01
HessDelSqRho_EigVec2 =  2.8347053698E-01 -5.6559733800E-01  7.7443147270E-01
HessDelSqRho_EigVec3 =  8.9342108627E-01  4.4921892839E-01  1.0568720758E-03
</CP of DelSqRho>
<CP of DelSqRho>
CP# = 41      
Type = (3,+1)
Coords =  1.82814989973027E-01  2.88901252404714E-01 -1.07209776912306E-02
DistFromNuc =  3.4119639171E-01
Rho =  1.3382386025E+01
DelSqRho =  7.3496631328E+02
GradDelSqRho = -4.6043169277E-12 -1.7053025658E-12  2.8244073746E-13
HessDelSqRho_EigVals = -1.7503420644E+05  2.1183396077E+01  2.1348074322E+03
HessDelSqRho_EigVec1 =  5.3655874407E-01  8.4323014807E-01 -3.2674631575E-02
HessDelSqRho_EigVec2 =  8.4360770389E-01 -5.3694650484E-01 -3.8069501982E-03
HessDelSqRho_EigVec3 =  2.0754664400E-02  2.5521918501E-02  9.9945879134E-01
</CP of DelSqRho>
<CP of DelSqRho>
CP# = 42      
Type = (3,+1)
Coords =  1.53466350926431E-01 -3.03200981108232E-01 -1.08759021591828E-02
DistFromNuc =  3.4119634619E-01
Rho =  1.3382704972E+01
DelSqRho =  7.3493254540E+02
GradDelSqRho = -1.1368683772E-12  9.7770680441E-12  1.0391687510E-13
HessDelSqRho_EigVals = -1.7503332651E+05  2.2228955418E+01  2.1380383330E+03
HessDelSqRho_EigVec1 = -4.5054197254E-01  8.9214010910E-01  3.3135429835E-02
HessDelSqRho_EigVec2 =  8.9265373008E-01  4.5074005106E-01  1.6506204255E-03
HessDelSqRho_EigVec3 =  1.3462880649E-02 -3.0322138823E-02  9.9944950785E-01
</CP of DelSqRho>
<CP of DelSqRho>
CP# = 43      
Type = (3,+1)
Coords = -1.53951322407714E-01  3.05603425602997E-01  1.17480631606074E-02
DistFromNuc =  3.4119670540E-01
Rho =  1.3382660044E+01
DelSqRho =  7.3493298228E+02
GradDelSqRho = -3.9790393203E-13  4.5474735089E-12  3.4106051316E-13
HessDelSqRho_EigVals = -1.7503287235E+05  2.2290327163E+01  2.1380840854E+03
HessDelSqRho_EigVec1 = -4.5045646170E-01  8.9218114070E-01  3.3193196430E-02
HessDelSqRho_EigVec2 =  8.9269548983E-01  4.5065761603E-01  1.5733882341E-03
HessDelSqRho_EigVec3 =  1.3555019462E-02 -3.0340159643E-02  9.9944771557E-01
</CP of DelSqRho>
<CP of DelSqRho>
CP# = 44      
Type = (3,+1)
Coords = -1.83044326196471E-01 -2.86694342704220E-01  1.15508944302945E-02
DistFromNuc =  3.4119607522E-01
Rho =  1.3382426109E+01
DelSqRho =  7.3496680769E+02
GradDelSqRho =  9.6633812063E-13 -6.8212102633E-12  1.1368683772E-13
HessDelSqRho_EigVals = -1.7503477900E+05  2.1141423330E+01  2.1346941429E+03
HessDelSqRho_EigVec1 =  5.3572518657E-01  8.4376199338E-01 -3.2622431029E-02
HessDelSqRho_EigVec2 =  8.4413460686E-01 -5.3611638073E-01 -3.9989765891E-03
HessDelSqRho_EigVec3 =  2.0863604112E-02  2.5395370512E-02  9.9945974665E-01
</CP of DelSqRho>
<CP of DelSqRho>
CP# = 45      
Type = (3,-1)
Coords =  1.18511462942305E-01 -2.34661474717584E-01 -2.15328586890207E-01
DistFromNuc =  3.4100351097E-01
Rho =  1.3331184406E+01
DelSqRho =  7.5693222387E+02
GradDelSqRho =  3.6948222260E-13  2.9558577808E-12  1.7763568394E-12
HessDelSqRho_EigVals = -1.7596989040E+05 -2.5138258858E+03  3.1520428743E+02
HessDelSqRho_EigVec1 = -3.4831124549E-01  6.9168794581E-01  6.3265082145E-01
HessDelSqRho_EigVec2 =  2.8335016599E-01 -5.6565078596E-01  7.7443648660E-01
HessDelSqRho_EigVec3 =  8.9352781697E-01  4.4900665247E-01  1.0326355091E-03
</CP of DelSqRho>
<CP of DelSqRho>
CP# = 46      
Type = (3,+3)
Coords =  7.62028498691918E-01 -5.90133564465021E-02  2.80706284887163E-02
DistFromNuc =  7.6515905556E-01
Rho =  1.3539485829E+00
DelSqRho = -1.1085767325E+01
GradDelSqRho =  6.6803784726E-12 -5.0898174564E-13  3.7037040101E-13
HessDelSqRho_EigVals =  1.0584941982E+00  9.3308866265E+01  1.2727019896E+03
HessDelSqRho_EigVec1 =  7.8454683533E-02  9.9689154408E-01  7.2188621223E-03
HessDelSqRho_EigVec2 = -3.6043992305E-02 -4.3999584804E-03  9.9934051803E-01
HessDelSqRho_EigVec3 =  9.9626587478E-01 -7.8663140695E-02  3.5586753793E-02
</CP of DelSqRho>
<CP of DelSqRho>
CP# = 47      
Type = (3,+3)
Coords = -7.62551832891380E-01  6.13197307960786E-02 -2.71757582901156E-02
DistFromNuc =  7.6516032660E-01
Rho =  1.3539300176E+00
DelSqRho = -1.1085318462E+01
GradDelSqRho = -1.2434497876E-14  8.8817841970E-16  1.2212453271E-15
HessDelSqRho_EigVals =  1.0481487246E+00  9.3304130410E+01  1.2726767431E+03
HessDelSqRho_EigVec1 =  7.8355660575E-02  9.9690144736E-01  6.9206001459E-03
HessDelSqRho_EigVec2 = -3.5962685798E-02 -4.1109228337E-03  9.9934467805E-01
HessDelSqRho_EigVec3 =  9.9627660601E-01 -7.8553195759E-02  3.5529139449E-02
</CP of DelSqRho>
<CP of DelSqRho>
CP# = 48      
Type = (3,+1)
Coords =  5.80814691156693E-02  7.64213115142460E-01 -8.18549675738436E-04
DistFromNuc =  7.6524696600E-01
Rho =  1.3528333998E+00
DelSqRho = -1.1054343204E+01
GradDelSqRho =  5.7731597281E-15  1.4921397451E-13 -3.5527136788E-15
HessDelSqRho_EigVals = -1.0386321286E+00  9.4288697581E+01  1.2708772349E+03
HessDelSqRho_EigVec1 =  9.9183008635E-01 -7.6020980208E-02 -1.0243969143E-01
HessDelSqRho_EigVec2 =  1.0226365687E-01 -6.2150390009E-03  9.9473791411E-01
HessDelSqRho_EigVec3 =  7.6257617958E-02  9.9708684870E-01 -1.6099207657E-03
</CP of DelSqRho>
<CP of DelSqRho>
CP# = 49      
Type = (3,+1)
Coords = -5.94083329209546E-02 -7.61760327818653E-01  1.73397418399988E-03
DistFromNuc =  7.6524510743E-01
Rho =  1.3528500839E+00
DelSqRho = -1.1054708110E+01
GradDelSqRho =  2.6645352591E-15  7.9269923958E-14 -8.8817841970E-16
HessDelSqRho_EigVals = -1.0504509859E+00  9.4306032790E+01  1.2709128587E+03
HessDelSqRho_EigVec1 =  9.9171581890E-01 -7.7087324618E-02 -1.0274862004E-01
HessDelSqRho_EigVec2 =  1.0257133190E-01 -6.2662394021E-03  9.9470591439E-01
HessDelSqRho_EigVec3 =  7.7323065173E-02  9.9700465326E-01 -1.6926208187E-03
</CP of DelSqRho>
<CP of DelSqRho>
CP# = 50      
Type = (3,+3)
Coords = -1.05448138593465E-03  1.01521118653587E-03  7.46143688096473E-01
DistFromNuc =  7.4571917807E-01
Rho =  1.6663529373E+00
DelSqRho = -1.8285886227E+01
GradDelSqRho = -3.5527136788E-15 -6.2172489379E-15  0.0000000000E+00
HessDelSqRho_EigVals =  1.6064760345E+02  1.6082457677E+02  1.7318327989E+03
HessDelSqRho_EigVec1 =  8.6434580823E-01  5.0289683882E-01  1.0456131470E-03
HessDelSqRho_EigVec2 = -5.0289678699E-01  8.6434640744E-01 -3.3104015289E-04
HessDelSqRho_EigVec3 = -1.0702510136E-03 -2.3970232357E-04  9.9999939855E-01
</CP of DelSqRho>
<CP of DelSqRho>
CP# = 51      
Type = (3,+3)
Coords =  5.42514254348073E-04  1.39531278337230E-03 -7.45289523424739E-01
DistFromNuc =  7.4571493707E-01
Rho =  1.6664054947E+00
DelSqRho = -1.8286882116E+01
GradDelSqRho = -1.1102230246E-14 -3.5527136788E-15 -1.0658141036E-13
HessDelSqRho_EigVals =  1.6069225483E+02  1.6079731977E+02  1.7319429917E+03
HessDelSqRho_EigVec1 =  8.9080641233E-01  4.5438175073E-01  1.0771957823E-03
HessDelSqRho_EigVec2 = -4.5438176434E-01  8.9080702266E-01 -2.4619602024E-04
HessDelSqRho_EigVec3 = -1.0714405463E-03 -2.7014512657E-04  9.9999938952E-01
</CP of DelSqRho>
<CP of DelSqRho>
CP# = 52      
Type = (3,-1)
Coords =  3.36689897638736E-01  5.16897044640986E-01  4.92559529418538E-01
DistFromNuc =  7.8846632865E-01
Rho =  1.1864536819E+00
DelSqRho = -5.3162189007E+00
GradDelSqRho = -1.3711254354E-14  2.2204460493E-15  1.3322676296E-14
HessDelSqRho_EigVals = -9.9506219269E+01 -1.2310948668E+01  8.7945341586E+02
HessDelSqRho_EigVec1 = -3.4142784787E-01 -5.2192466506E-01  7.8167875032E-01
HessDelSqRho_EigVec2 = -8.3704342152E-01  5.4713638787E-01 -2.8906759917E-04
HessDelSqRho_EigVec3 =  4.2753401642E-01  6.5439775142E-01  6.2368120682E-01
</CP of DelSqRho>
<CP of DelSqRho>
CP# = 53      
Type = (3,+1)
Coords =  6.00590113973695E-01 -3.24688033057783E-02  5.02628504616371E-01
DistFromNuc =  7.8381045536E-01
Rho =  1.2269298730E+00
DelSqRho = -6.3572294612E+00
GradDelSqRho = -7.1942451996E-14 -4.4408920985E-16 -3.6859404418E-14
HessDelSqRho_EigVals = -9.5011287337E+01  1.2925190683E+01  9.5029397027E+02
HessDelSqRho_EigVec1 = -6.3946547887E-01  3.6147265330E-02  7.6796958048E-01
HessDelSqRho_EigVec2 =  5.6148199091E-02  9.9842241634E-01 -2.4142229061E-04
HessDelSqRho_EigVec3 =  7.6676677098E-01 -4.2965727680E-02  6.4048627243E-01
</CP of DelSqRho>
<CP of DelSqRho>
CP# = 54      
Type = (3,+1)
Coords = -6.01084245516819E-01  3.55834070112223E-02 -5.01759512087199E-01
DistFromNuc =  7.8381455912E-01
Rho =  1.2268951426E+00
DelSqRho = -6.3563490108E+00
GradDelSqRho =  5.1514348343E-14  1.7763568394E-15  3.0198066270E-14
HessDelSqRho_EigVals = -9.5012754967E+01  1.2910394463E+01  9.5022874723E+02
HessDelSqRho_EigVec1 = -6.3940430728E-01  3.6750705896E-02  7.6799187329E-01
HessDelSqRho_EigVec2 =  5.7255028686E-02  9.9835957975E-01 -1.0587005112E-04
HessDelSqRho_EigVec3 =  7.6673593467E-01 -4.3903702969E-02  6.4045957823E-01
</CP of DelSqRho>
<CP of DelSqRho>
CP# = 55      
Type = (3,-1)
Coords = -3.37572121063242E-01 -5.14280165278946E-01 -4.91716997890654E-01
DistFromNuc =  7.8847887589E-01
Rho =  1.1863473462E+00
DelSqRho = -5.3136578154E+00
GradDelSqRho =  1.5987211555E-14  6.6613381478E-15  3.5527136788E-15
HessDelSqRho_EigVals = -9.9525100359E+01 -1.2339355906E+01  8.7926706400E+02
HessDelSqRho_EigVec1 = -3.4187075336E-01 -5.2163683823E-01  7.8167729723E-01
HessDelSqRho_EigVec2 = -8.3663259681E-01  5.4776433248E-01 -3.6608670752E-04
HessDelSqRho_EigVec3 =  4.2798397862E-01  6.5410186138E-01  6.2368298757E-01
</CP of DelSqRho>
<CP of DelSqRho>
CP# = 56      
Type = (3,-1)
Coords = -6.16143256091536E-01  3.69714962560945E-02  4.91436948538013E-01
DistFromNuc =  7.8847238104E-01
Rho =  1.1864042571E+00
DelSqRho = -5.3148934248E+00
GradDelSqRho = -1.7816859099E-12 -3.3040237213E-13  1.6129320102E-12
HessDelSqRho_EigVals = -9.9520743912E+01 -1.2326857687E+01  8.7936466212E+02
HessDelSqRho_EigVec1 =  6.2115910470E-01 -3.6888640207E-02  7.8281581159E-01
HessDelSqRho_EigVec2 =  5.8458955431E-02  9.9828959760E-01  6.5562468694E-04
HessDelSqRho_EigVec3 =  7.8150106665E-01 -4.5355347397E-02 -6.2225314405E-01
</CP of DelSqRho>
<CP of DelSqRho>
CP# = 57      
Type = (3,-1)
Coords =  6.15682272822763E-01 -3.39161789208531E-02 -4.90575379752567E-01
DistFromNuc =  7.8847652651E-01
Rho =  1.1863781183E+00
DelSqRho = -5.3141894299E+00
GradDelSqRho =  1.5312195956E-12  2.8155255904E-13 -1.3828937995E-12
HessDelSqRho_EigVals = -9.9526880001E+01 -1.2334478769E+01  8.7930456136E+02
HessDelSqRho_EigVec1 =  6.2118602263E-01 -3.6117883269E-02  7.8283039274E-01
HessDelSqRho_EigVec2 =  5.7326160243E-02  9.9835533927E-01  5.7262995275E-04
HessDelSqRho_EigVec3 =  7.8156358451E-01 -4.4520950814E-02 -6.2223488194E-01
</CP of DelSqRho>
<CP of DelSqRho>
CP# = 58      
Type = (3,+3)
Coords =  4.14870756911287E-01  6.43421036345660E-01 -2.57909018069359E-02
DistFromNuc =  7.6516255391E-01
Rho =  1.3538978411E+00
DelSqRho = -1.1084535476E+01
GradDelSqRho = -6.8389738317E-14 -6.8389738317E-14  8.8817841970E-15
HessDelSqRho_EigVals =  1.0492371328E+00  9.3279922341E+01  1.2726313041E+03
HessDelSqRho_EigVec1 =  8.3981205537E-01 -5.4287485080E-01 -1.6149387452E-03
HessDelSqRho_EigVec2 = -1.9660499178E-02 -2.7441142046E-02 -9.9943006183E-01
HessDelSqRho_EigVec3 =  5.4252112994E-01  8.3936516493E-01 -3.3718592461E-02
</CP of DelSqRho>
<CP of DelSqRho>
CP# = 59      
Type = (3,+1)
Coords = -6.41978128816865E-01  4.18078460942732E-01 -6.19342816766684E-04
DistFromNuc =  7.6524484786E-01
Rho =  1.3528673253E+00
DelSqRho = -1.1055256957E+01
GradDelSqRho = -6.0396132540E-14  2.3092638912E-14  1.7763568394E-15
HessDelSqRho_EigVals = -1.0307306723E+00  9.4313918880E+01  1.2709207344E+03
HessDelSqRho_EigVec1 = -5.4169945996E-01 -8.3405810603E-01 -1.0444506140E-01
HessDelSqRho_EigVec2 = -5.8022106599E-02 -8.6856271105E-02  9.9452974984E-01
HessDelSqRho_EigVec3 =  8.3856730811E-01 -5.4479635089E-01  1.3438131860E-03
</CP of DelSqRho>
<CP of DelSqRho>
CP# = 60      
Type = (3,+1)
Coords =  6.41869297924863E-01 -4.15061212719131E-01  1.48521166307651E-03
DistFromNuc =  7.6524230341E-01
Rho =  1.3528883085E+00
DelSqRho = -1.1055587252E+01
GradDelSqRho =  6.6724403780E-14 -4.5297099405E-14 -4.8849813084E-15
HessDelSqRho_EigVals = -1.0405109517E+00  9.4324865938E+01  1.2709692914E+03
HessDelSqRho_EigVec1 = -5.4086866649E-01 -8.3456575151E-01 -1.0469523393E-01
HessDelSqRho_EigVec2 = -5.8084242749E-02 -8.7115750800E-02  9.9450342720E-01
HessDelSqRho_EigVec3 =  8.3909910401E-01 -5.4397688587E-01  1.3569397350E-03
</CP of DelSqRho>
<CP of DelSqRho>
CP# = 61      
Type = (3,+3)
Coords = -4.16806074303589E-01 -6.40104531204060E-01  2.67382464001642E-02
DistFromNuc =  7.6515977716E-01
Rho =  1.3539284507E+00
DelSqRho = -1.1085344137E+01
GradDelSqRho = -1.0746958878E-13 -1.4832579609E-13  8.8817841970E-16
HessDelSqRho_EigVals =  1.0573365599E+00  9.3291827146E+01  1.2726876363E+03
HessDelSqRho_EigVec1 =  8.3861646474E-01 -5.4472119980E-01 -1.1133556949E-03
HessDelSqRho_EigVec2 = -1.9370187746E-02 -2.7778322715E-02 -9.9942641581E-01
HessDelSqRho_EigVec3 =  5.4437782917E-01  8.3815701350E-01 -3.3846710701E-02
</CP of DelSqRho>
<CP of DelSqRho>
CP# = 62      
Type = (3,+1)
Coords = -2.71457250565938E-01  5.39078500422498E-01  5.01951924870564E-01
DistFromNuc =  7.8383575898E-01
Rho =  1.2267767245E+00
DelSqRho = -6.3516058677E+00
