 AIMInt (Version 19.02.13, Professional)
 Portions Copyright (c) 1997-2019 by Todd A. Keith
 AIMInt is a component of the AIMAll package ( http://aim.tkgristmill.com )

 TP:  64-bit Linux

 Licensed To:  Research Group of Fernando Cortes Guzman, UNAM, fercor@unam.mx

 AIMInt is a heavily modified and extended version of the PROAIMV program
 developed by members of R.F.W. Bader's research group

 Much of the Quantum Theory of Atoms in Molecules (QTAIM) is described in the book:
   "Atoms in Molecules - A Quantum Theory"
   R.F.W. Bader, Oxford University Press, Oxford, 1990

 For additional references see:  http://aim.tkgristmill.com/references.html

 Current Directory:  /home/lillian/David/proyecto_spin/noab/hexaaqua/def2/pbe0/opt_scan/int

 Inp File:  v24_pbe0_noab_atomicfiles/v1.inp
 Wfx File:  v24_pbe0_noab.wfx
 Out File:  v24_pbe0_noab_atomicfiles/v1.int

 Wfx Title:   Title Card Required                                                           
 Job Title:   Title Card Required                                                           
 
<Atom>
V1      
</Atom>
<Nuclei of Molecule>
    19
V1        23.0          -1.9610409513E-05   9.4412242703E-06   1.7035509978E-05
O2         8.0           3.8060350595E-01   3.5520442735E+00  -1.9346436373E+00
H3         1.0           1.5437771391E+00   3.9327851656E+00  -3.2851424894E+00
H4         1.0          -5.8019853235E-01   5.0680258539E+00  -1.6176659588E+00
O5         8.0          -2.7722028215E+00  -1.1869045761E+00  -2.7220788593E+00
H6         1.0          -3.6475129022E+00  -2.7852570069E+00  -2.7519499064E+00
H7         1.0          -3.3750900599E+00  -2.2422310453E-01  -4.1474108964E+00
O8         8.0           2.7722382748E+00   1.1868938279E+00   2.7220392626E+00
H9         1.0           3.3744519643E+00   2.2456778759E-01   4.1478961763E+00
H10        1.0           3.6481005844E+00   2.7849513515E+00   2.7514835295E+00
O11        8.0           2.9466573310E+00  -1.5754246330E+00  -2.3109859338E+00
H12        1.0           4.7322837482E+00  -1.5672902385E+00  -1.9459058252E+00
H13        1.0           2.7351206433E+00  -2.4236657263E+00  -3.9102150317E+00
O14        8.0          -2.9466760918E+00   1.5754370414E+00   2.3110210004E+00
H15        1.0          -4.7322113814E+00   1.5681448668E+00   1.9454766557E+00
H16        1.0          -2.7352342193E+00   2.4228766284E+00   3.9106875035E+00
O17        8.0          -3.8057881793E-01  -3.5520743946E+00   1.9346049128E+00
H18        1.0           5.8112757402E-01  -5.0676360595E+00   1.6183639130E+00
H19        1.0          -1.5444945636E+00  -3.9332689793E+00   3.2843365499E+00
</Nuclei of Molecule>
<Total Number of CPs of DelSqRho>
    97
</Total Number of CPs of DelSqRho>
<Number of (3,+3) CPs of DelSqRho>
    15
</Number of (3,+3) CPs of DelSqRho>
<Number of (3,+1) CPs of DelSqRho>
    34
</Number of (3,+1) CPs of DelSqRho>
<Number of (3,-1) CPs of DelSqRho>
    36
</Number of (3,-1) CPs of DelSqRho>
<Number of (3,-3) CPs of DelSqRho>
    12
</Number of (3,-3) CPs of DelSqRho>
<Number of Degenerate CPs of DelSqRho>
     0
</Number of Degenerate CPs of DelSqRho>
<CP of DelSqRho>
CP# = 1       
Type = (3,+3)
Coords = -1.96104095004588E-05  9.44122423901552E-06  1.70355099468328E-05
DistFromNuc =  4.6115507584E-14
Rho =  7.9494769626E+03
DelSqRho = -1.0017526363E+09
GradDelSqRho = -2.6822090149E-07  4.1723251343E-07  1.0132789612E-06
HessDelSqRho_EigVals =  5.8684719440E+14  5.8684719441E+14  5.8684719441E+14
HessDelSqRho_EigVec1 =  9.8630775534E-01  1.6390870068E-01 -1.8192020025E-02
HessDelSqRho_EigVec2 = -1.6337355114E-01  9.8617262309E-01  2.7796407105E-02
HessDelSqRho_EigVec3 =  2.2496545079E-02 -2.4443716984E-02  9.9944805276E-01
</CP of DelSqRho>
<CP of DelSqRho>
CP# = 2       
Type = (3,+3)
Coords =  1.41783404695568E-02  2.02061587386439E-02 -1.78300213607812E-01
DistFromNuc =  1.8001813948E-01
Rho =  6.8941220131E+01
DelSqRho = -3.4245751166E+03
GradDelSqRho = -1.0913936421E-11 -2.7284841053E-11  4.3655745685E-11
HessDelSqRho_EigVals =  1.4331217351E+04  1.4333690821E+04  4.6202745433E+06
HessDelSqRho_EigVec1 =  2.6298472229E-01 -9.6078911121E-01 -8.7882419302E-02
HessDelSqRho_EigVec2 =  9.6157092636E-01  2.5356869122E-01  1.0528187126E-01
HessDelSqRho_EigVec3 = -7.8869445471E-02 -1.1219270301E-01  9.9055156754E-01
</CP of DelSqRho>
<CP of DelSqRho>
CP# = 3       
Type = (3,+3)
Coords = -1.42173075776225E-02 -2.01870503385950E-02  1.78334325282705E-01
DistFromNuc =  1.8001813439E-01
Rho =  6.8941228324E+01
DelSqRho = -3.4245773247E+03
GradDelSqRho =  2.3646862246E-11  2.8194335755E-11 -4.3655745685E-11
HessDelSqRho_EigVals =  1.4331518768E+04  1.4334078414E+04  4.6202760075E+06
HessDelSqRho_EigVec1 =  2.6396229040E-01 -9.6053087019E-01 -8.7774464742E-02
HessDelSqRho_EigVec2 =  9.6130314867E-01  2.5454572932E-01  1.0536948346E-01
HessDelSqRho_EigVec3 = -7.8868026495E-02 -1.1219143952E-01  9.9055182363E-01
</CP of DelSqRho>
<CP of DelSqRho>
CP# = 4       
Type = (3,-1)
Coords = -1.30520618099116E-01  6.97824886841325E-02  1.02409615134329E-01
DistFromNuc =  1.7995285917E-01
Rho =  6.8750501592E+01
DelSqRho = -3.3084466422E+03
GradDelSqRho =  2.1827872843E-11  0.0000000000E+00  3.6379788071E-12
HessDelSqRho_EigVals = -2.1516870420E+04 -2.1514082282E+04  4.6234958723E+06
HessDelSqRho_EigVec1 =  5.8407248311E-01  7.8402436036E-01  2.1015503049E-01
HessDelSqRho_EigVec2 =  3.6462365761E-01 -4.8473864261E-01  7.9503335570E-01
HessDelSqRho_EigVec3 =  7.2519578238E-01 -3.8772961033E-01 -5.6899633258E-01
</CP of DelSqRho>
<CP of DelSqRho>
CP# = 5       
Type = (3,-1)
Coords =  1.30481466940342E-01 -6.97636002577874E-02 -1.02375461216072E-01
DistFromNuc =  1.7995286020E-01
Rho =  6.8750498669E+01
DelSqRho = -3.3084462300E+03
GradDelSqRho =  3.6379788071E-12  2.3646862246E-11  4.7293724492E-11
HessDelSqRho_EigVals = -2.1517124760E+04 -2.1513797407E+04  4.6234955707E+06
HessDelSqRho_EigVec1 =  5.7483352268E-01  7.9582500540E-01  1.9033912363E-01
HessDelSqRho_EigVec2 =  3.7902103632E-01 -4.6511110405E-01  8.0000919677E-01
HessDelSqRho_EigVec3 =  7.2519616327E-01 -3.8772957287E-01 -5.6899587265E-01
</CP of DelSqRho>
<CP of DelSqRho>
CP# = 6       
Type = (3,-1)
Coords =  1.68332932410164E-02  1.57334773134244E-01 -8.57019699787458E-02
DistFromNuc =  1.7995285028E-01
Rho =  6.8750517039E+01
DelSqRho = -3.3084502170E+03
GradDelSqRho = -2.0008883439E-11  0.0000000000E+00  7.2759576142E-12
HessDelSqRho_EigVals = -2.1516880887E+04 -2.1513063279E+04  4.6234981212E+06
HessDelSqRho_EigVec1 =  9.9236009959E-01 -4.3372791700E-02  1.1549992940E-01
HessDelSqRho_EigVec2 = -8.0316584718E-02  4.8351872238E-01  8.7164149243E-01
HessDelSqRho_EigVec3 =  9.3651903186E-02  8.7425879810E-01 -4.7634113299E-01
</CP of DelSqRho>
<CP of DelSqRho>
CP# = 7       
Type = (3,-1)
Coords = -1.68725104143864E-02 -1.57315948921432E-01  8.57359364805030E-02
DistFromNuc =  1.7995285107E-01
Rho =  6.8750516134E+01
DelSqRho = -3.3084500126E+03
GradDelSqRho = -2.5465851650E-11 -6.9121597335E-11  1.7280399334E-11
HessDelSqRho_EigVals = -2.1516634345E+04 -2.1513363691E+04  4.6234979195E+06
HessDelSqRho_EigVec1 =  9.9123472004E-01 -3.7096910109E-02  1.2679727542E-01
HessDelSqRho_EigVec2 = -9.3182910655E-02  4.8404010410E-01  8.7007018268E-01
HessDelSqRho_EigVec3 =  9.3651881748E-02  8.7425911313E-01 -4.7634055901E-01
</CP of DelSqRho>
<CP of DelSqRho>
CP# = 8       
Type = (3,+1)
Coords = -5.49225998767566E-03  8.65389238895472E-02  1.57761629671176E-01
DistFromNuc =  1.8000182847E-01
Rho =  6.8893542828E+01
DelSqRho = -3.3955580155E+03
GradDelSqRho =  3.6379788071E-12  1.4551915228E-11  3.6379788071E-12
HessDelSqRho_EigVals = -1.0749798856E+04  2.1507403750E+04  4.6210740355E+06
HessDelSqRho_EigVec1 =  9.3630849773E-02  8.7426964375E-01 -4.7632536569E-01
HessDelSqRho_EigVec2 =  9.9514266336E-01 -6.7571648772E-02  7.1590165826E-02
HessDelSqRho_EigVec3 = -3.0403018461E-02  4.8071474110E-01  8.7634981267E-01
</CP of DelSqRho>
<CP of DelSqRho>
CP# = 9       
Type = (3,+1)
Coords =  5.45341583123519E-03 -8.65179601090135E-02 -1.57728689387792E-01
DistFromNuc =  1.8000183033E-01
Rho =  6.8893539228E+01
DelSqRho = -3.3955573888E+03
GradDelSqRho =  7.2759576142E-12  5.0931703299E-11  6.9121597335E-11
HessDelSqRho_EigVals = -1.0749827999E+04  2.1507375057E+04  4.6210735209E+06
HessDelSqRho_EigVec1 =  9.3630900048E-02  8.7427597189E-01 -4.7631374065E-01
HessDelSqRho_EigVec2 =  9.9514259457E-01 -6.7571631763E-02  7.1591138075E-02
HessDelSqRho_EigVec3 = -3.0405115133E-02  4.8070323439E-01  8.7635605174E-01
</CP of DelSqRho>
<CP of DelSqRho>
CP# = 10      
Type = (3,-1)
Coords =  1.22742206488848E-01  5.25851779918713E-02  1.20633559528346E-01
DistFromNuc =  1.7995282063E-01
Rho =  6.8750557805E+01
DelSqRho = -3.3084565542E+03
GradDelSqRho = -3.6379788071E-12 -1.4551915228E-11 -2.5465851650E-11
HessDelSqRho_EigVals = -2.1514942448E+04 -2.1513922655E+04  4.6235043853E+06
HessDelSqRho_EigVec1 = -4.5546855070E-01  8.8691833247E-01  7.6969285124E-02
HessDelSqRho_EigVec2 = -5.7198450183E-01 -3.5779319603E-01  7.3811771320E-01
HessDelSqRho_EigVec3 =  6.8218921788E-01  2.9216416686E-01  6.7026708901E-01
</CP of DelSqRho>
<CP of DelSqRho>
CP# = 11      
Type = (3,-1)
Coords = -1.22781158379700E-01 -5.25663519558954E-02 -1.20599739610094E-01
DistFromNuc =  1.7995282195E-01
Rho =  6.8750555954E+01
DelSqRho = -3.3084561814E+03
GradDelSqRho =  3.6379788071E-11 -5.4569682106E-12 -1.0913936421E-11
HessDelSqRho_EigVals = -2.1515257891E+04 -2.1513680668E+04  4.6235040360E+06
HessDelSqRho_EigVec1 = -4.6054777929E-01  8.8369474961E-01  8.3542399466E-02
HessDelSqRho_EigVec2 = -5.6790460197E-01 -3.6568225323E-01  7.3740141899E-01
HessDelSqRho_EigVec3 =  6.8218773519E-01  2.9216447285E-01  6.7026846469E-01
</CP of DelSqRho>
<CP of DelSqRho>
CP# = 12      
Type = (3,-1)
Coords =  1.77375003410509E-01  2.66726857796667E-01  4.43666295793140E-02
DistFromNuc =  3.2337890440E-01
Rho =  1.5998389770E+01
DelSqRho =  9.5846433497E+02
GradDelSqRho =  6.0254023992E-12  6.8212102633E-13  1.3073986338E-12
HessDelSqRho_EigVals = -2.5633728126E+05 -2.8495407984E+03  5.6972478521E+03
HessDelSqRho_EigVec1 =  5.4856599957E-01  8.2478288436E-01  1.3714422254E-01
HessDelSqRho_EigVec2 =  7.2516504935E-01 -3.8768614581E-01 -5.6906511363E-01
HessDelSqRho_EigVec3 =  4.1618625075E-01 -4.1162196978E-01  8.1077515914E-01
</CP of DelSqRho>
<CP of DelSqRho>
CP# = 13      
Type = (3,-3)
Coords =  3.02196679522733E-02  2.82293108269021E-01 -1.53784368557658E-01
DistFromNuc =  3.2288288051E-01
Rho =  1.5707591931E+01
DelSqRho =  1.0329655872E+03
GradDelSqRho = -1.1368683772E-13 -3.6379788071E-12  3.2400748751E-12
HessDelSqRho_EigVals = -2.6048484162E+05 -5.7203884803E+03 -5.7194701260E+03
HessDelSqRho_EigVec1 =  9.3654205791E-02  8.7426054438E-01 -4.7633747520E-01
HessDelSqRho_EigVec2 =  9.9560153060E-01 -8.3462845753E-02  4.2562256225E-02
HessDelSqRho_EigVec3 =  2.5459799215E-03  4.7822845369E-01  8.7823178266E-01
</CP of DelSqRho>
<CP of DelSqRho>
CP# = 14      
Type = (3,-3)
Coords = -3.02588888165392E-02 -2.82274217501013E-01  1.53818452989165E-01
DistFromNuc =  3.2288287963E-01
Rho =  1.5707592085E+01
DelSqRho =  1.0329655753E+03
GradDelSqRho =  8.8107299234E-13 -2.9558577808E-12  2.2737367544E-13
HessDelSqRho_EigVals = -2.6048484050E+05 -5.7203821445E+03 -5.7194772978E+03
HessDelSqRho_EigVec1 =  9.3654201184E-02  8.7426052717E-01 -4.7633750768E-01
HessDelSqRho_EigVec2 =  9.9560121383E-01 -8.3521036886E-02  4.2455381561E-02
HessDelSqRho_EigVec3 =  2.6671382847E-03  4.7821832569E-01  8.7823693805E-01
</CP of DelSqRho>
<CP of DelSqRho>
CP# = 15      
Type = (3,-1)
Coords = -1.77414501268360E-01 -2.66707826768767E-01 -4.43323478207308E-02
DistFromNuc =  3.2337890492E-01
Rho =  1.5998389665E+01
DelSqRho =  9.5846430032E+02
GradDelSqRho = -4.0927261580E-12 -4.0927261580E-12 -1.0800249584E-12
HessDelSqRho_EigVals = -2.5633727024E+05 -2.8495410664E+03  5.6972488519E+03
HessDelSqRho_EigVec1 =  5.4856694604E-01  8.2478237587E-01  1.3714349481E-01
HessDelSqRho_EigVec2 =  7.2516434913E-01 -3.8768722753E-01 -5.6906526899E-01
HessDelSqRho_EigVec3 =  4.1618622330E-01 -4.1162196986E-01  8.1077517319E-01
</CP of DelSqRho>
<CP of DelSqRho>
CP# = 16      
Type = (3,+1)
Coords =  7.48826577608565E-02 -7.40749054927691E-02  1.45968446344577E-01
DistFromNuc =  1.8000181813E-01
Rho =  6.8893536391E+01
DelSqRho = -3.3955550157E+03
GradDelSqRho = -4.3655745685E-11  2.3646862246E-11  2.1827872843E-11
HessDelSqRho_EigVals = -1.0750420592E+04  2.1506686340E+04  4.6210753145E+06
HessDelSqRho_EigVec1 =  7.2518029045E-01 -3.8776586307E-01 -5.6899137233E-01
HessDelSqRho_EigVec2 =  5.4859620711E-01  8.2476858534E-01  1.3710938034E-01
HessDelSqRho_EigVec3 =  4.1611987203E-01 -4.1157552900E-01  8.1083280400E-01
</CP of DelSqRho>
<CP of DelSqRho>
CP# = 17      
Type = (3,+1)
Coords = -2.80397977632096E-01 -1.45449080848231E-01  7.01028146403333E-02
DistFromNuc =  3.2354632881E-01
Rho =  1.6095351321E+01
DelSqRho =  9.3363222763E+02
GradDelSqRho =  0.0000000000E+00 -7.9580786405E-13  1.5916157281E-12
HessDelSqRho_EigVals = -2.5493692917E+05  3.7932194140E+03  3.7945440783E+03
HessDelSqRho_EigVec1 =  8.6657886201E-01  4.4957548982E-01 -2.1661706966E-01
HessDelSqRho_EigVec2 =  1.9948744646E-01  8.5805802623E-02  9.7613632395E-01
HessDelSqRho_EigVec3 = -4.5743396749E-01  8.8911149087E-01  1.5327171663E-02
</CP of DelSqRho>
<CP of DelSqRho>
CP# = 18      
Type = (3,+1)
Coords =  2.80358751991798E-01  1.45467991343372E-01 -7.00687692161547E-02
DistFromNuc =  3.2354634279E-01
Rho =  1.6095349160E+01
DelSqRho =  9.3363213275E+02
GradDelSqRho =  8.2991391537E-12 -1.5916157281E-12  1.4779288904E-12
HessDelSqRho_EigVals = -2.5493687372E+05  3.7932251230E+03  3.7945526458E+03
HessDelSqRho_EigVec1 =  8.6657882597E-01  4.4957553118E-01 -2.1661712799E-01
HessDelSqRho_EigVec2 =  1.9928111859E-01  8.6206921829E-02  9.7614312598E-01
HessDelSqRho_EigVec3 = -4.5752396019E-01  8.8907266767E-01  1.4886821635E-02
</CP of DelSqRho>
<CP of DelSqRho>
CP# = 19      
Type = (3,+1)
Coords = -7.49197846852424E-02  7.40928494340232E-02 -1.45935927266934E-01
DistFromNuc =  1.8000181894E-01
Rho =  6.8893535128E+01
DelSqRho = -3.3955547093E+03
GradDelSqRho = -3.6379788071E-12  2.5465851650E-11 -1.8189894035E-11
HessDelSqRho_EigVals = -1.0750471256E+04  2.1506653489E+04  4.6210750875E+06
HessDelSqRho_EigVec1 =  7.2518721661E-01 -3.8777129782E-01 -5.6897884096E-01
HessDelSqRho_EigVec2 =  5.4859583583E-01  8.2476861139E-01  1.3711070917E-01
HessDelSqRho_EigVec3 =  4.1610829093E-01 -4.1157035638E-01  8.1084137288E-01
</CP of DelSqRho>
<CP of DelSqRho>
CP# = 20      
Type = (3,+1)
Coords =  1.79106899675079E-01 -1.21579862277714E-02  1.29118251741636E-02
DistFromNuc =  1.8000174584E-01
Rho =  6.8893519858E+01
DelSqRho = -3.3955367957E+03
GradDelSqRho =  2.1827872843E-11  3.8653524825E-11 -2.6375346351E-11
HessDelSqRho_EigVals = -1.0755911084E+04  2.1504815490E+04  4.6210830491E+06
HessDelSqRho_EigVec1 =  9.3677357976E-02  8.7422443604E-01 -4.7639918979E-01
HessDelSqRho_EigVec2 = -3.0424330438E-02  4.8079354314E-01  8.7630584215E-01
HessDelSqRho_EigVec3 =  9.9513763506E-01 -6.7595889701E-02  7.1637161973E-02
</CP of DelSqRho>
<CP of DelSqRho>
CP# = 21      
Type = (3,+1)
Coords = -1.79146334431944E-01  1.21749563237842E-02 -1.28765696940286E-02
DistFromNuc =  1.8000174464E-01
Rho =  6.8893522590E+01
DelSqRho = -3.3955374459E+03
GradDelSqRho =  4.3655745685E-11 -7.2759576142E-12 -3.6379788071E-12
HessDelSqRho_EigVals = -1.0755851142E+04  2.1504912712E+04  4.6210834242E+06
HessDelSqRho_EigVec1 =  9.3664939260E-02  8.7422549868E-01 -4.7639968157E-01
HessDelSqRho_EigVec2 = -3.0423672502E-02  4.8079309533E-01  8.7630611069E-01
HessDelSqRho_EigVec3 =  9.9513882414E-01 -6.7585330739E-02  7.1630606336E-02
</CP of DelSqRho>
<CP of DelSqRho>
CP# = 22      
Type = (3,+3)
Coords =  5.24198862746036E-03  1.61529913472115E-01  7.93263110398182E-02
DistFromNuc =  1.8001807844E-01
Rho =  6.8941253007E+01
DelSqRho = -3.4245814193E+03
GradDelSqRho =  4.5474735089E-12  1.6370904632E-11 -5.0931703299E-11
HessDelSqRho_EigVals =  1.4332436011E+04  1.4338630369E+04  4.6202828412E+06
HessDelSqRho_EigVec1 = -4.4884656605E-02 -4.3912824603E-01  8.9730248586E-01
HessDelSqRho_EigVec2 =  9.9856450156E-01 -4.6001286896E-02  2.7437526039E-02
HessDelSqRho_EigVec3 =  2.9228476399E-02  8.9724593348E-01  4.4056263008E-01
</CP of DelSqRho>
<CP of DelSqRho>
CP# = 23      
Type = (3,+3)
Coords = -5.28115368640742E-03 -1.61511081398864E-01 -7.92921360994992E-02
DistFromNuc =  1.8001807622E-01
Rho =  6.8941255609E+01
DelSqRho = -3.4245826927E+03
GradDelSqRho =  2.7284841053E-11 -9.0949470177E-12  2.1827872843E-11
HessDelSqRho_EigVals =  1.4332784596E+04  1.4338908639E+04  4.6202835138E+06
HessDelSqRho_EigVec1 = -4.6115935621E-02 -4.3907062162E-01  8.9726824847E-01
HessDelSqRho_EigVec2 =  9.9850840505E-01 -4.6542434223E-02  2.8544121384E-02
HessDelSqRho_EigVec3 =  2.9228163316E-02  8.9724622654E-01  4.4056205400E-01
</CP of DelSqRho>
<CP of DelSqRho>
CP# = 24      
Type = (3,-3)
Coords =  2.34134145290327E-01 -1.25181758934915E-01 -1.83701549196048E-01
DistFromNuc =  3.2288285224E-01
Rho =  1.5707592296E+01
DelSqRho =  1.0329663100E+03
GradDelSqRho = -5.9117155615E-12  3.9790393203E-12  5.3432813729E-12
HessDelSqRho_EigVals = -2.6048496030E+05 -5.7203722544E+03 -5.7196071320E+03
HessDelSqRho_EigVec1 =  7.2519774254E-01 -3.8772952938E-01 -5.6899388948E-01
HessDelSqRho_EigVec2 =  5.5713897077E-01  8.1600802174E-01  1.5403595587E-01
HessDelSqRho_EigVec3 =  4.0457928946E-01 -4.2871519742E-01  8.0778640620E-01
</CP of DelSqRho>
<CP of DelSqRho>
CP# = 25      
Type = (3,-3)
Coords = -2.34173341538020E-01  1.25200663396888E-01  1.83735643896615E-01
DistFromNuc =  3.2288285643E-01
Rho =  1.5707591850E+01
DelSqRho =  1.0329662756E+03
GradDelSqRho = -5.5706550484E-12  3.4106051316E-13  5.2580162446E-12
HessDelSqRho_EigVals = -2.6048494411E+05 -5.7203636588E+03 -5.7196146578E+03
HessDelSqRho_EigVec1 =  7.2519764255E-01 -3.8772959912E-01 -5.6899396939E-01
HessDelSqRho_EigVec2 =  5.5782153193E-01  8.1528278318E-01  1.5539987765E-01
HessDelSqRho_EigVec3 =  4.0363785471E-01 -4.3009271258E-01  8.0752507133E-01
</CP of DelSqRho>
<CP of DelSqRho>
CP# = 26      
Type = (3,-3)
Coords =  2.20247957118974E-01  9.43450805860246E-02  2.16434103783939E-01
DistFromNuc =  3.2288289146E-01
Rho =  1.5707595996E+01
DelSqRho =  1.0329657116E+03
GradDelSqRho = -3.4106051316E-12 -1.0231815395E-12 -1.1368683772E-12
HessDelSqRho_EigVals = -2.6048492021E+05 -5.7201086532E+03 -5.7197759082E+03
HessDelSqRho_EigVec1 =  6.8219089532E-01  2.9216697521E-01  6.7026415759E-01
HessDelSqRho_EigVec2 = -4.8647639681E-01  8.6572033101E-01  1.1776681971E-01
HessDelSqRho_EigVec3 = -5.4585373287E-01 -4.0640714447E-01  7.3271886507E-01
</CP of DelSqRho>
<CP of DelSqRho>
CP# = 27      
Type = (3,-3)
Coords = -2.20287145159050E-01 -9.43261880329416E-02 -2.16400067477884E-01
DistFromNuc =  3.2288288942E-01
Rho =  1.5707596297E+01
DelSqRho =  1.0329656999E+03
GradDelSqRho =  0.0000000000E+00 -1.7053025658E-13 -3.1263880373E-12
HessDelSqRho_EigVals = -2.6048492151E+05 -5.7201173347E+03 -5.7197685573E+03
HessDelSqRho_EigVec1 =  6.8219076068E-01  2.9216694948E-01  6.7026430584E-01
HessDelSqRho_EigVec2 = -4.8549850249E-01  8.6644645295E-01  1.1645491935E-01
HessDelSqRho_EigVec3 = -5.4672385180E-01 -4.0485678678E-01  7.3292838128E-01
</CP of DelSqRho>
<CP of DelSqRho>
CP# = 28      
Type = (3,+3)
Coords =  1.55980362891795E-01  8.09424256292271E-02 -3.89747330980966E-02
DistFromNuc =  1.8001804813E-01
Rho =  6.8941266269E+01
DelSqRho = -3.4245852581E+03
GradDelSqRho = -2.1827872843E-11 -5.4569682106E-12  3.6379788071E-12
HessDelSqRho_EigVals =  1.4335293642E+04  1.4339491464E+04  4.6202871556E+06
HessDelSqRho_EigVec1 =  1.7336253182E-01  1.3579085243E-01  9.7545183221E-01
HessDelSqRho_EigVec2 = -4.6795836880E-01  8.8285687912E-01 -3.9732808238E-02
HessDelSqRho_EigVec3 =  8.6657971222E-01  4.4958266801E-01 -2.1659876960E-01
</CP of DelSqRho>
<CP of DelSqRho>
CP# = 29      
Type = (3,+3)
Coords = -1.56019765139803E-01 -8.09232325037784E-02  3.90087386946934E-02
DistFromNuc =  1.8001805151E-01
Rho =  6.8941262317E+01
DelSqRho = -3.4245838945E+03
GradDelSqRho =  6.5483618528E-11  2.1827872843E-11 -3.9108272176E-11
HessDelSqRho_EigVals =  1.4335056941E+04  1.4339166580E+04  4.6202862173E+06
HessDelSqRho_EigVec1 =  1.8083592565E-01  1.2163137348E-01  9.7596320473E-01
HessDelSqRho_EigVec2 = -4.6511959598E-01  8.8491966067E-01 -2.4103020440E-02
HessDelSqRho_EigVec3 =  8.6658071143E-01  4.4958091947E-01 -2.1659840125E-01
</CP of DelSqRho>
<CP of DelSqRho>
CP# = 30      
Type = (3,+1)
Coords =  9.43115590501075E-03  2.90310614891357E-01  1.42558931020709E-01
DistFromNuc =  3.2354641150E-01
Rho =  1.6095342701E+01
DelSqRho =  9.3363379183E+02
GradDelSqRho = -2.8421709430E-13 -2.5011104299E-12 -4.5474735089E-13
HessDelSqRho_EigVals = -2.5493639481E+05  3.7926276495E+03  3.7943407721E+03
HessDelSqRho_EigVec1 =  2.9210015738E-02  8.9724763102E-01  4.4056039724E-01
HessDelSqRho_EigVec2 =  1.9759476453E-02 -4.4118065284E-01  8.9720075493E-01
HessDelSqRho_EigVec3 =  9.9937797558E-01 -1.7502005376E-02 -3.0616037251E-02
</CP of DelSqRho>
<CP of DelSqRho>
CP# = 31      
Type = (3,+1)
Coords = -9.47038936242918E-03 -2.90291751388773E-01 -1.42524860173215E-01
DistFromNuc =  3.2354642894E-01
Rho =  1.6095339935E+01
DelSqRho =  9.3363362365E+02
GradDelSqRho =  1.7195134205E-12  1.3642420527E-12  1.4779288904E-12
HessDelSqRho_EigVals = -2.5493631014E+05  3.7926369055E+03  3.7943488125E+03
HessDelSqRho_EigVec1 =  2.9210054772E-02  8.9724763577E-01  4.4056038498E-01
HessDelSqRho_EigVec2 =  1.9606432081E-02 -4.4117795635E-01  8.9720543837E-01
HessDelSqRho_EigVec3 =  9.9938098867E-01 -1.7569602731E-02 -3.0478657099E-02
</CP of DelSqRho>
<CP of DelSqRho>
CP# = 32      
Type = (3,+1)
Coords = -2.55420235897547E-02 -3.62907721719682E-02  3.20506208638641E-01
DistFromNuc =  3.2354661049E-01
Rho =  1.6095311024E+01
DelSqRho =  9.3363679308E+02
GradDelSqRho = -2.5863755582E-12 -1.9326762413E-12  4.0927261580E-12
HessDelSqRho_EigVals = -2.5493513955E+05  3.7924484537E+03  3.7930131809E+03
HessDelSqRho_EigVec1 = -7.8883482940E-02 -1.1219480877E-01  9.9055021125E-01
HessDelSqRho_EigVec2 =  2.0148715685E-01 -9.7493347312E-01 -9.4380340153E-02
HessDelSqRho_EigVec3 =  9.7630954197E-01  1.9213809583E-01  9.9511961027E-02
</CP of DelSqRho>
<CP of DelSqRho>
CP# = 33      
Type = (3,+1)
Coords =  2.55028145188647E-02  3.63096843121979E-02 -3.20472107816290E-01
DistFromNuc =  3.2354658523E-01
Rho =  1.6095314957E+01
DelSqRho =  9.3363695667E+02
GradDelSqRho =  8.8107299234E-13 -4.5474735089E-13 -4.0927261580E-12
HessDelSqRho_EigVals = -2.5493524567E+05  3.7924410032E+03  3.7930048026E+03
HessDelSqRho_EigVec1 = -7.8883506089E-02 -1.1219489875E-01  9.9055019921E-01
HessDelSqRho_EigVec2 =  2.0110044682E-01 -9.7500949008E-01 -9.4419831295E-02
HessDelSqRho_EigVec3 =  9.7638926805E-01  1.9175192032E-01  9.9474611317E-02
</CP of DelSqRho>
<CP of DelSqRho>
CP# = 34      
Type = (3,-1)
Coords = -1.87240557769826E-01 -1.11234543799047E-01  2.39071722458794E-01
DistFromNuc =  3.2337911294E-01
Rho =  1.5998420299E+01
DelSqRho =  9.5845316647E+02
GradDelSqRho =  2.2737367544E-13 -3.7516656448E-12  3.6379788071E-12
HessDelSqRho_EigVals = -2.5633564609E+05 -2.8485430454E+03  5.6977042409E+03
HessDelSqRho_EigVec1 = -5.7895261098E-01 -3.4400513419E-01  7.3923902893E-01
HessDelSqRho_EigVec2 =  6.8219703199E-01  2.9218816133E-01  6.7024867618E-01
HessDelSqRho_EigVec3 = -4.4656587844E-01  8.9234889254E-01  6.5516182636E-02
</CP of DelSqRho>
<CP of DelSqRho>
CP# = 35      
Type = (3,-1)
Coords =  1.87201079150992E-01  1.11253337887065E-01 -2.39037890998298E-01
DistFromNuc =  3.2337911038E-01
Rho =  1.5998420650E+01
DelSqRho =  9.5845318323E+02
GradDelSqRho =  2.6147972676E-12 -1.0800249584E-12  5.6843418861E-14
HessDelSqRho_EigVals = -2.5633565854E+05 -2.8485417281E+03  5.6977047464E+03
HessDelSqRho_EigVec1 = -5.7895172174E-01 -3.4400480933E-01  7.3923987653E-01
HessDelSqRho_EigVec2 =  6.8219777767E-01  2.9218857690E-01  6.7024773604E-01
HessDelSqRho_EigVec3 = -4.4656589215E-01  8.9234888171E-01  6.5516236765E-02
</CP of DelSqRho>
<CP of DelSqRho>
CP# = 36      
Type = (3,+1)
Coords = -2.45404738234677E-01  1.81175998651758E-01 -1.07904645913899E-01
DistFromNuc =  3.2354639823E-01
Rho =  1.6095329488E+01
DelSqRho =  9.3363406490E+02
GradDelSqRho =  8.1854523160E-12  4.5474735089E-13  6.8212102633E-13
HessDelSqRho_EigVals = -2.5493651379E+05  3.7928344713E+03  3.7943477431E+03
HessDelSqRho_EigVec1 =  7.5842359009E-01 -5.5993989060E-01  3.3355805629E-01
HessDelSqRho_EigVec2 = -2.5053930897E-01  2.2198926543E-01  9.4231142447E-01
HessDelSqRho_EigVec3 =  6.0168406382E-01  7.9824061846E-01 -2.8074942389E-02
</CP of DelSqRho>
<CP of DelSqRho>
CP# = 37      
Type = (3,+1)
Coords =  2.45365438433282E-01 -1.81157155230230E-01  1.07938757272610E-01
DistFromNuc =  3.2354637364E-01
Rho =  1.6095333345E+01
DelSqRho =  9.3363423646E+02
GradDelSqRho = -1.8189894035E-12 -3.1832314562E-12  1.1368683772E-12
HessDelSqRho_EigVals = -2.5493662022E+05  3.7928240247E+03  3.7943418925E+03
HessDelSqRho_EigVec1 =  7.5842341904E-01 -5.5994004724E-01  3.3355818226E-01
HessDelSqRho_EigVec2 = -2.4982596431E-01  2.2293545223E-01  9.4227743881E-01
HessDelSqRho_EigVec3 =  6.0198081781E-01  7.9797677136E-01 -2.9191905643E-02
</CP of DelSqRho>
<CP of DelSqRho>
CP# = 38      
Type = (3,-1)
Coords = -9.85587778099804E-03  1.55462995798754E-01  2.83409991062801E-01
DistFromNuc =  3.2337923100E-01
Rho =  1.5998443241E+01
DelSqRho =  9.5844723344E+02
GradDelSqRho = -1.0231815395E-12  3.6379788071E-12  4.3200998334E-12
HessDelSqRho_EigVals = -2.5633486778E+05 -2.8480183362E+03  5.6979386466E+03
HessDelSqRho_EigVec1 = -3.0417191987E-02  4.8071660625E-01  8.7634829772E-01
HessDelSqRho_EigVec2 =  9.3629611651E-02  8.7426923711E-01 -4.7632635542E-01
HessDelSqRho_EigVec3 =  9.9514234673E-01 -6.7563640585E-02  7.1602124391E-02
</CP of DelSqRho>
<CP of DelSqRho>
CP# = 39      
Type = (3,-1)
Coords =  9.81670244660526E-03 -1.55443683518610E-01 -2.83376148115559E-01
DistFromNuc =  3.2337922563E-01
Rho =  1.5998444002E+01
DelSqRho =  9.5844724231E+02
GradDelSqRho =  1.2363443602E-12  1.8189894035E-12  3.5242919694E-12
HessDelSqRho_EigVals = -2.5633488380E+05 -2.8480191615E+03  5.6979390068E+03
HessDelSqRho_EigVec1 = -3.0417330231E-02  4.8071514133E-01  8.7634909649E-01
HessDelSqRho_EigVec2 =  9.3629592288E-02  8.7427003976E-01 -4.7632488601E-01
HessDelSqRho_EigVec3 =  9.9514234433E-01 -6.7563677251E-02  7.1602123199E-02
</CP of DelSqRho>
<CP of DelSqRho>
CP# = 40      
Type = (3,-1)
Coords =  3.21787304213110E-01 -2.18489761197583E-02  2.31773997571037E-02
DistFromNuc =  3.2337885395E-01
Rho =  1.5998378393E+01
DelSqRho =  9.5846620619E+02
GradDelSqRho = -7.2759576142E-12 -1.3358203432E-12 -5.5848659031E-12
HessDelSqRho_EigVals = -2.5633757763E+05 -2.8496589586E+03  5.6972302686E+03
HessDelSqRho_EigVec1 =  9.9513903323E-01 -6.7593781018E-02  7.1619727099E-02
HessDelSqRho_EigVec2 =  9.3667186255E-02  8.7422420291E-01 -4.7640161761E-01
HessDelSqRho_EigVec3 = -3.0409912219E-02  4.8079426349E-01  8.7630594739E-01
</CP of DelSqRho>
<CP of DelSqRho>
CP# = 41      
Type = (3,-1)
Coords = -3.21826572776136E-01  2.18675074718888E-02 -2.31431226743414E-02
DistFromNuc =  3.2337886297E-01
Rho =  1.5998376968E+01
DelSqRho =  9.5846613773E+02
GradDelSqRho = -3.8653524825E-12  1.4352963262E-12 -1.3073986338E-12
HessDelSqRho_EigVals = -2.5633753527E+05 -2.8496569244E+03  5.6972319724E+03
HessDelSqRho_EigVec1 =  9.9513916638E-01 -6.7592561868E-02  7.1619027554E-02
HessDelSqRho_EigVec2 =  9.3665780298E-02  8.7422431841E-01 -4.7640168209E-01
HessDelSqRho_EigVec3 = -3.0409885378E-02  4.8079422488E-01  8.7630596951E-01
</CP of DelSqRho>
<CP of DelSqRho>
CP# = 42      
Type = (3,-1)
Coords =  1.34542444056002E-01 -1.33087664030408E-01  2.62223668922000E-01
DistFromNuc =  3.2337919620E-01
Rho =  1.5998423503E+01
DelSqRho =  9.5845037084E+02
GradDelSqRho =  2.8421709430E-12 -4.8885340220E-12  6.8212102633E-13
HessDelSqRho_EigVals = -2.5633514964E+05 -2.8482467140E+03  5.6977688221E+03
HessDelSqRho_EigVec1 =  4.1611289066E-01 -4.1158249402E-01  8.1083285136E-01
HessDelSqRho_EigVec2 =  7.2518110755E-01 -3.8776711233E-01 -5.6898947956E-01
HessDelSqRho_EigVec3 =  5.4860042242E-01  8.2476452228E-01  1.3711695485E-01
</CP of DelSqRho>
<CP of DelSqRho>
CP# = 43      
Type = (3,-1)
Coords = -1.34581342614709E-01  1.33106373605575E-01 -2.62189847247697E-01
DistFromNuc =  3.2337919313E-01
Rho =  1.5998423997E+01
DelSqRho =  9.5845038218E+02
GradDelSqRho = -3.9790393203E-12  4.4337866711E-12 -2.8421709430E-12
HessDelSqRho_EigVals = -2.5633516090E+05 -2.8482478227E+03  5.6977683945E+03
HessDelSqRho_EigVec1 =  4.1611176973E-01 -4.1158187885E-01  8.1083373887E-01
HessDelSqRho_EigVec2 =  7.2518185241E-01 -3.8776760676E-01 -5.6898819327E-01
HessDelSqRho_EigVec3 =  5.4860028804E-01  8.2476459681E-01  1.3711704423E-01
</CP of DelSqRho>
<CP of DelSqRho>
CP# = 44      
Type = (3,-1)
Coords = -1.44426121409863E-01  2.88577890039874E-01  2.12057848698506E-02
DistFromNuc =  3.2337896216E-01
Rho =  1.5998394629E+01
DelSqRho =  9.5846063423E+02
GradDelSqRho = -2.5579538487E-12  2.7284841053E-12  9.6633812063E-13
HessDelSqRho_EigVals = -2.5633673239E+05 -2.8491676659E+03  5.6974256658E+03
HessDelSqRho_EigVec1 = -4.4655509175E-01  8.9235379168E-01  6.5522976864E-02
HessDelSqRho_EigVec2 =  6.8212440791E-01  2.9212956251E-01  6.7034812660E-01
HessDelSqRho_EigVec3 = -5.7904649396E-01 -3.4404219098E-01  7.3914824539E-01
</CP of DelSqRho>
<CP of DelSqRho>
CP# = 45      
Type = (3,-1)
Coords =  1.44387199766048E-01 -2.88558878856386E-01 -2.11713826667034E-02
DistFromNuc =  3.2337895919E-01
Rho =  1.5998395059E+01
DelSqRho =  9.5846062879E+02
GradDelSqRho =  5.0022208598E-12 -1.8189894035E-12  4.8316906032E-13
HessDelSqRho_EigVals = -2.5633673979E+05 -2.8491672009E+03  5.6974266207E+03
HessDelSqRho_EigVec1 = -4.4655613686E-01  8.9235335168E-01  6.5521846608E-02
HessDelSqRho_EigVec2 =  6.8212361528E-01  2.9213094280E-01  6.7034833164E-01
HessDelSqRho_EigVec3 = -5.7904662171E-01 -3.4404216021E-01  7.3914815963E-01
</CP of DelSqRho>
<CP of DelSqRho>
CP# = 46      
Type = (3,+1)
Coords =  7.17190598224199E-01 -4.87149640672270E-02  5.16291858644040E-02
DistFromNuc =  7.2071378862E-01
Rho =  1.7938565538E+00
DelSqRho = -1.5296472891E+01
GradDelSqRho =  7.4606987255E-14 -5.3290705182E-15  8.4376949872E-15
HessDelSqRho_EigVals = -1.1947441468E+02  2.3870163869E+02  2.0041004304E+03
HessDelSqRho_EigVec1 =  9.3673594932E-02  8.7422835915E-01 -4.7639273049E-01
HessDelSqRho_EigVec2 = -3.0406403700E-02  4.8078557921E-01  8.7631083380E-01
HessDelSqRho_EigVec3 =  9.9513853720E-01 -6.7601796397E-02  7.1619054011E-02
</CP of DelSqRho>
<CP of DelSqRho>
CP# = 47      
Type = (3,+1)
Coords = -7.17229809553426E-01  4.87348321928001E-02 -5.15957286199554E-02
DistFromNuc =  7.2071388977E-01
Rho =  1.7938550096E+00
DelSqRho = -1.5296443117E+01
GradDelSqRho = -9.2370555649E-14  3.4916514124E-14 -7.9936057773E-15
HessDelSqRho_EigVals = -1.1947453440E+02  2.3870126745E+02  2.0040970533E+03
HessDelSqRho_EigVec1 =  9.3674836177E-02  8.7422825238E-01 -4.7639268236E-01
HessDelSqRho_EigVec2 = -3.0406458019E-02  4.8078562420E-01  8.7631080723E-01
HessDelSqRho_EigVec3 =  9.9513841870E-01 -6.7602857211E-02  7.1619699238E-02
</CP of DelSqRho>
<CP of DelSqRho>
CP# = 48      
Type = (3,-1)
Coords =  7.20786622258655E-02  6.73067217329908E-01 -3.66707773797255E-01
DistFromNuc =  7.6986493403E-01
Rho =  1.3159512098E+00
DelSqRho = -1.2918388110E+00
GradDelSqRho = -7.9936057773E-15 -4.0856207306E-14  2.3092638912E-14
HessDelSqRho_EigVals = -1.6520908864E+02 -1.6517064157E+02  8.6246482890E+02
HessDelSqRho_EigVec1 =  9.5283784703E-01 -2.1742724652E-01 -2.1172016847E-01
HessDelSqRho_EigVec2 =  2.8866838925E-01  4.3405372803E-01  8.5338615071E-01
HessDelSqRho_EigVec3 =  9.3651472542E-02  8.7425554253E-01 -4.7634719275E-01
</CP of DelSqRho>
<CP of DelSqRho>
CP# = 49      
Type = (3,-1)
Coords = -7.21179056581277E-02 -6.73048305711922E-01  3.66741875984825E-01
DistFromNuc =  7.6986492550E-01
Rho =  1.3159512434E+00
DelSqRho = -1.2918403959E+00
GradDelSqRho = -3.1086244690E-15 -1.4210854715E-14  7.1054273576E-15
HessDelSqRho_EigVals = -1.6520976425E+02 -1.6516993461E+02  8.6246495952E+02
HessDelSqRho_EigVec1 =  9.5636854167E-01 -2.1198964966E-01 -2.0104626570E-01
HessDelSqRho_EigVec2 =  2.7674648631E-01  4.3673518848E-01  8.5596364261E-01
HessDelSqRho_EigVec3 =  9.3651453971E-02  8.7425554822E-01 -4.7634718597E-01
</CP of DelSqRho>
<CP of DelSqRho>
CP# = 50      
Type = (3,-1)
Coords =  5.25165115539153E-01  2.24934279687852E-01  5.16041836634611E-01
DistFromNuc =  7.6986477689E-01
Rho =  1.3159529605E+00
DelSqRho = -1.2918438736E+00
GradDelSqRho = -4.5581316499E-12 -2.1600499167E-12 -1.3820056211E-12
HessDelSqRho_EigVals = -1.6520180137E+02 -1.6517860337E+02  8.6246765196E+02
HessDelSqRho_EigVec1 = -1.0981039124E-01  9.4724084508E-01 -3.0112532173E-01
HessDelSqRho_EigVec2 = -7.2289122257E-01  1.3181837479E-01  6.7827147692E-01
HessDelSqRho_EigVec3 =  6.8218029751E-01  2.9216210822E-01  6.7027706526E-01
</CP of DelSqRho>
<CP of DelSqRho>
CP# = 51      
Type = (3,-1)
Coords = -5.25204569603210E-01 -2.24915380258668E-01 -5.16007499884772E-01
DistFromNuc =  7.6986475294E-01
Rho =  1.3159532129E+00
DelSqRho = -1.2918488649E+00
GradDelSqRho =  4.6256332098E-12  2.1718182808E-12  1.4253043190E-12
HessDelSqRho_EigVals = -1.6520168775E+02 -1.6517867428E+02  8.6246803923E+02
HessDelSqRho_EigVec1 = -1.0336743192E-01  9.4602918139E-01 -3.0715462225E-01
HessDelSqRho_EigVec2 = -7.2384038695E-01  1.4025010621E-01  6.7556272982E-01
HessDelSqRho_EigVec3 =  6.8218052467E-01  2.9216210511E-01  6.7027683542E-01
</CP of DelSqRho>
<CP of DelSqRho>
CP# = 52      
Type = (3,+1)
Coords = -2.19519724269016E-02  3.46448339940808E-01  6.31620537326107E-01
DistFromNuc =  7.2071070656E-01
Rho =  1.7939295982E+00
DelSqRho = -1.5298361800E+01
GradDelSqRho =  1.1546319456E-14  2.8421709430E-14 -1.3855583347E-13
HessDelSqRho_EigVals = -1.1941668367E+02  2.3872190338E+02  2.0042069985E+03
HessDelSqRho_EigVec1 =  9.3632265071E-02  8.7428296011E-01 -4.7630064518E-01
HessDelSqRho_EigVec2 =  9.9514188535E-01 -6.7564716193E-02  7.1607521562E-02
HessDelSqRho_EigVec3 = -3.0424118003E-02  4.8069149648E-01  8.7636183067E-01
</CP of DelSqRho>
<CP of DelSqRho>
CP# = 53      
Type = (3,+1)
Coords =  2.19124757142061E-02 -3.46430656744248E-01 -6.31585763735795E-01
DistFromNuc =  7.2071065893E-01
Rho =  1.7939306220E+00
DelSqRho = -1.5298376844E+01
GradDelSqRho = -4.4408920985E-15 -1.0835776720E-13  4.2632564146E-14
HessDelSqRho_EigVals = -1.1941662227E+02  2.3872198607E+02  2.0042085904E+03
HessDelSqRho_EigVec1 =  9.3632143081E-02  8.7428222192E-01 -4.7630202416E-01
HessDelSqRho_EigVec2 =  9.9514190845E-01 -6.7564680328E-02  7.1607234458E-02
HessDelSqRho_EigVec3 = -3.0423738045E-02  4.8069284414E-01  8.7636110466E-01
</CP of DelSqRho>
<CP of DelSqRho>
CP# = 54      
Type = (3,-1)
Coords = -5.58315868391956E-01  2.98508107265454E-01  4.38076529331186E-01
DistFromNuc =  7.6986510860E-01
Rho =  1.3159498934E+00
DelSqRho = -1.2917865777E+00
GradDelSqRho =  4.2366110620E-12 -1.5942802634E-12 -3.6051162056E-12
HessDelSqRho_EigVals = -1.6520799712E+02 -1.6517398887E+02  8.6246181064E+02
HessDelSqRho_EigVec1 =  6.5866237314E-01  6.3146445026E-01  4.0916564649E-01
HessDelSqRho_EigVec2 = -2.0066164537E-01  6.7150505799E-01 -7.1331329805E-01
HessDelSqRho_EigVec3 =  7.2518879079E-01 -3.8772877783E-01 -5.6900581065E-01
</CP of DelSqRho>
<CP of DelSqRho>
CP# = 55      
Type = (3,-1)
Coords =  5.58276486787636E-01 -2.98489268454212E-01 -4.38042529172845E-01
DistFromNuc =  7.6986504924E-01
Rho =  1.3159510505E+00
DelSqRho = -1.2918003343E+00
GradDelSqRho = -4.3138825845E-12  1.6389112290E-12  3.6735059439E-12
HessDelSqRho_EigVals = -1.6520791502E+02 -1.6517412830E+02  8.6246283629E+02
HessDelSqRho_EigVec1 =  6.5957161493E-01  6.2839250490E-01  4.1241743969E-01
HessDelSqRho_EigVec2 = -1.9765291237E-01  6.7438060483E-01 -7.1143806902E-01
HessDelSqRho_EigVec3 =  7.2518867270E-01 -3.8772884805E-01 -5.6900591331E-01
</CP of DelSqRho>
<CP of DelSqRho>
CP# = 56      
Type = (3,+1)
Coords =  3.95337037690097E-01  5.94441392586345E-01  9.88705390448319E-02
DistFromNuc =  7.2071370124E-01
Rho =  1.7938652265E+00
DelSqRho = -1.5296590868E+01
GradDelSqRho =  1.8651746814E-14  2.3092638912E-14 -2.9976021665E-15
HessDelSqRho_EigVals = -1.1947088871E+02  2.3870098798E+02  2.0041049228E+03
HessDelSqRho_EigVec1 =  7.2517560200E-01 -3.8768188392E-01 -5.6905456956E-01
HessDelSqRho_EigVec2 =  4.1617565876E-01 -4.1162136165E-01  8.1078090486E-01
HessDelSqRho_EigVec3 =  5.4856008542E-01  8.2478519113E-01  1.3715400531E-01
</CP of DelSqRho>
<CP of DelSqRho>
CP# = 57      
Type = (3,+1)
Coords = -3.95374718777855E-01 -5.94423357508757E-01 -9.88376446022236E-02
DistFromNuc =  7.2071371688E-01
Rho =  1.7938650736E+00
DelSqRho = -1.5296587277E+01
GradDelSqRho =  2.4868995752E-14  1.4210854715E-14 -1.2434497876E-14
HessDelSqRho_EigVals = -1.1947083415E+02  2.3870088829E+02  2.0041043830E+03
HessDelSqRho_EigVec1 =  7.2517670933E-01 -3.8767893740E-01 -5.6905516582E-01
HessDelSqRho_EigVec2 =  4.1617658815E-01 -4.1162179028E-01  8.1078021020E-01
HessDelSqRho_EigVec3 =  5.4855791647E-01  8.2478636220E-01  1.3715563790E-01
</CP of DelSqRho>
<CP of DelSqRho>
CP# = 58      
Type = (3,+1)
Coords =  2.99863269112213E-01 -2.96606026385023E-01  5.84409801931035E-01
DistFromNuc =  7.2071171941E-01
Rho =  1.7939087259E+00
DelSqRho = -1.5297878297E+01
GradDelSqRho = -7.4606987255E-14  3.1974423109E-14 -6.0396132540E-14
HessDelSqRho_EigVals = -1.1942518137E+02  2.3871454240E+02  2.0041721415E+03
HessDelSqRho_EigVec1 = -7.2519788736E-01  3.8777791303E-01  5.6896073180E-01
HessDelSqRho_EigVec2 =  5.4859567578E-01  8.2476782037E-01  1.3711610770E-01
HessDelSqRho_EigVec3 =  4.1608990456E-01 -4.1156570878E-01  8.1085316715E-01
</CP of DelSqRho>
<CP of DelSqRho>
CP# = 59      
Type = (3,+1)
Coords = -2.99904470958724E-01  2.96625852955919E-01 -5.84374195674950E-01
DistFromNuc =  7.2071168742E-01
Rho =  1.7939091383E+00
DelSqRho = -1.5297887725E+01
GradDelSqRho =  1.2434497876E-14 -5.2402526762E-14  7.6383344094E-14
HessDelSqRho_EigVals = -1.1942508713E+02  2.3871465727E+02  2.0041731886E+03
HessDelSqRho_EigVec1 = -7.2519680125E-01  3.8777584856E-01  5.6896352320E-01
HessDelSqRho_EigVec2 =  5.4859509458E-01  8.2476815663E-01  1.3711641044E-01
HessDelSqRho_EigVec3 =  4.1609256381E-01 -4.1156698007E-01  8.1085115728E-01
</CP of DelSqRho>
<CP of DelSqRho>
CP# = 60      
Type = (3,+1)
Coords = -4.17252378907570E-01 -2.47916717270073E-01  5.32816269636412E-01
DistFromNuc =  7.2071186133E-01
Rho =  1.7939046840E+00
DelSqRho = -1.5297724320E+01
GradDelSqRho =  1.1368683772E-13  4.2632564146E-14 -8.8817841970E-14
HessDelSqRho_EigVals = -1.1943503180E+02  2.3871462662E+02  2.0041672704E+03
HessDelSqRho_EigVec1 =  6.8222200632E-01  2.9220152935E-01  6.7021742766E-01
HessDelSqRho_EigVec2 = -4.4656684869E-01  8.9234817218E-01  6.5519380784E-02
HessDelSqRho_EigVec3 = -5.7892243327E-01 -3.4399564802E-01  7.3926707650E-01
</CP of DelSqRho>
<CP of DelSqRho>
CP# = 61      
Type = (3,+1)
Coords =  4.17214672579283E-01  2.47936149451342E-01 -5.32780715141034E-01
DistFromNuc =  7.2071183052E-01
Rho =  1.7939054496E+00
DelSqRho = -1.5297731599E+01
GradDelSqRho = -4.4408920985E-15 -2.0428103653E-14  2.3092638912E-14
HessDelSqRho_EigVals = -1.1943514428E+02  2.3871465077E+02  2.0041683073E+03
HessDelSqRho_EigVec1 =  6.8222083091E-01  2.9219942401E-01  6.7021954200E-01
HessDelSqRho_EigVec2 = -4.4656596683E-01  8.9234855864E-01  6.5520127877E-02
HessDelSqRho_EigVec3 = -5.7892449865E-01 -3.4399643385E-01  7.3926509343E-01
</CP of DelSqRho>
<CP of DelSqRho>
CP# = 62      
Type = (3,+1)
Coords = -3.21851586330766E-01  6.43143771558957E-01  4.72361870177656E-02
DistFromNuc =  7.2071300519E-01
Rho =  1.7938763077E+00
DelSqRho = -1.5297002629E+01
