 AIMInt (Version 19.02.13, Professional)
 Portions Copyright (c) 1997-2019 by Todd A. Keith
 AIMInt is a component of the AIMAll package ( http://aim.tkgristmill.com )

 TP:  64-bit Linux

 Licensed To:  Research Group of Fernando Cortes Guzman, UNAM, fercor@unam.mx

 AIMInt is a heavily modified and extended version of the PROAIMV program
 developed by members of R.F.W. Bader's research group

 Much of the Quantum Theory of Atoms in Molecules (QTAIM) is described in the book:
   "Atoms in Molecules - A Quantum Theory"
   R.F.W. Bader, Oxford University Press, Oxford, 1990

 For additional references see:  http://aim.tkgristmill.com/references.html

 Current Directory:  /home/lillian/David/proyecto_spin/noab/hexaaqua/def2/pbe0/opt_scan/int

 Inp File:  v33_pbe0_noab_atomicfiles/v1.inp
 Wfx File:  v33_pbe0_noab.wfx
 Out File:  v33_pbe0_noab_atomicfiles/v1.int

 Wfx Title:   Title Card Required                                                           
 Job Title:   Title Card Required                                                           
 
<Atom>
V1      
</Atom>
<Nuclei of Molecule>
    19
V1        23.0          -1.1676791441E-03  -1.3758736064E-04  -5.5168618945E-04
O2         8.0           2.9810037650E+00   1.0401436692E+00   2.1967594905E+00
H3         1.0           3.8334763200E+00   2.6697403978E+00   2.1902059203E+00
H4         1.0           3.7797473157E+00   2.5666167864E-02   3.5068631490E+00
O5         8.0          -2.3953714195E+00   2.0463924183E+00   2.2067315753E+00
H6         1.0          -4.2324754298E+00   1.9582224420E+00   2.2107661405E+00
H7         1.0          -1.9165830913E+00   3.2521975501E+00   3.5106747265E+00
O8         8.0           2.3963713409E+00  -2.0478016842E+00  -2.2042463577E+00
H9         1.0           1.9220317991E+00  -3.2487618989E+00  -3.5142328532E+00
H10        1.0           4.2335432131E+00  -1.9618294645E+00  -2.1998886493E+00
O11        8.0           5.8042606676E-01   3.1124991604E+00  -2.1849787102E+00
H12        1.0           1.8606207661E+00   3.3063909452E+00  -3.4914484253E+00
H13        1.0          -4.1138389126E-01   4.6613285197E+00  -2.1766828125E+00
O14        8.0          -5.7927287730E-01  -3.1112949467E+00   2.1860787584E+00
H15        1.0          -1.8648158766E+00  -3.3100826023E+00   3.4865391445E+00
H16        1.0           4.1676460473E-01  -4.6574261009E+00   2.1802772992E+00
O17        8.0          -2.9806178788E+00  -1.0399107161E+00  -2.1990250444E+00
H18        1.0          -3.7985280478E+00  -1.4025359772E-02  -3.4881678607E+00
H19        1.0          -3.8158530392E+00  -2.6784792948E+00  -2.2127746917E+00
</Nuclei of Molecule>
<Total Number of CPs of DelSqRho>
    93
</Total Number of CPs of DelSqRho>
<Number of (3,+3) CPs of DelSqRho>
     8
</Number of (3,+3) CPs of DelSqRho>
<Number of (3,+1) CPs of DelSqRho>
    29
</Number of (3,+1) CPs of DelSqRho>
<Number of (3,-1) CPs of DelSqRho>
    40
</Number of (3,-1) CPs of DelSqRho>
<Number of (3,-3) CPs of DelSqRho>
    16
</Number of (3,-3) CPs of DelSqRho>
<Number of Degenerate CPs of DelSqRho>
     0
</Number of Degenerate CPs of DelSqRho>
<CP of DelSqRho>
CP# = 1       
Type = (3,+3)
Coords = -1.16767913929228E-03 -1.37587358721607E-04 -5.51686189023493E-04
DistFromNuc =  5.1477196622E-12
Rho =  7.9517324358E+03
DelSqRho = -1.0020600889E+09
GradDelSqRho =  4.3451786041E-05  6.9141387939E-06 -1.4454126358E-06
HessDelSqRho_EigVals =  5.8702860644E+14  5.8702860942E+14  5.8702860942E+14
HessDelSqRho_EigVec1 =  4.4753764841E-04 -4.2123233944E-03  9.9999102798E-01
HessDelSqRho_EigVec2 =  7.4635882731E-01 -6.6553636787E-01 -3.1375062364E-03
HessDelSqRho_EigVec3 =  6.6554361285E-01  7.4635353512E-01  2.8460521679E-03
</CP of DelSqRho>
<CP of DelSqRho>
CP# = 2       
Type = (3,+1)
Coords =  8.13037852283166E-02  2.85165946105675E-02  1.56650368690217E-01
DistFromNuc =  1.7981960582E-01
Rho =  6.9025014053E+01
DelSqRho = -3.3755460813E+03
GradDelSqRho =  2.1827872843E-11 -3.1832314562E-11 -5.0931703299E-11
HessDelSqRho_EigVals = -2.1327878569E+04  8.1891389196E+03  4.6578373842E+06
HessDelSqRho_EigVec1 = -3.3436553995E-01  9.4243646992E-01  3.6312347754E-03
HessDelSqRho_EigVec2 =  8.2341227140E-01  2.9400715088E-01 -4.8533702366E-01
HessDelSqRho_EigVec3 =  4.5846692029E-01  1.5928997270E-01  8.7431961410E-01
</CP of DelSqRho>
<CP of DelSqRho>
CP# = 3       
Type = (3,+1)
Coords = -8.37405128510369E-02 -2.88423186030158E-02 -1.57691137709213E-01
DistFromNuc =  1.7981946971E-01
Rho =  6.9025321403E+01
DelSqRho = -3.3756067785E+03
GradDelSqRho = -1.4551915228E-11 -7.2759576142E-12 -1.4551915228E-11
HessDelSqRho_EigVals = -2.1331912551E+04  8.2031779635E+03  4.6578790838E+06
HessDelSqRho_EigVec1 = -3.3431951789E-01  9.4245322294E-01  3.5188811632E-03
HessDelSqRho_EigVec2 =  8.2311501234E-01  2.9380075676E-01 -4.8596583396E-01
HessDelSqRho_EigVec3 =  4.5903391641E-01  1.5957141941E-01  8.7397072359E-01
</CP of DelSqRho>
<CP of DelSqRho>
CP# = 4       
Type = (3,-3)
Coords =  2.75172724888594E-01  9.73706804842647E-02  1.34954636468313E-01
DistFromNuc =  3.2285266714E-01
Rho =  1.5774912411E+01
DelSqRho =  1.0233671630E+03
GradDelSqRho = -8.2422957348E-12 -2.1600499167E-12 -3.2400748751E-12
HessDelSqRho_EigVals = -2.6155881161E+05 -5.0577250746E+03 -3.3200587603E+03
HessDelSqRho_EigVec1 =  8.5594612978E-01  3.0202517803E-01  4.1968680556E-01
HessDelSqRho_EigVec2 = -3.3412252311E-01  9.4252436324E-01  3.1566203823E-03
HessDelSqRho_EigVec3 =  3.9461166034E-01  1.4292871139E-01 -9.0766349546E-01
</CP of DelSqRho>
<CP of DelSqRho>
CP# = 5       
Type = (3,-3)
Coords = -2.77513843468629E-01 -9.76485661889410E-02 -1.36046132528694E-01
DistFromNuc =  3.2285343194E-01
Rho =  1.5774804920E+01
DelSqRho =  1.0233651120E+03
GradDelSqRho = -3.6379788071E-12  7.9580786405E-13 -2.7284841053E-12
HessDelSqRho_EigVals = -2.6155652336E+05 -5.0572965246E+03 -3.3201010533E+03
HessDelSqRho_EigVec1 =  8.5596352945E-01  3.0203357786E-01  4.1964527175E-01
HessDelSqRho_EigVec2 = -3.3411577660E-01  9.4252682237E-01  3.1363894337E-03
HessDelSqRho_EigVec3 =  3.9457962959E-01  1.4289474084E-01 -9.0768276890E-01
</CP of DelSqRho>
<CP of DelSqRho>
CP# = 6       
Type = (3,-1)
Coords = -3.08747187370230E-02 -1.61582731732935E-01  7.28763283895226E-02
DistFromNuc =  1.7982968656E-01
Rho =  6.9002851745E+01
DelSqRho = -3.3490631589E+03
GradDelSqRho = -5.4569682106E-12  3.2741809264E-11 -1.8189894035E-12
HessDelSqRho_EigVals = -1.8815302798E+04 -1.2967265718E+04  4.6550074368E+06
HessDelSqRho_EigVec1 =  9.8348875220E-01 -1.8096926339E-01 -2.5158050484E-06
HessDelSqRho_EigVec2 =  7.3924416134E-02  4.0173416233E-01  9.1276768321E-01
HessDelSqRho_EigVec3 =  1.6518188459E-01  8.9769693579E-01 -4.0847907716E-01
</CP of DelSqRho>
<CP of DelSqRho>
CP# = 7       
Type = (3,-1)
Coords = -1.09416748832157E-03 -8.03353363824070E-04  1.79248485655082E-01
DistFromNuc =  1.7980141947E-01
Rho =  6.8993653296E+01
DelSqRho = -3.3614108086E+03
GradDelSqRho = -9.0949470177E-12 -1.0913936421E-11  8.7311491370E-11
HessDelSqRho_EigVals = -1.0508131733E+04 -1.0501165382E+04  4.6597525808E+06
HessDelSqRho_EigVec1 = -2.3925704538E-01  9.7094924203E-01  3.6926455860E-03
HessDelSqRho_EigVec2 =  9.7095617847E-01  2.3925688863E-01  4.9064645179E-04
HessDelSqRho_EigVec3 =  4.0709809324E-04 -3.7027876670E-03  9.9999306179E-01
</CP of DelSqRho>
<CP of DelSqRho>
CP# = 8       
Type = (3,-1)
Coords = -1.16235143601175E-03  5.19258651886141E-04 -1.80351996867307E-01
DistFromNuc =  1.7980151055E-01
Rho =  6.8993545336E+01
DelSqRho = -3.3613738441E+03
GradDelSqRho =  1.3642420527E-12  3.6379788071E-12 -1.4551915228E-11
HessDelSqRho_EigVals = -1.0528917085E+04 -1.0495578980E+04  4.6597267050E+06
HessDelSqRho_EigVec1 =  8.5393468505E-01  5.2037663896E-01  1.9254321256E-03
HessDelSqRho_EigVec2 = -5.2038020029E-01  8.5392904111E-01  3.1048197234E-03
HessDelSqRho_EigVec3 = -2.8506756545E-05 -3.6532700078E-03  9.9999332638E-01
</CP of DelSqRho>
<CP of DelSqRho>
CP# = 9       
Type = (3,+1)
Coords =  4.82937582587028E-02  2.66514093868215E-01  1.75886416995035E-01
DistFromNuc =  3.2354282120E-01
Rho =  1.6157404643E+01
DelSqRho =  9.2143378484E+02
GradDelSqRho =  9.0949470177E-13  5.6843418861E-12  6.9348971010E-12
HessDelSqRho_EigVals = -2.5577808878E+05  5.2903756018E+03  6.0228794248E+03
HessDelSqRho_EigVec1 =  1.5288078880E-01  8.2418612253E-01  5.4529322373E-01
HessDelSqRho_EigVec2 = -9.9273924097E-02 -5.3618039016E-01  8.3824535621E-01
HessDelSqRho_EigVec3 =  9.8324572331E-01 -1.8228500937E-01 -1.5149041942E-04
</CP of DelSqRho>
<CP of DelSqRho>
CP# = 10      
Type = (3,-1)
Coords =  2.85363406236647E-02  1.61315361624429E-01 -7.39640995056607E-02
DistFromNuc =  1.7982982499E-01
Rho =  6.9002635917E+01
DelSqRho = -3.3490236063E+03
GradDelSqRho =  9.0949470177E-12  2.9103830457E-11 -3.6379788071E-12
HessDelSqRho_EigVals = -1.8819058023E+04 -1.2968932644E+04  4.6549701995E+06
HessDelSqRho_EigVec1 =  9.8350294622E-01 -1.8089207293E-01  1.1277423044E-04
HessDelSqRho_EigVec2 =  7.3773744466E-02  4.0167396445E-01  9.1280636551E-01
HessDelSqRho_EigVec3 =  1.6516473411E-01  8.9773943003E-01 -4.0839261302E-01
</CP of DelSqRho>
<CP of DelSqRho>
CP# = 11      
Type = (3,+1)
Coords = -5.06318611681780E-02 -2.66789871283691E-01 -1.76988576440183E-01
DistFromNuc =  3.2354307606E-01
Rho =  1.6157373718E+01
DelSqRho =  9.2143399828E+02
GradDelSqRho =  2.5579538487E-12  4.7748471843E-12  2.1600499167E-12
HessDelSqRho_EigVals = -2.5577754326E+05  5.2904533980E+03  6.0227944456E+03
HessDelSqRho_EigVec1 =  1.5288573300E-01  8.2418665727E-01  5.4529102928E-01
HessDelSqRho_EigVec2 = -9.9055879844E-02 -5.3621856984E-01  8.3824672861E-01
HessDelSqRho_EigVec3 =  9.8326694509E-01 -1.8217024821E-01 -3.3963460491E-04
</CP of DelSqRho>
<CP of DelSqRho>
CP# = 12      
Type = (3,-3)
Coords =  5.19543973579876E-02  2.88648108919947E-01 -1.34771558272107E-01
DistFromNuc =  3.2285307409E-01
Rho =  1.5774842484E+01
DelSqRho =  1.0233504636E+03
GradDelSqRho =  1.7053025658E-12 -2.2737367544E-12 -4.5474735089E-13
HessDelSqRho_EigVals = -2.6155686255E+05 -5.0559156116E+03 -3.3175245095E+03
HessDelSqRho_EigVec1 =  1.6454163936E-01  8.9449427465E-01 -4.1569946059E-01
HessDelSqRho_EigVec2 =  9.8350849504E-01 -1.8086189969E-01  1.1586814424E-04
HessDelSqRho_EigVec3 =  7.5080550751E-02  4.0886301601E-01  9.0950203135E-01
</CP of DelSqRho>
<CP of DelSqRho>
CP# = 13      
Type = (3,-1)
Coords = -1.25823327210699E-01  1.05958254547469E-01  7.39019417578092E-02
DistFromNuc =  1.7982964433E-01
Rho =  6.9002896768E+01
DelSqRho = -3.3490868928E+03
GradDelSqRho = -3.2741809264E-11  2.5465851650E-11  0.0000000000E+00
HessDelSqRho_EigVals = -1.8805590867E+04 -1.2961559627E+04  4.6550147117E+06
HessDelSqRho_EigVec1 =  6.4932776961E-01  7.6050088010E-01  3.4436867291E-03
HessDelSqRho_EigVec2 =  3.1295460196E-01 -2.7132712029E-01  9.1018734935E-01
HessDelSqRho_EigVec3 =  6.9313264584E-01 -5.8993220387E-01 -4.1418248407E-01
</CP of DelSqRho>
<CP of DelSqRho>
CP# = 14      
Type = (3,-1)
Coords =  1.23478519217040E-01 -1.06225719800585E-01 -7.50322974449239E-02
DistFromNuc =  1.7982971963E-01
Rho =  6.9002772924E+01
DelSqRho = -3.3490676328E+03
GradDelSqRho =  7.2759576142E-12  1.8189894035E-11 -3.6379788071E-12
HessDelSqRho_EigVals = -1.8816708786E+04 -1.2951120629E+04  4.6549945871E+06
HessDelSqRho_EigVec1 =  6.4919509442E-01  7.6061581197E-01  3.0522073553E-03
HessDelSqRho_EigVec2 =  3.1334662079E-01 -2.7109739714E-01  9.1012092411E-01
HessDelSqRho_EigVec3 =  6.9307981115E-01 -5.8988964040E-01 -4.1433149473E-01
</CP of DelSqRho>
<CP of DelSqRho>
CP# = 15      
Type = (3,-3)
Coords = -5.42953604226774E-02 -2.88922115925050E-01  1.33669041240474E-01
DistFromNuc =  3.2285330744E-01
Rho =  1.5774809109E+01
DelSqRho =  1.0233517567E+03
GradDelSqRho =  1.1368683772E-13 -1.4779288904E-12  3.6521896618E-12
HessDelSqRho_EigVals = -2.6155660588E+05 -5.0558067227E+03 -3.3176023591E+03
HessDelSqRho_EigVec1 =  1.6456002951E-01  8.9448922091E-01 -4.1570305552E-01
HessDelSqRho_EigVec2 =  9.8349989607E-01 -1.8090868172E-01  5.7507754598E-05
HessDelSqRho_EigVec3 =  7.5152851697E-02  4.0885337538E-01  9.0950039380E-01
</CP of DelSqRho>
<CP of DelSqRho>
CP# = 16      
Type = (3,-1)
Coords =  1.53320606593606E-01  5.43837617149679E-02  7.36075769642472E-02
DistFromNuc =  1.7982993145E-01
Rho =  6.9002476991E+01
DelSqRho = -3.3489705100E+03
GradDelSqRho =  3.6379788071E-12  4.7293724492E-11  1.4551915228E-11
HessDelSqRho_EigVals = -1.8830514189E+04 -1.2980166567E+04  4.6549426685E+06
HessDelSqRho_EigVec1 = -3.3423740739E-01  9.4248286568E-01  3.3768926248E-03
HessDelSqRho_EigVec2 = -3.8779195137E-01 -1.4078844167E-01  9.1093140090E-01
HessDelSqRho_EigVec3 =  8.5901266461E-01  3.0315781796E-01  4.1254403335E-01
</CP of DelSqRho>
<CP of DelSqRho>
CP# = 17      
Type = (3,-1)
Coords = -1.55673330095249E-01 -5.46653957054671E-02 -7.46693675038207E-02
DistFromNuc =  1.7982966591E-01
Rho =  6.9002940107E+01
DelSqRho = -3.3490628740E+03
GradDelSqRho = -6.0026650317E-11 -1.6370904632E-11 -4.0017766878E-11
HessDelSqRho_EigVals = -1.8818940652E+04 -1.2975587612E+04  4.6550169647E+06
HessDelSqRho_EigVec1 = -3.3408747822E-01  9.4253722542E-01  3.0225149437E-03
HessDelSqRho_EigVec2 = -3.8770543338E-01 -1.4034581179E-01  9.1103652509E-01
HessDelSqRho_EigVec3 =  8.5911003592E-01  3.0319404977E-01  4.1231458179E-01
</CP of DelSqRho>
<CP of DelSqRho>
CP# = 18      
Type = (3,-3)
Coords = -1.11280447036733E-03 -1.32494850194259E-03  3.22364007563019E-01
DistFromNuc =  3.2291788137E-01
Rho =  1.5714348713E+01
DelSqRho =  1.0161693019E+03
GradDelSqRho =  4.9737991503E-13 -3.6948222260E-13 -7.7307049651E-12
HessDelSqRho_EigVals = -2.6110205108E+05 -2.8663270938E+03 -2.8620844005E+03
HessDelSqRho_EigVec1 =  1.7205326331E-04 -3.6778355590E-03  9.9999322194E-01
HessDelSqRho_EigVec2 =  8.0632040600E-01  5.9147548977E-01  2.0366333358E-03
HessDelSqRho_EigVec3 =  5.9147897111E-01 -8.0631459030E-01 -3.0672791493E-03
</CP of DelSqRho>
<CP of DelSqRho>
CP# = 19      
Type = (3,-3)
Coords = -1.21377529440583E-03  1.04571160904711E-03 -3.23467032059859E-01
DistFromNuc =  3.2291751721E-01
Rho =  1.5714405770E+01
DelSqRho =  1.0161717190E+03
GradDelSqRho =  0.0000000000E+00 -1.6058265828E-12 -6.5938365879E-12
HessDelSqRho_EigVals = -2.6110346062E+05 -2.8669376182E+03 -2.8618843705E+03
HessDelSqRho_EigVec1 =  1.4074806125E-04 -3.6641459419E-03  9.9999327709E-01
HessDelSqRho_EigVec2 =  8.1208764520E-01  5.8353197042E-01  2.0238601460E-03
HessDelSqRho_EigVec3 =  5.8353546311E-01 -8.1208190075E-01 -3.0577386431E-03
</CP of DelSqRho>
<CP of DelSqRho>
CP# = 20      
Type = (3,-1)
Coords = -3.18877432977921E-01  5.85817356214533E-02 -1.60088953756374E-04
DistFromNuc =  3.2309069922E-01
Rho =  1.5932158043E+01
DelSqRho =  9.8752011454E+02
GradDelSqRho =  2.7284841053E-12  0.0000000000E+00  1.0373923942E-12
HessDelSqRho_EigVals = -2.5954681828E+05 -5.3900191271E+03  3.6273016433E+03
HessDelSqRho_EigVec1 =  9.8334548938E-01 -1.8174205606E-01 -1.2139123319E-03
HessDelSqRho_EigVec2 = -1.1484929045E-01 -6.2655995129E-01  7.7086462361E-01
HessDelSqRho_EigVec3 =  1.4085911049E-01  7.5788683357E-01  6.3699784811E-01
</CP of DelSqRho>
<CP of DelSqRho>
CP# = 21      
Type = (3,-1)
Coords =  3.16540772667244E-01 -5.88641630523723E-02 -9.41170770816950E-04
DistFromNuc =  3.2309073454E-01
Rho =  1.5932144361E+01
DelSqRho =  9.8751574372E+02
GradDelSqRho = -3.1832314562E-12  2.5011104299E-12  6.7501559897E-13
HessDelSqRho_EigVals = -2.5954558212E+05 -5.3899871224E+03  3.6275460967E+03
HessDelSqRho_EigVec1 =  9.8334126036E-01 -1.8176500796E-01 -1.2031464779E-03
HessDelSqRho_EigVec2 = -1.1487443571E-01 -6.2656846822E-01  7.7085395416E-01
HessDelSqRho_EigVec3 =  1.4086812876E-01  7.5787428806E-01  6.3701077996E-01
</CP of DelSqRho>
<CP of DelSqRho>
CP# = 22      
Type = (3,+1)
Coords =  1.15528806714729E-01  1.36724999496491E-01 -9.90212582714048E-05
DistFromNuc =  1.7986006338E-01
Rho =  6.9076090769E+01
DelSqRho = -3.3902595368E+03
GradDelSqRho = -1.4551915228E-11  2.1827872843E-11  0.0000000000E+00
HessDelSqRho_EigVals = -2.0539925158E+04  1.3619202284E+04  4.6528014814E+06
HessDelSqRho_EigVec1 = -4.7997373071E-01  4.0668186896E-01  7.7732559155E-01
HessDelSqRho_EigVec2 =  5.9047447838E-01 -5.0555048645E-01  6.2909347162E-01
HessDelSqRho_EigVec3 =  6.4881823973E-01  7.6093926374E-01  2.5156886026E-03
</CP of DelSqRho>
<CP of DelSqRho>
CP# = 23      
Type = (3,+1)
Coords = -6.77061372875041E-02  5.60829603807628E-02  1.56759751231517E-01
DistFromNuc =  1.7981936699E-01
Rho =  6.9025284382E+01
DelSqRho = -3.3755843173E+03
GradDelSqRho =  5.0931703299E-11 -1.6370904632E-11 -9.0949470177E-12
HessDelSqRho_EigVals = -2.1328692977E+04  8.1865596395E+03  4.6578963054E+06
HessDelSqRho_EigVec1 =  6.4898132095E-01  7.6079988296E-01  2.6044456650E-03
HessDelSqRho_EigVec2 =  6.6483091409E-01 -5.6877511205E-01  4.8424655661E-01
HessDelSqRho_EigVec3 = -3.6989606747E-01  3.1253545399E-01  8.7492770517E-01
</CP of DelSqRho>
<CP of DelSqRho>
CP# = 24      
Type = (3,-3)
Coords =  2.21782371416528E-01 -1.89887256241080E-01 -1.36649420425319E-01
DistFromNuc =  3.2285330283E-01
Rho =  1.5774823748E+01
DelSqRho =  1.0233350314E+03
GradDelSqRho = -4.0927261580E-12  4.7748471843E-12 -6.8212102633E-13
HessDelSqRho_EigVals = -2.6155580775E+05 -5.0549320601E+03 -3.3145139087E+03
HessDelSqRho_EigVec1 =  6.9057177834E-01 -5.8773634346E-01 -4.2151703352E-01
HessDelSqRho_EigVec2 =  6.4926175726E-01  7.6055824920E-01  3.2124963828E-03
HessDelSqRho_EigVec3 =  3.1870015614E-01 -2.7589334924E-01  9.0681479384E-01
</CP of DelSqRho>
<CP of DelSqRho>
CP# = 25      
Type = (3,-3)
Coords = -2.24123256320169E-01  1.89610738528593E-01  1.35539015759489E-01
DistFromNuc =  3.2285336568E-01
Rho =  1.5774817384E+01
DelSqRho =  1.0233367558E+03
GradDelSqRho = -2.2737367544E-12  3.4106051316E-12  4.0927261580E-12
HessDelSqRho_EigVals = -2.6155608844E+05 -5.0546187523E+03 -3.3149005309E+03
HessDelSqRho_EigVec1 =  6.9059019371E-01 -5.8773196174E-01 -4.2149297207E-01
HessDelSqRho_EigVec2 =  6.4924553176E-01  7.6057214009E-01  3.2029990683E-03
HessDelSqRho_EigVec3 =  3.1869330687E-01 -2.7586438853E-01  9.0682601159E-01
</CP of DelSqRho>
<CP of DelSqRho>
CP# = 26      
Type = (3,+1)
Coords =  6.53824963367170E-02 -5.63650792848810E-02 -1.57855881620781E-01
DistFromNuc =  1.7981953900E-01
Rho =  6.9025054071E+01
DelSqRho = -3.3755186386E+03
GradDelSqRho = -3.2741809264E-11  3.2741809264E-11 -7.2759576142E-12
HessDelSqRho_EigVals = -2.1342581041E+04  8.1780063943E+03  4.6578484005E+06
HessDelSqRho_EigVec1 =  6.4905664591E-01  7.6073538264E-01  2.6735741403E-03
HessDelSqRho_EigVec2 =  6.6472144611E-01 -5.6884003178E-01  4.8432057289E-01
HessDelSqRho_EigVec3 = -3.6996063234E-01  3.1257430452E-01  8.7488652674E-01
</CP of DelSqRho>
<CP of DelSqRho>
CP# = 27      
Type = (3,-1)
Coords =  1.51256340688044E-01  5.28727820483469E-02  2.79243435105401E-01
DistFromNuc =  3.2299921205E-01
Rho =  1.5792515141E+01
DelSqRho =  1.0030250094E+03
GradDelSqRho =  1.2505552149E-12  7.1054273576E-14  1.9326762413E-12
HessDelSqRho_EigVals = -2.6038885218E+05 -5.7510134371E+03  2.1620109556E+03
HessDelSqRho_EigVec1 =  4.7195384378E-01  1.6413631846E-01  8.6620946560E-01
HessDelSqRho_EigVec2 = -3.3432993658E-01  9.4244930951E-01  3.5766622186E-03
HessDelSqRho_EigVec3 =  8.1577145258E-01  2.9128777519E-01 -4.9966825913E-01
</CP of DelSqRho>
<CP of DelSqRho>
CP# = 28      
Type = (3,+1)
Coords =  2.05723250188994E-01 -1.77178590871347E-01  1.74183666826909E-01
DistFromNuc =  3.2354260486E-01
Rho =  1.6157385177E+01
DelSqRho =  9.2143991846E+02
GradDelSqRho =  0.0000000000E+00  5.2295945352E-12  3.4106051316E-13
HessDelSqRho_EigVals = -2.5577959361E+05  5.2886241493E+03  6.0243869146E+03
HessDelSqRho_EigVec1 =  6.3947420698E-01 -5.4720900476E-01  5.4003244691E-01
HessDelSqRho_EigVec2 =  4.1277361665E-01 -3.4822860690E-01 -8.4163815190E-01
HessDelSqRho_EigVec3 =  6.4860672214E-01  7.6111703597E-01  3.1902277083E-03
</CP of DelSqRho>
<CP of DelSqRho>
CP# = 29      
Type = (3,+3)
Coords = -1.15730137405035E-01  9.78809415124488E-02 -9.86774327168806E-02
DistFromNuc =  1.7989121984E-01
Rho =  6.9194795276E+01
DelSqRho = -3.4690673264E+03
GradDelSqRho = -1.4551915228E-11  1.5916157281E-11  2.3646862246E-11
HessDelSqRho_EigVals =  1.9914451198E+04  2.2986809984E+04  4.6524863244E+06
HessDelSqRho_EigVec1 =  4.1677316771E-01 -3.5220002120E-01 -8.3800672536E-01
HessDelSqRho_EigVec2 =  6.4872518494E-01  7.6101762908E-01  2.7933250850E-03
HessDelSqRho_EigVec3 =  6.3675408213E-01 -5.4480025083E-01  5.4565275184E-01
</CP of DelSqRho>
<CP of DelSqRho>
CP# = 30      
Type = (3,-1)
Coords = -1.53602495083126E-01 -5.31545137804546E-02 -2.80340376770352E-01
DistFromNuc =  3.2299981265E-01
Rho =  1.5792432859E+01
DelSqRho =  1.0030216118E+03
GradDelSqRho = -3.8937741920E-12 -3.4106051316E-13 -5.8548721427E-12
HessDelSqRho_EigVals = -2.6038667174E+05 -5.7509590309E+03  2.1623307505E+03
HessDelSqRho_EigVec1 =  4.7198137896E-01  1.6415659325E-01  8.6619062036E-01
HessDelSqRho_EigVec2 = -3.3432675905E-01  9.4245048713E-01  3.5633536307E-03
HessDelSqRho_EigVec3 =  8.1575682412E-01  2.9127253939E-01 -4.9970102232E-01
</CP of DelSqRho>
<CP of DelSqRho>
CP# = 31      
Type = (3,-1)
Coords = -1.09242412089931E-01  3.04338807268920E-01  6.42972013135397E-04
DistFromNuc =  3.2309046720E-01
Rho =  1.5931953435E+01
DelSqRho =  9.8754877026E+02
GradDelSqRho =  9.6633812063E-13 -5.0022208598E-12  9.0949470177E-13
HessDelSqRho_EigVals = -2.5954792937E+05 -5.3918297492E+03  3.6244815649E+03
HessDelSqRho_EigVec1 = -3.3450234056E-01  9.4238766735E-01  3.6971066068E-03
HessDelSqRho_EigVec2 =  5.9811041484E-01  2.0926548932E-01  7.7360964746E-01
HessDelSqRho_EigVec3 =  7.2826651428E-01  2.6098551572E-01 -6.3365167463E-01
</CP of DelSqRho>
<CP of DelSqRho>
CP# = 32      
Type = (3,-1)
Coords =  1.06906735509126E-01 -3.04614387788427E-01 -1.74812428434107E-03
DistFromNuc =  3.2309074974E-01
Rho =  1.5931911347E+01
DelSqRho =  9.8754693770E+02
GradDelSqRho =  3.5242919694E-12 -4.3200998334E-12  6.5369931690E-13
HessDelSqRho_EigVals = -2.5954680173E+05 -5.3916963600E+03  3.6245597139E+03
HessDelSqRho_EigVec1 = -3.3450263340E-01  9.4238753986E-01  3.7031006474E-03
HessDelSqRho_EigVec2 =  5.9811684901E-01  2.0926308378E-01  7.7360532360E-01
HessDelSqRho_EigVec3 =  7.2826109547E-01  2.6098790485E-01 -6.3365691849E-01
</CP of DelSqRho>
<CP of DelSqRho>
CP# = 33      
Type = (3,-1)
Coords = -3.04221139519880E-02 -1.60137818648293E-01  2.78505241106865E-01
DistFromNuc =  3.2299948087E-01
Rho =  1.5792387666E+01
DelSqRho =  1.0030386408E+03
GradDelSqRho =  4.1211478674E-13  3.2400748751E-12 -1.3073986338E-12
HessDelSqRho_EigVals = -2.6038876089E+05 -5.7514386812E+03  2.1602417476E+03
HessDelSqRho_EigVec1 = -9.0580072145E-02 -4.9540909111E-01  8.6392423451E-01
HessDelSqRho_EigVec2 =  9.8340525926E-01 -1.8142005976E-01 -9.2627056051E-04
HessDelSqRho_EigVec3 =  1.5719206911E-01  8.4950373416E-01  5.0362094779E-01
</CP of DelSqRho>
<CP of DelSqRho>
CP# = 34      
Type = (3,+1)
Coords = -2.57279352501873E-01 -9.17097874155503E-02  1.74665820334070E-01
DistFromNuc =  3.2354262725E-01
Rho =  1.6157491989E+01
DelSqRho =  9.2143974197E+02
GradDelSqRho =  4.5474735089E-12  1.7053025658E-12  4.3200998334E-12
HessDelSqRho_EigVals = -2.5578015832E+05  5.2914967859E+03  6.0206243369E+03
HessDelSqRho_EigVec1 =  7.9160900194E-01  2.8303804318E-01 -5.4152068674E-01
HessDelSqRho_EigVec2 =  5.1122792948E-01  1.7861018447E-01  8.4068091814E-01
HessDelSqRho_EigVec3 = -3.3466579176E-01  9.4233108201E-01  3.3075229116E-03
</CP of DelSqRho>
<CP of DelSqRho>
CP# = 35      
Type = (3,+1)
Coords =  2.54946962077770E-01  9.14364239020930E-02 -1.75764642537894E-01
DistFromNuc =  3.2354302505E-01
Rho =  1.6157423339E+01
DelSqRho =  9.2143225942E+02
GradDelSqRho =  4.3200998334E-12 -5.6843418861E-14  7.9580786405E-13
HessDelSqRho_EigVals = -2.5577724107E+05  5.2918931379E+03  6.0207589433E+03
HessDelSqRho_EigVec1 =  7.9161594199E-01  2.8304286581E-01 -5.4150802072E-01
HessDelSqRho_EigVec2 =  5.1123851829E-01  1.7854254149E-01  8.4068884749E-01
HessDelSqRho_EigVec3 = -3.3463319890E-01  9.4234245208E-01  3.3652931601E-03
</CP of DelSqRho>
<CP of DelSqRho>
CP# = 36      
Type = (3,-1)
Coords =  2.08481488233369E-01  2.45696195567256E-01  2.55486307876091E-04
DistFromNuc =  3.2309081345E-01
Rho =  1.5932302819E+01
DelSqRho =  9.8749227342E+02
GradDelSqRho =  5.1159076975E-12  6.9348971010E-12 -2.5579538487E-13
HessDelSqRho_EigVals = -2.5954417887E+05 -5.3889657360E+03  3.6299311356E+03
HessDelSqRho_EigVec1 =  6.4888573785E-01  7.6088175800E-01  2.4999108429E-03
HessDelSqRho_EigVec2 =  4.8217894295E-01 -4.0865982872E-01 -7.7491974511E-01
HessDelSqRho_EigVec3 =  5.8860068483E-01 -5.0403977495E-01  6.3205469627E-01
</CP of DelSqRho>
<CP of DelSqRho>
CP# = 37      
Type = (3,+1)
Coords = -2.08059279776902E-01  1.76899959703427E-01 -1.75290494789208E-01
DistFromNuc =  3.2354300906E-01
Rho =  1.6157319253E+01
DelSqRho =  9.2143893653E+02
GradDelSqRho = -5.3432813729E-12  3.9506176108E-12 -4.4622083806E-12
HessDelSqRho_EigVals = -2.5577819600E+05  5.2887375778E+03  6.0244052866E+03
HessDelSqRho_EigVec1 =  6.3947387540E-01 -5.4720095925E-01  5.4004099185E-01
HessDelSqRho_EigVec2 =  4.1271057502E-01 -3.4831572518E-01 -8.4163301792E-01
HessDelSqRho_EigVec3 =  6.4864716445E-01  7.6108295592E-01  3.0968159042E-03
</CP of DelSqRho>
<CP of DelSqRho>
CP# = 38      
Type = (3,-1)
Coords = -2.10821798687584E-01 -2.45967408598438E-01 -1.35476085722365E-03
DistFromNuc =  3.2309100232E-01
Rho =  1.5932278804E+01
DelSqRho =  9.8749589608E+02
GradDelSqRho = -9.7770680441E-12 -4.7748471843E-12 -6.2527760747E-13
HessDelSqRho_EigVals = -2.5954456005E+05 -5.3889214846E+03  3.6296991915E+03
HessDelSqRho_EigVec1 =  6.4890208691E-01  7.6086786887E-01  2.4834918808E-03
HessDelSqRho_EigVec2 =  4.8215808030E-01 -4.0867656532E-01 -7.7492389985E-01
HessDelSqRho_EigVec3 =  5.8859975128E-01 -5.0404717149E-01  6.3204966712E-01
</CP of DelSqRho>
<CP of DelSqRho>
CP# = 39      
Type = (3,-1)
Coords = -1.24071888699520E-01  1.03738689659000E-01  2.79507321312596E-01
DistFromNuc =  3.2299964913E-01
Rho =  1.5792258043E+01
DelSqRho =  1.0030545168E+03
GradDelSqRho = -3.0411229091E-12  2.2133406219E-12  7.1054273576E-12
HessDelSqRho_EigVals = -2.6038846475E+05 -5.7524730914E+03  2.1582225886E+03
HessDelSqRho_EigVec1 = -3.8054914921E-01  3.2163227176E-01  8.6702654331E-01
HessDelSqRho_EigVec2 =  6.4901851025E-01  7.6076800759E-01  2.6480150511E-03
HessDelSqRho_EigVec3 =  6.5875436878E-01 -5.6372397536E-01  4.9825491590E-01
</CP of DelSqRho>
<CP of DelSqRho>
CP# = 40      
Type = (3,-1)
Coords =  2.80867850380622E-02  1.59868714752840E-01 -2.79604913667160E-01
DistFromNuc =  3.2299929436E-01
Rho =  1.5792410770E+01
DelSqRho =  1.0030388681E+03
GradDelSqRho =  4.5474735089E-13  4.3200998334E-12 -1.8189894035E-12
HessDelSqRho_EigVals = -2.6038904135E+05 -5.7517510063E+03  2.1603029205E+03
HessDelSqRho_EigVec1 = -9.0581133678E-02 -4.9542722170E-01  8.6391372615E-01
HessDelSqRho_EigVec2 =  9.8340923773E-01 -1.8139854427E-01 -9.1612525532E-04
HessDelSqRho_EigVec3 =  1.5716656569E-01  8.4949775523E-01  5.0363899223E-01
</CP of DelSqRho>
<CP of DelSqRho>
CP# = 41      
Type = (3,-1)
Coords =  1.21738622692841E-01 -1.04019790999835E-01 -2.80606856675223E-01
DistFromNuc =  3.2299902443E-01
Rho =  1.5792356601E+01
DelSqRho =  1.0030583630E+03
GradDelSqRho = -2.2737367544E-12 -1.9326762413E-12  4.1495695768E-12
HessDelSqRho_EigVals = -2.6039079643E+05 -5.7529247835E+03  2.1579953754E+03
HessDelSqRho_EigVec1 = -3.8055509172E-01  3.2165115378E-01  8.6701693031E-01
HessDelSqRho_EigVec2 =  6.4902996783E-01  7.6075824483E-01  2.6445755012E-03
HessDelSqRho_EigVec3 =  6.5873964738E-01 -5.6372637706E-01  4.9827166163E-01
</CP of DelSqRho>
<CP of DelSqRho>
CP# = 42      
Type = (3,-1)
Coords =  6.43934476241137E-01  2.27532295495005E-01  3.11513634846760E-01
DistFromNuc =  7.5191431097E-01
Rho =  1.4434993855E+00
DelSqRho = -4.6615521962E+00
GradDelSqRho = -5.3290705182E-15 -3.5527136788E-15  2.1316282073E-14
HessDelSqRho_EigVals = -1.6119353785E+02 -1.0866817718E+02  1.1780257292E+03
HessDelSqRho_EigVec1 = -3.3429873064E-01  9.4246086846E-01  3.4453029457E-03
HessDelSqRho_EigVec2 = -3.8942836058E-01 -1.4146059593E-01  9.1012881054E-01
HessDelSqRho_EigVec3 =  8.5824816380E-01  3.0291320740E-01  4.1431108857E-01
</CP of DelSqRho>
<CP of DelSqRho>
CP# = 43      
Type = (3,-1)
Coords = -6.46247672772868E-01 -2.27798251775583E-01 -3.12693039334443E-01
DistFromNuc =  7.5192406574E-01
Rho =  1.4433657129E+00
DelSqRho = -4.6589408971E+00
GradDelSqRho = -6.9277916737E-14 -2.2204460493E-14 -1.4210854715E-14
HessDelSqRho_EigVals = -1.6122628686E+02 -1.0866652999E+02  1.1778139657E+03
HessDelSqRho_EigVec1 = -3.3434604060E-01  9.4244366778E-01  3.5578351398E-03
HessDelSqRho_EigVec2 = -3.8948299074E-01 -1.4161060495E-01  9.1008210426E-01
HessDelSqRho_EigVec3 =  8.5820494351E-01  3.0289663191E-01  4.1441272341E-01
</CP of DelSqRho>
<CP of DelSqRho>
CP# = 44      
Type = (3,-1)
Coords =  1.22839735578921E-01  6.73983644894046E-01 -3.09657339084227E-01
DistFromNuc =  7.5190662940E-01
Rho =  1.4434962656E+00
DelSqRho = -4.6634291894E+00
GradDelSqRho =  7.1054273576E-15  4.6185277824E-14 -2.4868995752E-14
HessDelSqRho_EigVals = -1.6116597028E+02 -1.0859407175E+02  1.1781686889E+03
HessDelSqRho_EigVec1 =  9.8353839127E-01 -1.8069870403E-01  4.5962272130E-04
HessDelSqRho_EigVec2 =  7.3743057667E-02  4.0370109544E-01  9.1191413356E-01
HessDelSqRho_EigVec3 =  1.6496725232E-01  8.9686866592E-01 -4.1038080091E-01
</CP of DelSqRho>
<CP of DelSqRho>
CP# = 45      
Type = (3,-1)
Coords = -1.25162364740598E-01 -6.74271343682852E-01  3.08537830929340E-01
DistFromNuc =  7.5190912553E-01
Rho =  1.4434552093E+00
DelSqRho = -4.6626919290E+00
GradDelSqRho = -3.5527136788E-15 -2.1316282073E-14 -1.3322676296E-14
HessDelSqRho_EigVals = -1.6116651284E+02 -1.0860409705E+02  1.1781143762E+03
HessDelSqRho_EigVec1 =  9.8355435755E-01 -1.8061134081E-01  6.0771067219E-04
HessDelSqRho_EigVec2 =  7.3570630508E-02  4.0371163558E-01  9.1192339460E-01
HessDelSqRho_EigVec3 =  1.6494904689E-01  8.9688151886E-01 -4.1036002858E-01
</CP of DelSqRho>
<CP of DelSqRho>
CP# = 46      
Type = (3,-1)
Coords = -1.07352016371270E-03 -2.85272934393371E-03  7.45643625494936E-01
DistFromNuc =  7.4620025733E-01
Rho =  1.4363006964E+00
DelSqRho = -6.1311994319E+00
GradDelSqRho =  3.3306690739E-15 -5.3290705182E-15  1.5987211555E-14
HessDelSqRho_EigVals = -9.6077183989E+01 -9.5893280461E+01  1.2882169059E+03
HessDelSqRho_EigVec1 =  8.0063597184E-01  5.9914750046E-01  2.0768468227E-03
HessDelSqRho_EigVec2 = -5.9915108605E-01  8.0063039605E-01  2.9908192403E-03
HessDelSqRho_EigVec3 =  1.2915517797E-04 -3.6389024984E-03  9.9999337083E-01
</CP of DelSqRho>
<CP of DelSqRho>
CP# = 47      
Type = (3,-1)
Coords = -1.30823153438561E-03  2.60727112291864E-03 -7.46742409857280E-01
DistFromNuc =  7.4619578536E-01
Rho =  1.4363413059E+00
DelSqRho = -6.1324636486E+00
GradDelSqRho = -1.7763568394E-15  1.7763568394E-14  1.6342482922E-13
HessDelSqRho_EigVals = -9.6031996882E+01 -9.5906294611E+01  1.2883192485E+03
HessDelSqRho_EigVec1 =  7.9538609441E-01  6.0609951493E-01  2.0829839356E-03
HessDelSqRho_EigVec2 = -6.0610306594E-01  7.9538031043E-01  3.0389524196E-03
HessDelSqRho_EigVec3 =  1.8514317806E-04 -3.6796434458E-03  9.9999321295E-01
</CP of DelSqRho>
<CP of DelSqRho>
CP# = 48      
Type = (3,+1)
Coords = -2.80124891753276E-01  2.35662899104847E-01  6.40566339724574E-01
DistFromNuc =  7.3786944579E-01
Rho =  1.5347137377E+00
DelSqRho = -8.5017362301E+00
GradDelSqRho =  0.0000000000E+00  1.1546319456E-14  1.7763568394E-15
HessDelSqRho_EigVals = -2.0530833908E+02  7.7950374436E+01  1.4917264709E+03
HessDelSqRho_EigVec1 =  6.4906158039E-01  7.6073145747E-01  2.5912312382E-03
HessDelSqRho_EigVec2 =  6.6020619173E-01 -5.6497844708E-01  4.9490114036E-01
HessDelSqRho_EigVec3 = -3.7795085561E-01  3.1951056939E-01  8.6894542221E-01
</CP of DelSqRho>
<CP of DelSqRho>
CP# = 49      
Type = (3,+1)
Coords =  2.77778777712584E-01 -2.35914723997637E-01 -6.41674747500039E-01
DistFromNuc =  7.3786229318E-01
Rho =  1.5347907570E+00
DelSqRho = -8.5037449465E+00
GradDelSqRho = -3.5527136788E-14  1.8651746814E-14  5.3290705182E-14
HessDelSqRho_EigVals = -2.0529373599E+02  7.7967590402E+01  1.4919143025E+03
HessDelSqRho_EigVec1 =  6.4905000538E-01  7.6074130698E-01  2.5989183180E-03
HessDelSqRho_EigVec2 =  6.6022457974E-01 -5.6498167956E-01  4.9487291911E-01
HessDelSqRho_EigVec3 = -3.7793861251E-01  3.1948140105E-01  8.6896147185E-01
</CP of DelSqRho>
<CP of DelSqRho>
CP# = 50      
Type = (3,-1)
Coords = -5.21617805752781E-01  4.42808734655531E-01  3.12941289152948E-01
DistFromNuc =  7.5189601945E-01
Rho =  1.4435316276E+00
DelSqRho = -4.6658540905E+00
GradDelSqRho =  3.5527136788E-14 -2.1316282073E-14 -2.0872192863E-14
HessDelSqRho_EigVals = -1.6115864882E+02 -1.0850513610E+02  1.1783764081E+03
HessDelSqRho_EigVec1 = -6.4911866746E-01 -7.6068165182E-01 -2.8948461671E-03
HessDelSqRho_EigVec2 =  3.1490854353E-01 -2.7218373590E-01  9.0925718206E-01
HessDelSqRho_EigVec3 =  6.9244318522E-01 -5.8930419861E-01 -4.1622469502E-01
</CP of DelSqRho>
<CP of DelSqRho>
CP# = 51      
Type = (3,-1)
Coords =  5.19302575891811E-01 -4.43085182754753E-01 -3.14009085505304E-01
DistFromNuc =  7.5189587034E-01
Rho =  1.4435409885E+00
DelSqRho = -4.6660786232E+00
GradDelSqRho = -6.3948846218E-14  7.6383344094E-14  6.2838623194E-14
HessDelSqRho_EigVals = -1.6113220816E+02 -1.0852213952E+02  1.1783808666E+03
HessDelSqRho_EigVec1 = -6.4911122271E-01 -7.6068795314E-01 -2.9083512784E-03
HessDelSqRho_EigVec2 =  3.1486565003E-01 -2.7215802630E-01  9.0927973207E-01
HessDelSqRho_EigVec3 =  6.9246966936E-01 -5.8930793875E-01 -4.1617533606E-01
</CP of DelSqRho>
<CP of DelSqRho>
CP# = 52      
Type = (3,+1)
Coords = -6.76004535431602E-02 -3.63333618935053E-01  6.38278894157071E-01
DistFromNuc =  7.3785444449E-01
Rho =  1.5348769225E+00
DelSqRho = -8.5062040423E+00
GradDelSqRho =  1.7763568394E-15 -5.9507954120E-14  8.1712414612E-14
HessDelSqRho_EigVals = -2.0528797248E+02  7.8055919770E+01  1.4921139914E+03
HessDelSqRho_EigVec1 =  9.8340181892E-01 -1.8143904198E-01 -8.5825362578E-04
HessDelSqRho_EigVec2 =  1.5752384708E-01  8.5141472133E-01  5.0027913199E-01
HessDelSqRho_EigVec3 = -9.0039436658E-02 -4.9211060378E-01  8.6586376151E-01
</CP of DelSqRho>
<CP of DelSqRho>
CP# = 53      
Type = (3,+1)
Coords =  6.52546438370664E-02  3.63041195068054E-01 -6.39391926604072E-01
DistFromNuc =  7.3785337688E-01
Rho =  1.5348885601E+00
DelSqRho = -8.5064366739E+00
GradDelSqRho =  2.1316282073E-14 -7.1054273576E-15  2.1316282073E-14
HessDelSqRho_EigVals = -2.0527435845E+02  7.8040339384E+01  1.4921414680E+03
HessDelSqRho_EigVec1 =  9.8339651227E-01 -1.8146766790E-01 -8.8609402326E-04
HessDelSqRho_EigVec2 =  1.5756498155E-01  8.5142209273E-01  5.0025363227E-01
HessDelSqRho_EigVec3 = -9.0025419977E-02 -4.9208729462E-01  8.6587846620E-01
</CP of DelSqRho>
<CP of DelSqRho>
CP# = 54      
Type = (3,+1)
Coords =  4.72203466149057E-01  5.54959295946648E-01  1.25388573898267E-03
DistFromNuc =  7.2953139147E-01
Rho =  1.6765460329E+00
DelSqRho = -1.1215551590E+01
GradDelSqRho = -2.3092638912E-14 -5.3290705182E-14 -8.8817841970E-15
HessDelSqRho_EigVals = -2.0719842158E+02  1.3784465712E+02  1.7316984184E+03
HessDelSqRho_EigVec1 = -4.8066260369E-01  4.0735254095E-01  7.7654836861E-01
HessDelSqRho_EigVec2 =  5.8985027064E-01 -5.0508441666E-01  6.3005268850E-01
HessDelSqRho_EigVec3 =  6.4887604336E-01  7.6089003110E-01  2.4981842673E-03
</CP of DelSqRho>
<CP of DelSqRho>
CP# = 55      
Type = (3,+1)
Coords = -4.74520788320008E-01 -5.55251610944153E-01 -2.37445391662675E-03
DistFromNuc =  7.2953277351E-01
Rho =  1.6765108074E+00
DelSqRho = -1.1215454587E+01
GradDelSqRho = -1.3855583347E-13 -1.9717560917E-13  2.6645352591E-15
HessDelSqRho_EigVals = -2.0720526815E+02  1.3786754104E+02  1.7316615925E+03
HessDelSqRho_EigVec1 = -4.8070347042E-01  4.0734108127E-01  7.7652908318E-01
HessDelSqRho_EigVec2 =  5.8984334639E-01 -5.0506295103E-01  6.3007637808E-01
HessDelSqRho_EigVec3 =  6.4885206344E-01  7.6091041457E-01  2.5180868432E-03
</CP of DelSqRho>
<CP of DelSqRho>
CP# = 56      
Type = (3,+1)
Coords =  7.16232207082639E-01 -1.32689517831500E-01 -1.43429008487841E-03
DistFromNuc =  7.2954327495E-01
Rho =  1.6763592560E+00
DelSqRho = -1.1211089387E+01
GradDelSqRho =  1.6342482922E-12 -1.6271428649E-12  1.5532575226E-12
HessDelSqRho_EigVals = -2.0722480302E+02  1.3774192171E+02  1.7313408042E+03
HessDelSqRho_EigVec1 = -1.1444641947E-01 -6.2460660755E-01  7.7250799535E-01
HessDelSqRho_EigVec2 =  1.4113252815E-01  7.5950755347E-01  6.3500384701E-01
HessDelSqRho_EigVec3 =  9.8335325625E-01 -1.8169992304E-01 -1.2293895622E-03
</CP of DelSqRho>
<CP of DelSqRho>
CP# = 57      
Type = (3,+1)
Coords = -7.18559606849872E-01  1.32450492758322E-01  3.24947279242154E-04
DistFromNuc =  7.2954201073E-01
Rho =  1.6763665887E+00
DelSqRho = -1.1211958313E+01
GradDelSqRho = -1.6058265828E-12  1.6129320102E-12 -1.5440981826E-12
HessDelSqRho_EigVals = -2.0722204096E+02  1.3777516095E+02  1.7313846824E+03
HessDelSqRho_EigVec1 = -1.1448825334E-01 -6.2464134964E-01  7.7247370452E-01
HessDelSqRho_EigVec2 =  1.4116110556E-01  7.5946735743E-01  6.3504556945E-01
HessDelSqRho_EigVec3 =  9.8334428463E-01 -1.8174850019E-01 -1.2249722737E-03
</CP of DelSqRho>
<CP of DelSqRho>
CP# = 58      
Type = (3,+3)
Coords =  4.45557362716519E-01 -3.82401464144511E-01  3.79339322738185E-01
DistFromNuc =  7.0000436655E-01
Rho =  2.0579330386E+00
DelSqRho = -2.5239191282E+01
GradDelSqRho =  1.3322676296E-13 -9.9475983006E-14  8.2600593032E-14
HessDelSqRho_EigVals =  2.5307940730E+02  2.8924492567E+02  2.7883035644E+03
HessDelSqRho_EigVec1 =  4.1519134120E-01 -3.4964584997E-01 -8.3985947026E-01
HessDelSqRho_EigVec2 =  6.4838780598E-01  7.6130173484E-01  3.5946616360E-03
HessDelSqRho_EigVec3 =  6.3812961321E-01 -5.4604711164E-01  5.4279199388E-01
</CP of DelSqRho>
<CP of DelSqRho>
CP# = 59      
Type = (3,+3)
Coords = -4.47888198933543E-01  3.82153933028720E-01 -3.80426438358420E-01
DistFromNuc =  7.0000775474E-01
Rho =  2.0578800862E+00
DelSqRho = -2.5237909804E+01
GradDelSqRho =  0.0000000000E+00 -4.6185277824E-14  1.5099033135E-14
HessDelSqRho_EigVals =  2.5305529115E+02  2.8923408720E+02  2.7881567351E+03
HessDelSqRho_EigVec1 =  4.1527726821E-01 -3.4950904963E-01 -8.3987392788E-01
HessDelSqRho_EigVec2 =  6.4834278326E-01  7.6133934299E-01  3.7470262868E-03
HessDelSqRho_EigVec3 =  6.3811944485E-01 -5.4608225483E-01  5.4276859255E-01
</CP of DelSqRho>
<CP of DelSqRho>
CP# = 60      
Type = (3,+1)
Coords = -2.45226978155386E-01  6.87382397403217E-01  2.15686666979208E-03
DistFromNuc =  7.2955877566E-01
Rho =  1.6761309977E+00
DelSqRho = -1.1206012451E+01
GradDelSqRho =  1.0658141036E-14 -7.1054273576E-14 -1.4127587988E-14
HessDelSqRho_EigVals = -2.0725690489E+02  1.3763216585E+02  1.7308823705E+03
HessDelSqRho_EigVec1 =  5.9624440972E-01  2.0861399115E-01  7.7522435886E-01
HessDelSqRho_EigVec2 =  7.2978645047E-01  2.6153045166E-01 -6.3167520101E-01
HessDelSqRho_EigVec3 = -3.3452106150E-01  9.4238104053E-01  3.6924056541E-03
</CP of DelSqRho>
<CP of DelSqRho>
CP# = 61      
Type = (3,+1)
Coords =  2.42909253283719E-01 -6.87654156135676E-01 -3.26818552341757E-03
DistFromNuc =  7.2956148518E-01
Rho =  1.6760812651E+00
DelSqRho = -1.1204808245E+01
GradDelSqRho = -2.6645352591E-14 -1.0302869669E-13 -3.9968028887E-15
HessDelSqRho_EigVals = -2.0726946770E+02  1.3761825917E+02  1.7307972008E+03
HessDelSqRho_EigVec1 =  5.9622426231E-01  2.0862100225E-01  7.7523796763E-01
HessDelSqRho_EigVec2 =  7.2979083460E-01  2.6155863340E-01 -6.3165846707E-01
HessDelSqRho_EigVec3 = -3.3454740585E-01  9.4237166698E-01  3.6979079033E-03
</CP of DelSqRho>
<CP of DelSqRho>
CP# = 62      
Type = (3,+1)
Coords =  3.44866335393460E-01  1.20178261668375E-01  6.39913788784469E-01
DistFromNuc =  7.3784244075E-01
Rho =  1.5350317469E+00
DelSqRho = -8.5097976423E+00
