 AIMInt (Version 19.02.13, Professional)
 Portions Copyright (c) 1997-2019 by Todd A. Keith
 AIMInt is a component of the AIMAll package ( http://aim.tkgristmill.com )

 TP:  64-bit Linux

 Licensed To:  Research Group of Fernando Cortes Guzman, UNAM, fercor@unam.mx

 AIMInt is a heavily modified and extended version of the PROAIMV program
 developed by members of R.F.W. Bader's research group

 Much of the Quantum Theory of Atoms in Molecules (QTAIM) is described in the book:
   "Atoms in Molecules - A Quantum Theory"
   R.F.W. Bader, Oxford University Press, Oxford, 1990

 For additional references see:  http://aim.tkgristmill.com/references.html

 Current Directory:  /home/lillian/David/proyecto_spin/noab/hexaaqua/def2/pbe0/opt_scan/int

 Inp File:  v42_pbe0_noab_atomicfiles/v1.inp
 Wfx File:  v42_pbe0_noab.wfx
 Out File:  v42_pbe0_noab_atomicfiles/v1.int

 Wfx Title:   Title Card Required                                                           
 Job Title:   Title Card Required                                                           
 
<Atom>
V1      
</Atom>
<Nuclei of Molecule>
    19
V1        23.0          -4.9960371002E-04  -9.3966709547E-04   4.1237011528E-04
O2         8.0          -1.1609133088E+00  -2.8196301646E+00   2.1231039313E+00
H3         1.0          -1.1412122782E+00  -4.6307471736E+00   1.6677101709E+00
H4         1.0          -1.9465601617E+00  -2.7205670137E+00   3.8142803114E+00
O5         8.0           1.8698727702E+00  -2.4241923723E+00  -2.1051809491E+00
H6         1.0           3.4535323168E+00  -3.3001782603E+00  -1.6444789480E+00
H7         1.0           1.3916528032E+00  -3.0724662079E+00  -3.7898056487E+00
O8         8.0          -1.8678717938E+00   2.4279610386E+00   2.1026665433E+00
H9         1.0          -3.4553877636E+00   3.2984699253E+00   1.6451090465E+00
H10        1.0          -1.3850084140E+00   3.0826217224E+00   3.7834550989E+00
O11        8.0          -3.0280350441E+00  -4.1674883184E-01  -2.1122712015E+00
H12        1.0          -3.3437593196E+00   3.1515672821E-01  -3.8009361356E+00
H13        1.0          -4.5810086831E+00  -1.3467596260E+00  -1.6529770464E+00
O14        8.0           3.0267676926E+00   4.1636963861E-01   2.1141749754E+00
H15        1.0           4.5759214284E+00   1.3537573979E+00   1.6571579402E+00
H16        1.0           3.3463115869E+00  -3.1931106655E-01   3.8004305087E+00
O17        8.0           1.1612688423E+00   2.8179224344E+00  -2.1235037336E+00
H18        1.0           1.9764903117E+00   2.7168441871E+00  -3.8005317342E+00
H19        1.0           1.1118057926E+00   4.6313377875E+00  -1.6808146019E+00
</Nuclei of Molecule>
<Total Number of CPs of DelSqRho>
    95
</Total Number of CPs of DelSqRho>
<Number of (3,+3) CPs of DelSqRho>
    15
</Number of (3,+3) CPs of DelSqRho>
<Number of (3,+1) CPs of DelSqRho>
    35
</Number of (3,+1) CPs of DelSqRho>
<Number of (3,-1) CPs of DelSqRho>
    33
</Number of (3,-1) CPs of DelSqRho>
<Number of (3,-3) CPs of DelSqRho>
    12
</Number of (3,-3) CPs of DelSqRho>
<Number of Degenerate CPs of DelSqRho>
     0
</Number of Degenerate CPs of DelSqRho>
<CP of DelSqRho>
CP# = 1       
Type = (3,+3)
Coords = -4.99603708314341E-04 -9.39667092733804E-04  4.12370115085663E-04
DistFromNuc =  3.2336963130E-12
Rho =  7.9534889906E+03
DelSqRho = -1.0023019268E+09
GradDelSqRho = -2.5749206543E-05  8.3446502686E-07  4.4405460358E-06
HessDelSqRho_EigVals =  5.8717138296E+14  5.8717138296E+14  5.8717138699E+14
HessDelSqRho_EigVec1 =  7.4306853414E-01 -6.6920968074E-01  2.7489588744E-03
HessDelSqRho_EigVec2 =  6.6921498255E-01  7.4306604912E-01 -2.0380808404E-03
HessDelSqRho_EigVec3 = -6.7875458145E-04  3.3540782077E-03  9.9999414471E-01
</CP of DelSqRho>
<CP of DelSqRho>
CP# = 2       
Type = (3,+1)
Coords = -1.78969156504740E-02  1.77949030559141E-01 -1.19194502134882E-04
DistFromNuc =  1.7973345591E-01
Rho =  6.9255062235E+01
DelSqRho = -3.4353031816E+03
GradDelSqRho =  3.8653524825E-12 -2.9103830457E-11  7.2759576142E-12
HessDelSqRho_EigVals = -1.3530026536E+02  1.3756827548E+04  4.6823741181E+06
HessDelSqRho_EigVec1 =  9.9044333240E-01  9.6027965550E-02 -9.8998157278E-02
HessDelSqRho_EigVec2 =  9.8248908830E-02  1.2511238250E-02  9.9508322307E-01
HessDelSqRho_EigVec3 = -9.6794406997E-02  9.9530000440E-01 -2.9570296720E-03
</CP of DelSqRho>
<CP of DelSqRho>
CP# = 3       
Type = (3,+1)
Coords =  1.66057871994622E-02 -1.79856074062232E-01  1.05385561688597E-03
DistFromNuc =  1.7973337638E-01
Rho =  6.9255152768E+01
DelSqRho = -3.4353211369E+03
GradDelSqRho = -9.0949470177E-12  9.0949470177E-11 -7.2759576142E-12
HessDelSqRho_EigVals = -1.3816104333E+02  1.3762983135E+04  4.6823935760E+06
HessDelSqRho_EigVec1 =  9.9051377429E-01  9.4339714045E-02 -9.9912368054E-02
HessDelSqRho_EigVec2 =  9.9121337315E-02  1.3045835719E-02  9.9498983244E-01
HessDelSqRho_EigVec3 = -9.5170496610E-02  9.9545458185E-01 -3.5710013591E-03
</CP of DelSqRho>
<CP of DelSqRho>
CP# = 4       
Type = (3,+3)
Coords = -5.70801487368479E-04 -2.75385766981290E-04  1.80239272747912E-01
DistFromNuc =  1.7982814365E-01
Rho =  6.9374210498E+01
DelSqRho = -3.4838634903E+03
GradDelSqRho =  1.7280399334E-11 -2.5465851650E-11  9.6406438388E-11
HessDelSqRho_EigVals =  1.9605978847E+04  1.9623073353E+04  4.6707801311E+06
HessDelSqRho_EigVec1 =  4.8501619333E-01  8.7449989235E-01 -3.0381733254E-03
HessDelSqRho_EigVec2 =  8.7450508041E-01 -4.8501164483E-01  2.1374540148E-03
HessDelSqRho_EigVec3 = -3.9565386396E-04  3.6935978179E-03  9.9999310037E-01
</CP of DelSqRho>
<CP of DelSqRho>
CP# = 5       
Type = (3,+3)
Coords = -4.08096761462111E-04 -1.59348498756580E-03 -1.79414575766569E-01
DistFromNuc =  1.7982815774E-01
Rho =  6.9374160590E+01
DelSqRho = -3.4838507970E+03
GradDelSqRho =  1.4551915228E-11 -7.2759576142E-12 -1.1641532183E-10
HessDelSqRho_EigVals =  1.9602486962E+04  1.9623468680E+04  4.6707747298E+06
HessDelSqRho_EigVec1 =  9.8597039787E-01 -1.6691657875E-01  1.1091708017E-03
HessDelSqRho_EigVec2 =  1.6691948617E-01  9.8596432104E-01 -3.4989677239E-03
HessDelSqRho_EigVec3 = -5.0956711484E-04  3.6350208192E-03  9.9999326346E-01
</CP of DelSqRho>
<CP of DelSqRho>
CP# = 6       
Type = (3,+1)
Coords =  1.35683529601044E-01  1.22221447854087E-02  1.16976366548599E-01
DistFromNuc =  1.7973937898E-01
Rho =  6.9204953317E+01
DelSqRho = -3.3944894963E+03
GradDelSqRho =  2.6830093702E-11  2.0008883439E-11  0.0000000000E+00
HessDelSqRho_EigVals = -1.5521212263E+04  2.0293121200E+03  4.6791197545E+06
HessDelSqRho_EigVec1 = -6.4571247359E-01 -5.7271858732E-02  7.6142979693E-01
HessDelSqRho_EigVec2 = -9.2900200148E-02  9.9566782080E-01 -3.8914569273E-03
HessDelSqRho_EigVec3 =  7.5790827563E-01  7.3249742812E-02  6.4823569858E-01
</CP of DelSqRho>
<CP of DelSqRho>
CP# = 7       
Type = (3,+1)
Coords = -1.36700040656218E-01 -1.35383152793637E-02 -1.16193359155241E-01
DistFromNuc =  1.7973920290E-01
Rho =  6.9205213587E+01
DelSqRho = -3.3945627349E+03
GradDelSqRho =  5.2750692703E-11  1.0913936421E-11  3.0013325159E-11
HessDelSqRho_EigVals = -1.5516505555E+04  2.0493468043E+03  4.6791709215E+06
HessDelSqRho_EigVec1 = -6.4613531675E-01 -5.5056001310E-02  7.6123451654E-01
HessDelSqRho_EigVec2 = -8.9074279833E-02  9.9601858981E-01 -3.5695139530E-03
HessDelSqRho_EigVec3 =  7.5800720651E-01  7.0112805373E-02  6.4846686068E-01
</CP of DelSqRho>
<CP of DelSqRho>
CP# = 8       
Type = (3,+1)
Coords =  1.63831671931094E-01 -7.37341263373140E-02  9.73949615987247E-04
DistFromNuc =  1.7973346050E-01
Rho =  6.9255006165E+01
DelSqRho = -3.4352887995E+03
GradDelSqRho = -2.8194335755E-11 -1.2732925825E-11 -2.5465851650E-11
HessDelSqRho_EigVals = -1.3658822492E+02  1.3751290732E+04  4.6823722809E+06
HessDelSqRho_EigVec1 =  4.0286735085E-01  9.1020004305E-01  9.6092555640E-02
HessDelSqRho_EigVec2 = -4.1759954078E-02 -8.6600397619E-02  9.9536750870E-01
HessDelSqRho_EigVec3 =  9.1430520279E-01 -4.0501389206E-01  3.1214392282E-03
</CP of DelSqRho>
<CP of DelSqRho>
CP# = 9       
Type = (3,-1)
Coords =  8.00714609206123E-02 -1.14090390738747E-01  1.14469862863443E-01
DistFromNuc =  1.7973284165E-01
Rho =  6.9190167837E+01
DelSqRho = -3.3859084188E+03
GradDelSqRho = -4.0017766878E-11  7.2759576142E-11 -6.5483618528E-11
HessDelSqRho_EigVals = -1.6699992106E+04 -2.0255006033E+03  4.6796816655E+06
HessDelSqRho_EigVec1 = -3.6608353922E-01  5.1801039536E-01  7.7307701596E-01
HessDelSqRho_EigVec2 =  8.1541799731E-01  5.7886997005E-01 -1.7456936666E-03
HessDelSqRho_EigVec3 = -4.4841535654E-01  6.2974184240E-01 -6.3430976655E-01
</CP of DelSqRho>
<CP of DelSqRho>
CP# = 10      
Type = (3,-1)
Coords = -8.04803605922331E-02  1.12626299041590E-01 -1.13647841558532E-01
DistFromNuc =  1.7973280731E-01
Rho =  6.9190204613E+01
DelSqRho = -3.3859253276E+03
GradDelSqRho =  2.5465851650E-11 -3.6379788071E-12 -2.1827872843E-11
HessDelSqRho_EigVals = -1.6693755072E+04 -2.0233406355E+03  4.6796923033E+06
HessDelSqRho_EigVec1 = -3.6321587588E-01  5.2004440118E-01  7.7306406481E-01
HessDelSqRho_EigVec2 =  8.1849272250E-01  5.7451369244E-01 -1.9184413303E-03
HessDelSqRho_EigVec3 = -4.4513356504E-01  6.3205050273E-01 -6.3432505175E-01
</CP of DelSqRho>
<CP of DelSqRho>
CP# = 11      
Type = (3,+1)
Coords =  7.88388356501720E-02 -1.12848412038424E-01 -1.15725683677624E-01
DistFromNuc =  1.7973926308E-01
Rho =  6.9205119005E+01
DelSqRho = -3.3945291204E+03
GradDelSqRho =  1.4551915228E-11 -2.9103830457E-11 -3.6379788071E-11
HessDelSqRho_EigVals = -1.5523248190E+04  2.0404921393E+03  4.6791547250E+06
HessDelSqRho_EigVec1 = -3.7508102614E-01  5.2579216181E-01 -7.6345060509E-01
HessDelSqRho_EigVec2 =  8.1507573207E-01  5.7935263323E-01 -1.4413093406E-03
HessDelSqRho_EigVec3 = -4.4154928924E-01  6.2281066862E-01  6.4586461137E-01
</CP of DelSqRho>
<CP of DelSqRho>
CP# = 12      
Type = (3,+3)
Coords =  1.78422582443912E-01  1.50250940135490E-02  6.42744383122576E-03
DistFromNuc =  1.7973370137E-01
Rho =  6.9255396961E+01
DelSqRho = -3.4355124701E+03
GradDelSqRho = -4.4565240387E-11 -6.1845639721E-11 -3.6379788071E-12
HessDelSqRho_EigVals =  1.3264158080E+02  1.3619727830E+04  4.6823413223E+06
HessDelSqRho_EigVec1 = -8.8787934065E-02  9.9604719100E-01 -2.5876770208E-03
HessDelSqRho_EigVec2 = -3.3535246381E-02 -3.9285678801E-04  9.9943745823E-01
HessDelSqRho_EigVec3 =  9.9548585626E-01  8.8824765530E-02  3.3437568900E-02
</CP of DelSqRho>
<CP of DelSqRho>
CP# = 13      
Type = (3,+3)
Coords = -1.79353258148003E-01 -1.76245692427558E-02 -5.68120872303187E-03
DistFromNuc =  1.7973354547E-01
Rho =  6.9255606918E+01
DelSqRho = -3.4355688308E+03
GradDelSqRho = -3.9108272176E-11 -1.8189894035E-12 -1.5461409930E-11
HessDelSqRho_EigVals =  1.4158393397E+02  1.3628718583E+04  4.6823840868E+06
HessDelSqRho_EigVec1 = -9.2721980284E-02  9.9568042513E-01 -4.8088864896E-03
HessDelSqRho_EigVec2 = -3.4177211426E-02  1.6441940741E-03  9.9941443598E-01
HessDelSqRho_EigVec3 =  9.9510529724E-01  9.2832039959E-02  3.3877127472E-02
</CP of DelSqRho>
<CP of DelSqRho>
CP# = 14      
Type = (3,+1)
Coords = -7.91777481991973E-02  1.11449807332910E-01  1.16535571505485E-01
DistFromNuc =  1.7973937321E-01
Rho =  6.9204971411E+01
DelSqRho = -3.3944852698E+03
GradDelSqRho =  0.0000000000E+00 -3.2741809264E-11 -3.0922819860E-11
HessDelSqRho_EigVals = -1.5527917301E+04  2.0294093479E+03  4.6791236477E+06
HessDelSqRho_EigVec1 =  3.7238579475E-01 -5.2760499812E-01  7.6351934214E-01
HessDelSqRho_EigVec2 =  8.1828987224E-01  5.7480263964E-01 -1.9001205666E-03
HessDelSqRho_EigVec3 = -4.3787042017E-01  6.2548772284E-01  6.4578216430E-01
</CP of DelSqRho>
<CP of DelSqRho>
CP# = 15      
Type = (3,+1)
Coords = -5.78603750056714E-02 -1.24716708062696E-01  1.17438557626965E-01
DistFromNuc =  1.7973909569E-01
Rho =  6.9205382483E+01
DelSqRho = -3.3945858162E+03
GradDelSqRho = -1.0913936421E-11 -6.7302607931E-11  5.4569682106E-12
HessDelSqRho_EigVals = -1.5516423923E+04  2.0491061525E+03  4.6791957613E+06
HessDelSqRho_EigVec1 =  2.7129176414E-01  5.9156993169E-01  7.5924027464E-01
HessDelSqRho_EigVec2 =  9.0801449115E-01 -4.1893415019E-01  1.9651136669E-03
HessDelSqRho_EigVec3 =  3.1923418141E-01  6.8886805248E-01 -6.5080745516E-01
</CP of DelSqRho>
<CP of DelSqRho>
CP# = 16      
Type = (3,+1)
Coords =  5.70539889528773E-02  1.22771851165877E-01 -1.16588770486888E-01
DistFromNuc =  1.7973931868E-01
Rho =  6.9205032015E+01
DelSqRho = -3.3944902744E+03
GradDelSqRho =  1.0913936421E-11 -2.5465851650E-11  7.2759576142E-12
HessDelSqRho_EigVals = -1.5527782300E+04  2.0302827138E+03  4.6791314640E+06
HessDelSqRho_EigVec1 =  2.7188875486E-01  5.9114348526E-01  7.5935886432E-01
HessDelSqRho_EigVec2 =  9.0745781291E-01 -4.2013770001E-01  2.1519330426E-03
HessDelSqRho_EigVec3 =  3.2030738793E-01  6.8850104784E-01 -6.5066849037E-01
</CP of DelSqRho>
<CP of DelSqRho>
CP# = 17      
Type = (3,+3)
Coords = -1.03705754568348E-01  1.46108766272451E-01  5.83980686320310E-03
DistFromNuc =  1.7973371526E-01
Rho =  6.9255458624E+01
DelSqRho = -3.4355373224E+03
GradDelSqRho = -1.8189894035E-11  1.0913936421E-11 -7.2759576142E-12
HessDelSqRho_EigVals =  1.3442378657E+02  1.3630413569E+04  4.6823430996E+06
HessDelSqRho_EigVec1 =  8.1848330371E-01  5.7452688466E-01 -1.9850298378E-03
HessDelSqRho_EigVec2 =  1.8956825179E-02 -2.3552809948E-02  9.9954284747E-01
HessDelSqRho_EigVec3 = -5.7421748521E-01  8.1814676186E-01  3.0168787411E-02
</CP of DelSqRho>
<CP of DelSqRho>
CP# = 18      
Type = (3,+3)
Coords =  1.02481582459414E-01 -1.48144384892162E-01 -5.04914576614958E-03
DistFromNuc =  1.7973364126E-01
Rho =  6.9255553061E+01
DelSqRho = -3.4355626123E+03
GradDelSqRho = -3.1377567211E-11  3.6379788071E-12  1.4551915228E-11
HessDelSqRho_EigVals =  1.4085326103E+02  1.3631796945E+04  4.6823631284E+06
HessDelSqRho_EigVec1 =  8.1932313920E-01  5.7331963710E-01 -3.7666018235E-03
HessDelSqRho_EigVec2 =  2.0490701416E-02 -2.2716240870E-02  9.9953194224E-01
HessDelSqRho_EigVec3 = -5.7296572736E-01  8.1901682896E-01  3.0359663280E-02
</CP of DelSqRho>
<CP of DelSqRho>
CP# = 19      
Type = (3,+1)
Coords = -6.38191601651953E-04  2.57914298823347E-04  3.23868543228243E-01
DistFromNuc =  3.2345841979E-01
Rho =  1.6237064469E+01
DelSqRho =  9.2394969319E+02
GradDelSqRho =  5.6843418861E-13  1.5205614545E-12  5.1159076975E-13
HessDelSqRho_EigVals = -2.5700989260E+05  5.2968807975E+03  5.2983290972E+03
HessDelSqRho_EigVec1 = -4.2962744295E-04  3.7017685622E-03  9.9999305614E-01
HessDelSqRho_EigVec2 =  9.3647160094E-01  3.5074226683E-01 -8.9603901948E-04
HessDelSqRho_EigVec3 = -3.5074314826E-01  9.3646471325E-01 -3.6172896350E-03
</CP of DelSqRho>
<CP of DelSqRho>
CP# = 20      
Type = (3,-1)
Coords = -1.04925416782755E-01 -2.26428239093903E-01  2.06646457317701E-01
DistFromNuc =  3.2292777097E-01
Rho =  1.5842392788E+01
DelSqRho =  1.0041449329E+03
GradDelSqRho = -1.2789769244E-12 -4.3200998334E-12  3.6379788071E-12
HessDelSqRho_EigVals = -2.6159176162E+05 -4.0347976774E+03  5.4625519760E+02
HessDelSqRho_EigVec1 =  3.2335211158E-01  6.9822211775E-01 -6.3869342115E-01
HessDelSqRho_EigVec2 =  2.6599206077E-01  5.8067346527E-01  7.6945860859E-01
HessDelSqRho_EigVec3 =  9.0812534132E-01 -4.1869344515E-01  2.0404511527E-03
</CP of DelSqRho>
<CP of DelSqRho>
CP# = 21      
Type = (3,-1)
Coords = -5.86811301544068E-02 -1.27873292294263E-01 -1.12754334202791E-01
DistFromNuc =  1.7973296356E-01
Rho =  6.9189960385E+01
DelSqRho = -3.3858513240E+03
GradDelSqRho = -1.0913936421E-11  9.0949470177E-11  2.9103830457E-11
HessDelSqRho_EigVals = -1.6708724310E+04 -2.0350311162E+03  4.6796459473E+06
HessDelSqRho_EigVec1 = -2.6437040227E-01 -5.7113425659E-01  7.7711900720E-01
HessDelSqRho_EigVec2 =  9.0843597667E-01 -4.1802003143E-01  1.8247201320E-03
HessDelSqRho_EigVec3 =  3.2380915164E-01  7.0644526629E-01  6.2935103007E-01
</CP of DelSqRho>
<CP of DelSqRho>
CP# = 22      
Type = (3,+1)
Coords = -3.54759408883400E-04 -2.13418366955249E-03 -3.23043590955701E-01
DistFromNuc =  3.2345819916E-01
Rho =  1.6237099527E+01
DelSqRho =  9.2395172722E+02
GradDelSqRho = -7.9580786405E-13 -2.2737367544E-13 -7.4749095802E-12
HessDelSqRho_EigVals = -2.5701104198E+05  5.2966219826E+03  5.2984994672E+03
HessDelSqRho_EigVec1 = -4.4632486657E-04  3.6940171315E-03  9.9999307749E-01
HessDelSqRho_EigVec2 =  9.9515035640E-01  9.8365449390E-02  8.0797254164E-05
HessDelSqRho_EigVec3 = -9.8364469988E-02  9.9514350352E-01 -3.7200054110E-03
</CP of DelSqRho>
<CP of DelSqRho>
CP# = 23      
Type = (3,-1)
Coords = -3.01968021914238E-02  3.20844403400097E-01 -7.70537782584997E-04
DistFromNuc =  3.2315369547E-01
Rho =  1.5906501060E+01
DelSqRho =  9.7237254240E+02
GradDelSqRho = -4.0358827391E-12  3.2969182939E-12 -1.1368683772E-13
HessDelSqRho_EigVals = -2.5976615993E+05 -3.8971393797E+01  3.4947758581E+03
HessDelSqRho_EigVec1 = -9.1899061851E-02  9.9576158237E-01 -3.6651747296E-03
HessDelSqRho_EigVec2 =  9.9028168984E-01  9.1006226209E-02 -1.0516673223E-01
HessDelSqRho_EigVec3 =  1.0438743798E-01  1.3294279455E-02  9.9444784927E-01
</CP of DelSqRho>
<CP of DelSqRho>
CP# = 24      
Type = (3,-3)
Coords =  1.05372354109430E-01  2.29865006632530E-01  1.99843037345072E-01
DistFromNuc =  3.2288118542E-01
Rho =  1.5808813443E+01
DelSqRho =  1.0117710567E+03
GradDelSqRho = -3.4106051316E-12 -1.5916157281E-12 -2.1458390620E-12
HessDelSqRho_EigVals = -2.6199364938E+05 -4.3698487971E+03 -5.4084147939E+02
HessDelSqRho_EigVec1 =  3.2787860255E-01  7.1478043239E-01  6.1772530745E-01
HessDelSqRho_EigVec2 = -2.5961441323E-01 -5.6052483595E-01  7.8639192819E-01
HessDelSqRho_EigVec3 =  9.0834793908E-01 -4.1821147970E-01  1.7832026369E-03
</CP of DelSqRho>
<CP of DelSqRho>
CP# = 25      
Type = (3,-1)
Coords =  2.47522730217507E-01  2.27000108013545E-02  2.05857899727803E-01
DistFromNuc =  3.2292689287E-01
Rho =  1.5842516986E+01
DelSqRho =  1.0041433440E+03
GradDelSqRho =  9.5496943686E-12  2.2737367544E-12  8.6686213763E-12
HessDelSqRho_EigVals = -2.6159470879E+05 -4.0336321759E+03  5.4611872850E+02
HessDelSqRho_EigVec1 =  7.6800184063E-01  7.3199001911E-02  6.3625079875E-01
HessDelSqRho_EigVec2 = -6.3383933944E-01 -5.5472178855E-02  7.7147296074E-01
HessDelSqRho_EigVec3 = -9.1765268832E-02  9.9577343984E-01 -3.7936715544E-03
</CP of DelSqRho>
<CP of DelSqRho>
CP# = 26      
Type = (3,-3)
Coords = -2.52830127743324E-01 -2.33631573510941E-02  2.00607302896227E-01
DistFromNuc =  3.2288003559E-01
Rho =  1.5809025807E+01
DelSqRho =  1.0117743955E+03
GradDelSqRho = -2.8990143619E-12  3.9790393203E-13  3.6379788071E-12
HessDelSqRho_EigVals = -2.6199905632E+05 -4.3689810511E+03 -5.4110107734E+02
HessDelSqRho_EigVec1 =  7.8144753535E-01  6.9437560937E-02 -6.2009529479E-01
HessDelSqRho_EigVec2 =  6.1724061274E-01  5.9545655575E-02  7.8451790348E-01
HessDelSqRho_EigVec3 = -9.1398990577E-02  9.9580758183E-01 -3.6721231305E-03
</CP of DelSqRho>
<CP of DelSqRho>
CP# = 27      
Type = (3,-3)
Coords =  2.51823059664929E-01  2.15927689844262E-02 -1.99781743566328E-01
DistFromNuc =  3.2288096921E-01
Rho =  1.5808880008E+01
DelSqRho =  1.0117655520E+03
GradDelSqRho = -7.9580786405E-13  1.8474111130E-13 -1.1368683772E-12
HessDelSqRho_EigVals = -2.6199469056E+05 -4.3683969851E+03 -5.4071078282E+02
HessDelSqRho_EigVec1 =  7.8142131854E-01  6.9781637966E-02 -6.2008970797E-01
HessDelSqRho_EigVec2 =  6.1720715269E-01  5.9834477969E-02  7.8452225330E-01
HessDelSqRho_EigVec3 = -9.1847991826E-02  9.9576621666E-01 -3.6862105897E-03
</CP of DelSqRho>
<CP of DelSqRho>
CP# = 28      
Type = (3,+1)
Coords = -1.86252550236364E-01  2.63287051288488E-01  1.08590692606788E-02
DistFromNuc =  3.2315483808E-01
Rho =  1.5907645214E+01
DelSqRho =  9.7214630629E+02
GradDelSqRho =  7.1054273576E-12 -1.1823431123E-11  0.0000000000E+00
HessDelSqRho_EigVals = -2.5975553779E+05  3.9636578406E+01  3.4570786203E+03
HessDelSqRho_EigVec1 = -5.7481051506E-01  8.1764667399E-01  3.2354107619E-02
HessDelSqRho_EigVec2 =  8.1802549503E-01  5.7517645193E-01 -2.5176632639E-03
HessDelSqRho_EigVec3 =  2.0667879820E-02 -2.5019305584E-02  9.9947329784E-01
</CP of DelSqRho>
<CP of DelSqRho>
CP# = 29      
Type = (3,-3)
Coords =  1.45610488107721E-01 -2.07036389829831E-01  2.01478657293537E-01
DistFromNuc =  3.2288027176E-01
Rho =  1.5808977321E+01
DelSqRho =  1.0117814451E+03
GradDelSqRho =  3.6379788071E-12 -2.3874235922E-12  3.5811353882E-12
HessDelSqRho_EigVals = -2.6199817924E+05 -4.3705640691E+03 -5.4170718235E+02
HessDelSqRho_EigVec1 = -4.5249268976E-01  6.3826317569E-01 -6.2279248893E-01
HessDelSqRho_EigVec2 = -3.5825971607E-01  5.0943487162E-01  7.8238487167E-01
HessDelSqRho_EigVec3 =  8.1663966445E-01  5.7714489526E-01 -1.8515712119E-03
</CP of DelSqRho>
<CP of DelSqRho>
CP# = 30      
Type = (3,-3)
Coords = -1.46511682045743E-01  2.05224760875848E-01 -2.00656032571717E-01
DistFromNuc =  3.2288047470E-01
Rho =  1.5808940658E+01
DelSqRho =  1.0117803788E+03
GradDelSqRho = -1.0800249584E-12 -1.3642420527E-12 -6.1390892370E-12
HessDelSqRho_EigVals = -2.6199729561E+05 -4.3705001694E+03 -5.4163373183E+02
HessDelSqRho_EigVec1 = -4.5218197288E-01  6.3847710291E-01 -6.2279888604E-01
HessDelSqRho_EigVec2 = -3.5801448914E-01  5.0961506837E-01  7.8237977201E-01
HessDelSqRho_EigVec3 =  8.1691926710E-01  5.7674905388E-01 -1.8546931970E-03
</CP of DelSqRho>
<CP of DelSqRho>
CP# = 31      
Type = (3,-1)
Coords = -2.48527155212567E-01 -2.44638482934198E-02 -2.05041250456493E-01
DistFromNuc =  3.2292761358E-01
Rho =  1.5842401730E+01
DelSqRho =  1.0041399530E+03
GradDelSqRho =  8.0717654782E-12 -2.2737367544E-13  3.4106051316E-12
HessDelSqRho_EigVals = -2.6159204147E+05 -4.0335080082E+03  5.4658156906E+02
HessDelSqRho_EigVec1 =  7.6801262383E-01  7.2848351466E-02  6.3627802675E-01
HessDelSqRho_EigVec2 = -6.3388830300E-01 -5.5222551156E-02  7.7145063948E-01
HessDelSqRho_EigVec3 = -9.1335803206E-02  9.9581302840E-01 -3.7661014792E-03
</CP of DelSqRho>
<CP of DelSqRho>
CP# = 32      
Type = (3,-1)
Coords =  1.43560744508520E-01 -2.05036179037418E-01 -2.04217340094397E-01
DistFromNuc =  3.2292737328E-01
Rho =  1.5842425875E+01
DelSqRho =  1.0041511251E+03
GradDelSqRho = -4.7180037654E-12  2.7284841053E-12  4.5474735089E-12
HessDelSqRho_EigVals = -2.6159318964E+05 -4.0353418874E+03  5.4567512185E+02
HessDelSqRho_EigVec1 = -4.4607862491E-01  6.3198506185E-01  6.3372607805E-01
HessDelSqRho_EigVec2 =  3.6720561521E-01 -5.1649933613E-01  7.7355573292E-01
HessDelSqRho_EigVec3 =  8.1619476631E-01  5.7777445200E-01 -1.6691498131E-03
</CP of DelSqRho>
<CP of DelSqRho>
CP# = 33      
Type = (3,+1)
Coords = -1.34211513023944E-01 -2.94866216752020E-01  1.29618093403632E-02
DistFromNuc =  3.2315503974E-01
Rho =  1.5907585089E+01
DelSqRho =  9.7214974078E+02
GradDelSqRho =  3.4106051316E-12  7.7307049651E-12 -1.2647660697E-12
HessDelSqRho_EigVals = -2.5975538993E+05  3.9969440044E+01  3.4566359976E+03
HessDelSqRho_EigVec1 =  4.1376943647E-01  9.0955218634E-01 -3.8854520539E-02
HessDelSqRho_EigVec2 =  9.1024431893E-01 -4.1407147910E-01  3.0008818718E-04
HessDelSqRho_EigVec3 =  1.5815602922E-02  3.5491273905E-02  9.9924483295E-01
</CP of DelSqRho>
<CP of DelSqRho>
CP# = 34      
Type = (3,-1)
Coords = -2.65172627607222E-01 -1.86348356875775E-01  8.41379997469262E-04
DistFromNuc =  3.2315379601E-01
Rho =  1.5906341012E+01
DelSqRho =  9.7239247120E+02
GradDelSqRho = -5.7980287238E-12 -3.5242919694E-12 -7.1054273576E-13
HessDelSqRho_EigVals = -2.5976687408E+05 -3.9871935643E+01  3.4928861175E+03
HessDelSqRho_EigVec1 =  8.1903045253E-01  5.7374852037E-01 -1.3240839240E-03
HessDelSqRho_EigVec2 = -5.7046997581E-01  8.1409955308E-01 -1.0865507068E-01
HessDelSqRho_EigVec3 = -6.1262749905E-02  8.9747161837E-02  9.9407862990E-01
</CP of DelSqRho>
<CP of DelSqRho>
CP# = 35      
Type = (3,-1)
Coords =  2.64424006306267E-01  1.84110441228836E-01  3.89489014287190E-05
DistFromNuc =  3.2315352571E-01
Rho =  1.5906384153E+01
DelSqRho =  9.7239227804E+02
GradDelSqRho = -9.0949470177E-13 -2.3874235922E-12  5.6843418861E-14
HessDelSqRho_EigVals = -2.5976741952E+05 -3.9846584171E+01  3.4926037936E+03
HessDelSqRho_EigVec1 =  8.1980769635E-01  5.7263776297E-01 -1.1547437176E-03
HessDelSqRho_EigVec2 = -5.6935871923E-01  8.1489446152E-01 -1.0852495299E-01
HessDelSqRho_EigVec3 = -6.1204492045E-02  8.9627055109E-02  9.9409305457E-01
</CP of DelSqRho>
<CP of DelSqRho>
CP# = 36      
Type = (3,+1)
Coords =  3.21205203441373E-01  2.73759729857469E-02  1.19525691780341E-02
DistFromNuc =  3.2315466051E-01
Rho =  1.5907540760E+01
DelSqRho =  9.7216372809E+02
GradDelSqRho =  2.7284841053E-12  9.3791641120E-13  1.3926637621E-12
HessDelSqRho_EigVals = -2.5975668763E+05  3.9114647381E+01  3.4549572026E+03
HessDelSqRho_EigVec1 =  9.9551240894E-01  8.7622512734E-02  3.5739878461E-02
HessDelSqRho_EigVec2 = -8.7594540481E-02  9.9615343722E-01 -2.3507419974E-03
HessDelSqRho_EigVec3 = -3.5808380695E-02 -7.9042540203E-04  9.9935836170E-01
</CP of DelSqRho>
<CP of DelSqRho>
CP# = 37      
Type = (3,-1)
Coords =  2.90910346268037E-02 -3.22733499795462E-01  1.62636997752771E-03
DistFromNuc =  3.2315375665E-01
Rho =  1.5906484149E+01
DelSqRho =  9.7237462130E+02
GradDelSqRho = -6.8212102633E-13 -1.0970779840E-11  3.5527136788E-14
HessDelSqRho_EigVals = -2.5976642263E+05 -3.9023594035E+01  3.4948426364E+03
HessDelSqRho_EigVec1 = -9.1567898397E-02  9.9579175629E-01 -3.7547424876E-03
HessDelSqRho_EigVec2 =  9.9030353815E-01  9.0666356266E-02 -1.0525452087E-01
HessDelSqRho_EigVec3 =  1.0447115537E-01  1.3356270043E-02  9.9443822721E-01
</CP of DelSqRho>
<CP of DelSqRho>
CP# = 38      
Type = (3,-1)
Coords =  2.93564183227491E-01 -1.34932896888144E-01  1.17451262378483E-03
DistFromNuc =  3.2315364346E-01
Rho =  1.5906422905E+01
DelSqRho =  9.7238291122E+02
GradDelSqRho = -6.8212102633E-13 -1.3642420527E-12 -6.2527760747E-13
HessDelSqRho_EigVals = -2.5976662355E+05 -3.9007191436E+01  3.4933461092E+03
HessDelSqRho_EigVec1 =  9.0998192952E-01 -4.1464118023E-01  2.3621188064E-03
HessDelSqRho_EigVec2 =  4.1225397704E-01  9.0532481212E-01  1.0214520535E-01
HessDelSqRho_EigVec3 = -4.4492093264E-02 -9.1976498181E-02  9.9476669497E-01
</CP of DelSqRho>
<CP of DelSqRho>
CP# = 39      
Type = (3,-1)
Coords = -2.94453370844872E-01  1.33295001834112E-01 -3.45193590324732E-04
DistFromNuc =  3.2315373657E-01
Rho =  1.5906410805E+01
DelSqRho =  9.7238243967E+02
GradDelSqRho = -2.5579538487E-12  1.8189894035E-12 -3.4106051316E-13
HessDelSqRho_EigVals = -2.5976636178E+05 -3.9097330599E+01  3.4935485624E+03
HessDelSqRho_EigVec1 =  9.0964003113E-01 -4.1539083546E-01  2.3382848095E-03
HessDelSqRho_EigVec2 =  4.1300032486E-01  9.0498038872E-01  1.0218232580E-01
HessDelSqRho_EigVec3 = -4.4561703580E-02 -9.1983421639E-02  9.9476293895E-01
</CP of DelSqRho>
<CP of DelSqRho>
CP# = 40      
Type = (3,+1)
Coords = -3.22207028509984E-01 -2.92252712819528E-02 -1.11430297442755E-02
DistFromNuc =  3.2315517920E-01
Rho =  1.5907455277E+01
DelSqRho =  9.7216183879E+02
GradDelSqRho = -2.9558577808E-12  1.8189894035E-12  0.0000000000E+00
HessDelSqRho_EigVals = -2.5975486355E+05  3.9285477282E+01  3.4551682540E+03
HessDelSqRho_EigVec1 =  9.9551915038E-01  8.7529344951E-02  3.5780371602E-02
HessDelSqRho_EigVec2 = -8.7498317879E-02  9.9616169099E-01 -2.4351117196E-03
HessDelSqRho_EigVec3 = -3.5856179213E-02 -7.0652197808E-04  9.9935671071E-01
</CP of DelSqRho>
<CP of DelSqRho>
CP# = 41      
Type = (3,-3)
Coords = -1.06342584209631E-01 -2.31756434389876E-01 -1.99017021514835E-01
DistFromNuc =  3.2287954229E-01
Rho =  1.5809081355E+01
DelSqRho =  1.0117855654E+03
GradDelSqRho =  3.9790393203E-13  2.5579538487E-13 -6.8212102633E-13
HessDelSqRho_EigVals = -2.6200157084E+05 -4.3704803963E+03 -5.4157476598E+02
HessDelSqRho_EigVec1 =  3.2778849140E-01  7.1482190134E-01  6.1772514460E-01
HessDelSqRho_EigVec2 = -2.5955833338E-01 -5.6055066781E-01  7.8639202717E-01
HessDelSqRho_EigVec3 =  9.0839648639E-01 -4.1810596525E-01  1.7959236255E-03
</CP of DelSqRho>
<CP of DelSqRho>
CP# = 42      
Type = (3,-1)
Coords = -1.44409303165736E-01  2.03262907762286E-01  2.05041595837451E-01
DistFromNuc =  3.2292694715E-01
Rho =  1.5842496031E+01
DelSqRho =  1.0041533247E+03
GradDelSqRho = -1.4495071810E-12 -7.9580786405E-13 -1.3642420527E-12
HessDelSqRho_EigVals = -2.6159477312E+05 -4.0355686787E+03  5.4547608240E+02
HessDelSqRho_EigVec1 = -4.4562200374E-01  6.3230928952E-01  6.3372390848E-01
HessDelSqRho_EigVec2 =  3.6687464984E-01 -5.1673195316E-01  7.7355741861E-01
HessDelSqRho_EigVec3 =  8.1659293475E-01  5.7721144391E-01 -1.7111208159E-03
</CP of DelSqRho>
<CP of DelSqRho>
CP# = 43      
Type = (3,-1)
Coords =  1.03970019229588E-01  2.24529974990836E-01 -2.05818623535095E-01
DistFromNuc =  3.2292674767E-01
Rho =  1.5842554992E+01
DelSqRho =  1.0041514606E+03
GradDelSqRho =  1.5205614545E-12  7.9580786405E-13 -1.1368683772E-13
HessDelSqRho_EigVals = -2.6159596243E+05 -4.0352232588E+03  5.4586031613E+02
HessDelSqRho_EigVec1 =  3.2348711026E-01  6.9816816125E-01 -6.3868404404E-01
HessDelSqRho_EigVec2 =  2.6607403170E-01  5.8062566550E-01  7.6946633859E-01
HessDelSqRho_EigVec3 =  9.0805324687E-01 -4.1884968090E-01  2.0605012073E-03
</CP of DelSqRho>
<CP of DelSqRho>
CP# = 44      
Type = (3,+3)
Coords =  7.13634721697276E-01  5.39658254759471E-02  2.77501517446145E-02
DistFromNuc =  7.1676342132E-01
Rho =  1.7470906889E+00
DelSqRho = -1.5965759243E+01
GradDelSqRho =  3.5313973967E-12  1.2998491172E-12  2.5135449278E-13
HessDelSqRho_EigVals =  1.9847873524E+00  1.4538245772E+02  2.1207312238E+03
HessDelSqRho_EigVec1 = -7.6775408327E-02  9.9704717595E-01  1.5702268564E-03
HessDelSqRho_EigVec2 = -3.7310726086E-02 -4.4467948243E-03  9.9929381852E-01
HessDelSqRho_EigVec3 =  9.9635006217E-01  7.6662604652E-02  3.7541958565E-02
</CP of DelSqRho>
<CP of DelSqRho>
CP# = 45      
Type = (3,+3)
Coords = -7.14490205012208E-01 -5.77801722104792E-02 -2.68447283332840E-02
DistFromNuc =  7.1676800374E-01
Rho =  1.7470243994E+00
DelSqRho = -1.5963438742E+01
GradDelSqRho = -1.3145040612E-13  4.2188474936E-15 -2.4980018054E-15
HessDelSqRho_EigVals =  1.9480386708E+00  1.4534272270E+02  2.1205644581E+03
HessDelSqRho_EigVec1 = -7.9437414795E-02  9.9683954984E-01  7.8039080517E-04
HessDelSqRho_EigVec2 = -3.7247016559E-02 -3.7505037756E-03  9.9929905107E-01
HessDelSqRho_EigVec3 =  9.9614374309E-01  7.9352665996E-02  3.7427229543E-02
</CP of DelSqRho>
<CP of DelSqRho>
CP# = 46      
Type = (3,+1)
Coords = -5.86506864018936E-02  7.13548810535498E-01 -3.16875243712027E-03
DistFromNuc =  7.1685992880E-01
Rho =  1.7453920613E+00
DelSqRho = -1.5911791897E+01
GradDelSqRho = -1.9539925233E-14  2.0605739337E-13 -7.5495165675E-15
HessDelSqRho_EigVals = -1.9786896424E+00  1.4713005219E+02  2.1172458709E+03
HessDelSqRho_EigVec1 =  9.9049085761E-01  7.9999720054E-02 -1.1192812773E-01
HessDelSqRho_EigVec2 =  1.1115703350E-01  1.4042087061E-02  9.9370364480E-01
HessDelSqRho_EigVec3 = -8.1067717915E-02  9.9669597400E-01 -5.0160272933E-03
</CP of DelSqRho>
<CP of DelSqRho>
CP# = 47      
Type = (3,+3)
Coords = -8.14688192556034E-04  1.64096274000758E-03  6.98762816047256E-01
DistFromNuc =  6.9835528512E-01
Rho =  2.1184568126E+00
DelSqRho = -2.5742220166E+01
GradDelSqRho = -1.7763568394E-15  1.4210854715E-14  1.1368683772E-13
HessDelSqRho_EigVals =  2.5130191060E+02  2.5143613410E+02  2.8764434084E+03
HessDelSqRho_EigVec1 =  9.9999938613E-01 -1.0104386054E-03  4.5470155704E-04
HessDelSqRho_EigVec2 =  1.0121101815E-03  9.9999267563E-01 -3.6911146964E-03
HessDelSqRho_EigVec3 = -4.5096858184E-04  3.6915726386E-03  9.9999308444E-01
</CP of DelSqRho>
<CP of DelSqRho>
CP# = 48      
Type = (3,+3)
Coords = -2.05603424286143E-04 -3.52609594033932E-03 -6.97935718556200E-01
DistFromNuc =  6.9835294014E-01
Rho =  2.1184836441E+00
DelSqRho = -2.5742457694E+01
GradDelSqRho =  5.3290705182E-15 -1.9095836024E-14 -1.6342482922E-13
HessDelSqRho_EigVals =  2.5133134219E+02  2.5139437378E+02  2.8765454237E+03
HessDelSqRho_EigVec1 =  7.3693279856E-01  6.7596244702E-01 -2.1955911602E-03
HessDelSqRho_EigVec2 = -6.7596588169E-01  7.3692674560E-01 -3.0163577647E-03
HessDelSqRho_EigVec3 = -4.2095472741E-04  3.7069976834E-03  9.9999304046E-01
</CP of DelSqRho>
<CP of DelSqRho>
CP# = 49      
Type = (3,+1)
Coords =  5.59571586548018E-01  5.33466917230490E-02  4.71155590699597E-01
DistFromNuc =  7.3363882574E-01
Rho =  1.5915899998E+00
DelSqRho = -9.5401999400E+00
GradDelSqRho = -1.7763568394E-15 -1.5543122345E-15  1.5987211555E-14
HessDelSqRho_EigVals = -1.4738424796E+02  2.1865655070E+01  1.6070417522E+03
HessDelSqRho_EigVec1 = -6.3965246242E-01 -5.6442045029E-02  7.6658921391E-01
HessDelSqRho_EigVec2 = -9.2882211527E-02  9.9566827224E-01 -4.1936173948E-03
HessDelSqRho_EigVec3 =  7.6303186179E-01  7.3884959214E-02  6.4212412406E-01
</CP of DelSqRho>
<CP of DelSqRho>
CP# = 50      
Type = (3,+1)
Coords = -2.35330794674215E-01 -5.10688783142656E-01  4.72912748003709E-01
DistFromNuc =  7.3365281753E-01
Rho =  1.5914482149E+00
DelSqRho = -9.5351988949E+00
GradDelSqRho =  2.1316282073E-14  3.5527136788E-14 -2.8865798640E-14
HessDelSqRho_EigVals = -1.4744034754E+02  2.1769671385E+01  1.6066536624E+03
HessDelSqRho_EigVec1 =  2.6776528565E-01  5.8625474289E-01  7.6459605560E-01
HessDelSqRho_EigVec2 =  9.0879614956E-01 -4.1723713772E-01  1.6521015334E-03
HessDelSqRho_EigVec3 =  3.1998642211E-01  6.9441957586E-01 -6.4450767437E-01
</CP of DelSqRho>
<CP of DelSqRho>
CP# = 51      
Type = (3,+1)
Coords =  2.34115457384589E-01  5.08877604706059E-01 -4.72103442051157E-01
DistFromNuc =  7.3364096823E-01
Rho =  1.5915988156E+00
DelSqRho = -9.5396833605E+00
GradDelSqRho = -5.0626169923E-14 -9.9475983006E-14  9.7699626167E-14
HessDelSqRho_EigVals = -1.4742575441E+02  2.1869215306E+01  1.6069942366E+03
HessDelSqRho_EigVec1 =  2.6769672678E-01  5.8632065336E-01  7.6456952196E-01
HessDelSqRho_EigVec2 =  9.0891783597E-01 -4.1697247477E-01  1.5240526905E-03
HessDelSqRho_EigVec3 =  3.1969802928E-01  6.9452289143E-01 -6.4453946609E-01
</CP of DelSqRho>
<CP of DelSqRho>
CP# = 52      
Type = (3,+1)
Coords = -5.60551209285905E-01 -5.57961706566574E-02 -4.70300739919891E-01
DistFromNuc =  7.3364696472E-01
Rho =  1.5914991227E+00
DelSqRho = -9.5374728698E+00
GradDelSqRho =  2.6645352591E-15 -4.2188474936E-15  1.9539925233E-14
HessDelSqRho_EigVals = -1.4738068005E+02  2.1795775370E+01  1.6068123555E+03
HessDelSqRho_EigVec1 = -6.3956103131E-01 -5.6989232403E-02  7.6662501565E-01
HessDelSqRho_EigVec2 = -9.3835080041E-02  9.9557858397E-01 -4.2732772868E-03
HessDelSqRho_EigVec3 =  7.6299191672E-01  7.4669341334E-02  6.4208085510E-01
</CP of DelSqRho>
<CP of DelSqRho>
CP# = 53      
Type = (3,-1)
Coords = -5.75069927211060E-01 -5.38442550969158E-02  4.60865287018643E-01
DistFromNuc =  7.3820514816E-01
Rho =  1.5384593204E+00
DelSqRho = -8.0030644900E+00
GradDelSqRho =  3.9079850467E-14  7.1054273576E-15 -4.9737991503E-14
HessDelSqRho_EigVals = -1.5494136732E+02 -2.0737862439E+01  1.4846767024E+03
HessDelSqRho_EigVec1 =  6.2081003104E-01  6.2455222541E-02  7.8146928957E-01
HessDelSqRho_EigVec2 = -9.5033691613E-02  9.9546577002E-01 -4.0617938550E-03
HessDelSqRho_EigVec3 =  7.7817960833E-01  7.1744309100E-02 -6.2393048595E-01
</CP of DelSqRho>
<CP of DelSqRho>
CP# = 54      
Type = (3,-1)
Coords =  5.74080188165434E-01  5.17819584982030E-02 -4.60066858169438E-01
DistFromNuc =  7.3821584020E-01
Rho =  1.5383180101E+00
DelSqRho = -7.9991573948E+00
GradDelSqRho =  2.1316282073E-14  2.2204460493E-15  0.0000000000E+00
HessDelSqRho_EigVals = -1.5498663076E+02 -2.0785976498E+01  1.4843897048E+03
HessDelSqRho_EigVec1 =  6.2087262096E-01  6.2143741301E-02  7.8144439595E-01
HessDelSqRho_EigVec2 = -9.4668051808E-02  9.9550105518E-01 -3.9508359219E-03
HessDelSqRho_EigVec3 =  7.7817424045E-01  7.1524852706E-02 -6.2396237622E-01
</CP of DelSqRho>
<CP of DelSqRho>
CP# = 55      
Type = (3,+1)
Coords =  5.90968183958074E-01  4.04111245989366E-01  3.96968058397899E-04
DistFromNuc =  7.1686845814E-01
Rho =  1.7452552821E+00
DelSqRho = -1.5908450590E+01
GradDelSqRho = -8.5265128291E-14 -4.4408920985E-14  8.8817841970E-15
HessDelSqRho_EigVals = -2.0049235938E+00  1.4704519177E+02  2.1169437790E+03
HessDelSqRho_EigVec1 = -5.6121118306E-01  8.1959643615E-01 -1.1534162241E-01
HessDelSqRho_EigVec2 = -6.5150675303E-02  9.5179197863E-02  9.9332588298E-01
HessDelSqRho_EigVec3 =  8.2510447673E-01  5.6498017854E-01 -1.8368943681E-05
</CP of DelSqRho>
<CP of DelSqRho>
CP# = 56      
Type = (3,+3)
Coords = -4.07583576037797E-01  5.88470354471861E-01  2.52700295114844E-02
DistFromNuc =  7.1675619096E-01
Rho =  1.7472187474E+00
DelSqRho = -1.5968967767E+01
GradDelSqRho =  1.0880185641E-14 -3.4638958368E-14 -1.0436096431E-14
HessDelSqRho_EigVals =  2.0129417340E+00  1.4546702385E+02  2.1209932107E+03
HessDelSqRho_EigVec1 =  8.2266983000E-01  5.6849067813E-01 -5.7183642667E-03
HessDelSqRho_EigVec2 =  2.4074486219E-02 -2.4785637446E-02  9.9940286736E-01
HessDelSqRho_EigVec3 = -5.6800948049E-01  8.2231625367E-01  3.4076517141E-02
</CP of DelSqRho>
<CP of DelSqRho>
CP# = 57      
Type = (3,+3)
Coords =  4.04758423895175E-01 -5.91613982186634E-01 -2.43695032061431E-02
DistFromNuc =  7.1675962267E-01
Rho =  1.7471679955E+00
DelSqRho = -1.5966994757E+01
GradDelSqRho =  4.2632564146E-14 -2.1316282073E-14 -5.3290705182E-15
HessDelSqRho_EigVals =  1.9570249464E+00  1.4543898991E+02  2.1208674503E+03
HessDelSqRho_EigVec1 =  8.2440318123E-01  5.6596455264E-01 -6.5969642370E-03
HessDelSqRho_EigVec2 =  2.4668425459E-02 -2.4283707605E-02  9.9940070559E-01
HessDelSqRho_EigVec3 = -5.6546517449E-01  8.2407185773E-01  3.3981020180E-02
</CP of DelSqRho>
<CP of DelSqRho>
CP# = 58      
Type = (3,+1)
Coords = -5.91756744224714E-01 -4.06302033353791E-01  4.41065962268084E-04
DistFromNuc =  7.1687073801E-01
Rho =  1.7452370719E+00
DelSqRho = -1.5907658903E+01
GradDelSqRho = -3.7303493627E-14 -3.5527136788E-15 -4.2188474936E-15
HessDelSqRho_EigVals = -1.9713236653E+00  1.4699243898E+02  2.1168658934E+03
HessDelSqRho_EigVec1 = -5.6167626475E-01  8.1933022986E-01 -1.1496846550E-01
HessDelSqRho_EigVec2 = -6.4979315056E-02  9.4844281409E-02  9.9336914131E-01
HessDelSqRho_EigVec3 =  8.2480146838E-01  5.6542244094E-01 -3.2264574130E-05
</CP of DelSqRho>
<CP of DelSqRho>
CP# = 59      
Type = (3,+1)
Coords = -3.27002755401453E-01  4.59238747003023E-01  4.69314430491951E-01
DistFromNuc =  7.3364679723E-01
Rho =  1.5915312752E+00
DelSqRho = -9.5374806365E+00
GradDelSqRho = -1.9095836024E-14  4.4408920985E-14  4.4408920985E-14
HessDelSqRho_EigVals = -1.4745624178E+02  2.1828184808E+01  1.6068284594E+03
HessDelSqRho_EigVec1 = -3.7130580093E-01  5.2080464848E-01 -7.6869663738E-01
HessDelSqRho_EigVec2 =  8.1505870908E-01  5.7937720798E-01 -1.1625960122E-03
HessDelSqRho_EigVec3 = -4.4475982614E-01  6.2696456758E-01  6.3961248272E-01
</CP of DelSqRho>
<CP of DelSqRho>
CP# = 60      
Type = (3,-1)
Coords =  3.33346231354843E-01 -4.69600120411739E-01  4.62868719235693E-01
DistFromNuc =  7.3821510208E-01
Rho =  1.5383760931E+00
DelSqRho = -7.9997476337E+00
GradDelSqRho = -1.8651746814E-14  4.9737991503E-14 -7.1054273576E-15
HessDelSqRho_EigVals = -1.5501112146E+02 -2.0783404268E+01  1.4844236307E+03
HessDelSqRho_EigVec1 = -3.6193734150E-01  5.1155060095E-01  7.7930568039E-01
HessDelSqRho_EigVec2 = -8.1515555714E-01 -5.7923979488E-01  1.6363667493E-03
HessDelSqRho_EigVec3 = -4.5224194685E-01  6.3466309385E-01 -6.2664182657E-01
</CP of DelSqRho>
<CP of DelSqRho>
CP# = 61      
Type = (3,-1)
Coords = -3.34710112821273E-01  4.67480392723212E-01 -4.62028324020284E-01
DistFromNuc =  7.3821772698E-01
Rho =  1.5383376328E+00
DelSqRho = -7.9987701067E+00
GradDelSqRho = -1.0658141036E-14  1.0658141036E-14 -1.7763568394E-15
HessDelSqRho_EigVals = -1.5502948362E+02 -2.0790907846E+01  1.4843533312E+03
HessDelSqRho_EigVec1 = -3.6248251863E-01  5.1112464138E-01  7.7933178086E-01
HessDelSqRho_EigVec2 = -8.1464732306E-01 -5.7995484522E-01  1.4548345842E-03
HessDelSqRho_EigVec3 = -4.5272084415E-01  6.3435319695E-01 -6.2660981384E-01
</CP of DelSqRho>
<CP of DelSqRho>
CP# = 62      
Type = (3,+1)
Coords =  3.25455820734236E-01 -4.61547223246861E-01 -4.68457052724217E-01
DistFromNuc =  7.3365168519E-01
Rho =  1.5914778363E+00
DelSqRho = -9.5359551696E+00
