 AIMInt (Version 19.02.13, Professional)
 Portions Copyright (c) 1997-2019 by Todd A. Keith
 AIMInt is a component of the AIMAll package ( http://aim.tkgristmill.com )

 TP:  64-bit Linux

 Licensed To:  Research Group of Fernando Cortes Guzman, UNAM, fercor@unam.mx

 AIMInt is a heavily modified and extended version of the PROAIMV program
 developed by members of R.F.W. Bader's research group

 Much of the Quantum Theory of Atoms in Molecules (QTAIM) is described in the book:
   "Atoms in Molecules - A Quantum Theory"
   R.F.W. Bader, Oxford University Press, Oxford, 1990

 For additional references see:  http://aim.tkgristmill.com/references.html

 Current Directory:  /home/lillian/David/proyecto_spin/noab/hexaaqua/def2/pbe0/opt_scan/int

 Inp File:  zn21_pbe0_noab_atomicfiles/zn1.inp
 Wfx File:  zn21_pbe0_noab.wfx
 Out File:  zn21_pbe0_noab_atomicfiles/zn1.int

 Wfx Title:   Title Card Required                                                           
 Job Title:   Title Card Required                                                           
 
<Atom>
Zn1     
</Atom>
<Nuclei of Molecule>
    19
Zn1       30.0          -3.4717923419E-05  -1.5650651328E-05   2.9428956346E-05
O2         8.0          -2.2120719594E+00   1.2622494546E+00   3.0655076607E+00
H3         1.0          -1.6617545523E+00   1.4477561828E+00   4.7935277121E+00
H4         1.0          -3.9631977614E+00   1.7645512018E+00   2.9980964808E+00
O5         8.0           1.1076043318E+00   3.7554297611E+00  -7.4700287585E-01
H6         1.0           2.2234163915E+00   4.3086639517E+00  -2.0783649563E+00
H7         1.0           5.9204766573E-01   5.2389599954E+00   1.7866491688E-01
O8         8.0          -1.1075225910E+00  -3.7555438311E+00   7.4708888485E-01
H9         1.0          -5.9368444475E-01  -5.2388175587E+00  -1.7996926651E-01
H10        1.0          -2.2214315272E+00  -4.3091236380E+00   2.0798929284E+00
O11        8.0           3.1271181333E+00  -4.3760917335E-01   2.4329034481E+00
H12        1.0           3.5646565115E+00  -1.9377183623E+00   3.3718862747E+00
H13        1.0           4.3813671790E+00   8.2793514399E-01   2.8185785616E+00
O14        8.0          -3.1270858527E+00   4.3729425191E-01  -2.4327916394E+00
H15        1.0          -3.5651095662E+00   1.9379323095E+00  -3.3707248929E+00
H16        1.0          -4.3802628781E+00  -8.2876497499E-01  -2.8202534524E+00
O17        8.0           2.2119944507E+00  -1.2618854811E+00  -3.0656784338E+00
H18        1.0           3.9620479605E+00  -1.7678089388E+00  -2.9979038973E+00
H19        1.0           1.6626544575E+00  -1.4425756496E+00  -4.7945296342E+00
</Nuclei of Molecule>
<Total Number of CPs of DelSqRho>
    77
</Total Number of CPs of DelSqRho>
<Number of (3,+3) CPs of DelSqRho>
    10
</Number of (3,+3) CPs of DelSqRho>
<Number of (3,+1) CPs of DelSqRho>
    25
</Number of (3,+1) CPs of DelSqRho>
<Number of (3,-1) CPs of DelSqRho>
    26
</Number of (3,-1) CPs of DelSqRho>
<Number of (3,-3) CPs of DelSqRho>
    16
</Number of (3,-3) CPs of DelSqRho>
<Number of Degenerate CPs of DelSqRho>
     0
</Number of Degenerate CPs of DelSqRho>
<CP of DelSqRho>
CP# = 1       
Type = (3,+3)
Coords = -3.47179233494962E-05 -1.56506513919054E-05  2.94289564233318E-05
DistFromNuc =  1.2218424446E-13
Rho =  1.7943328829E+04
DelSqRho = -3.8993420156E+09
GradDelSqRho =  1.2397766113E-05  7.1525573730E-07  4.8875808716E-06
HessDelSqRho_EigVals =  3.9865523454E+15  3.9865523454E+15  3.9865523455E+15
HessDelSqRho_EigVec1 =  6.6875285034E-01 -3.8105264978E-01 -6.3841092037E-01
HessDelSqRho_EigVec2 =  6.6922356406E-01  6.8259508726E-01  2.9360478223E-01
HessDelSqRho_EigVec3 = -3.2389727764E-01  6.2358866646E-01 -7.1149682262E-01
</CP of DelSqRho>
<CP of DelSqRho>
CP# = 2       
Type = (3,+1)
Coords =  6.55045123372169E-02  2.22268412919818E-01 -4.42092909292176E-02
DistFromNuc =  2.3592935374E-01
Rho =  4.5258147485E+01
DelSqRho =  4.6425465663E+03
GradDelSqRho = -7.2759576142E-12 -5.8207660913E-11 -4.5474735089E-12
HessDelSqRho_EigVals = -2.4239231382E+06  5.6232569542E+03  5.6269324284E+03
HessDelSqRho_EigVec1 =  2.7779202761E-01  9.4216365030E-01 -1.8750798768E-01
HessDelSqRho_EigVec2 =  5.5504025562E-01  1.8971063273E-03  8.3182132434E-01
HessDelSqRho_EigVec3 =  7.8406753793E-01 -3.3514781371E-01 -5.2241175228E-01
</CP of DelSqRho>
<CP of DelSqRho>
CP# = 3       
Type = (3,+3)
Coords =  1.05221336004772E-01 -1.47299192625004E-02  8.19995386792553E-02
DistFromNuc =  1.3421790297E-01
Rho =  1.7466144646E+02
DelSqRho = -1.4811460485E+04
GradDelSqRho =  7.6397554949E-11 -5.5479176808E-11 -7.2759576142E-11
HessDelSqRho_EigVals =  2.1096455617E+04  2.1109958984E+04  3.6245018315E+07
HessDelSqRho_EigVec1 =  2.5163116933E-01  9.5588801149E-01 -1.5152512701E-01
HessDelSqRho_EigVec2 = -5.6717228665E-01  2.7250591949E-01  7.7721047413E-01
HessDelSqRho_EigVec3 =  7.8421766868E-01 -1.0962952765E-01  6.1072417243E-01
</CP of DelSqRho>
<CP of DelSqRho>
CP# = 4       
Type = (3,+1)
Coords =  1.84998009132772E-01 -2.59006329889513E-02  1.44097244523225E-01
DistFromNuc =  2.3592939171E-01
Rho =  4.5258125588E+01
DelSqRho =  4.6425422743E+03
GradDelSqRho = -1.0913936421E-11  9.0949470177E-13 -5.4569682106E-12
HessDelSqRho_EigVals = -2.4239203242E+06  5.6240013715E+03  5.6274293369E+03
HessDelSqRho_EigVec1 =  7.8427190174E-01 -1.0971509606E-01  6.1063915845E-01
HessDelSqRho_EigVec2 =  2.5646090158E-01  9.5354348878E-01 -1.5805891614E-01
HessDelSqRho_EigVec3 = -5.6492954436E-01  2.8056623587E-01  7.7597499779E-01
</CP of DelSqRho>
<CP of DelSqRho>
CP# = 5       
Type = (3,+1)
Coords = -1.85067414585408E-01  2.58723977269141E-02 -1.44037799662229E-01
DistFromNuc =  2.3592934587E-01
Rho =  4.5258152746E+01
DelSqRho =  4.6425448811E+03
GradDelSqRho =  3.1832314562E-11 -1.8189894035E-12 -1.0004441720E-11
HessDelSqRho_EigVals = -2.4239233999E+06  5.6238010545E+03  5.6273154368E+03
HessDelSqRho_EigVec1 =  7.8427193908E-01 -1.0972758082E-01  6.1063686719E-01
HessDelSqRho_EigVec2 =  2.5874541980E-01  9.5240334332E-01 -1.6117902894E-01
HessDelSqRho_EigVec3 = -5.6388680894E-01  2.8440768211E-01  7.7533472582E-01
</CP of DelSqRho>
<CP of DelSqRho>
CP# = 6       
Type = (3,-3)
Coords = -1.44545830424082E-01  1.86347851191026E-01 -3.85308751014642E-03
DistFromNuc =  2.3585989568E-01
Rho =  4.5168079768E+01
DelSqRho =  4.6947481522E+03
GradDelSqRho =  6.3664629124E-12 -9.0949470177E-12 -2.7284841053E-12
HessDelSqRho_EigVals = -2.4321681199E+06 -3.7559974194E+03 -3.7521614900E+03
HessDelSqRho_EigVec1 = -6.1269930475E-01  7.9014469354E-01 -1.6459806439E-02
HessDelSqRho_EigVec2 =  3.0085288098E-01  2.1392937593E-01 -9.2936632504E-01
HessDelSqRho_EigVec3 =  7.3081263397E-01  5.7437408140E-01  3.6879168734E-01
</CP of DelSqRho>
<CP of DelSqRho>
CP# = 7       
Type = (3,-3)
Coords =  1.44475754669316E-01 -1.86379544434475E-01  3.91608967018739E-03
DistFromNuc =  2.3585988155E-01
Rho =  4.5168088405E+01
DelSqRho =  4.6947477697E+03
GradDelSqRho =  3.6379788071E-12  1.9099388737E-11 -6.4801497501E-12
HessDelSqRho_EigVals = -2.4321684177E+06 -3.7558657110E+03 -3.7524113006E+03
HessDelSqRho_EigVec1 = -6.1269658366E-01  7.9014642665E-01 -1.6477888783E-02
HessDelSqRho_EigVec2 =  2.8898963583E-01  2.0458558717E-01 -9.3521640699E-01
HessDelSqRho_EigVec3 =  7.3558676358E-01  5.7776583662E-01  3.5369301842E-01
</CP of DelSqRho>
<CP of DelSqRho>
CP# = 8       
Type = (3,+3)
Coords = -7.44913973870109E-02  4.24751201093926E-02  1.03301761379106E-01
DistFromNuc =  1.3421787273E-01
Rho =  1.7466143739E+02
DelSqRho = -1.4811404624E+04
GradDelSqRho =  5.8207660913E-11 -2.1827872843E-11 -2.9103830457E-11
HessDelSqRho_EigVals =  2.1093516584E+04  2.1097382119E+04  3.6245021307E+07
HessDelSqRho_EigVec1 =  2.3012079935E-01 -8.3032725699E-01  5.0754414981E-01
HessDelSqRho_EigVec2 =  7.9956396274E-01  4.5862121607E-01  3.8776803589E-01
HessDelSqRho_EigVec3 = -5.5474488479E-01  3.1658052130E-01  7.6943803281E-01
</CP of DelSqRho>
<CP of DelSqRho>
CP# = 9       
Type = (3,-1)
Coords =  8.22057990549981E-02 -1.06058137736808E-01  2.24126837571836E-03
DistFromNuc =  1.3421402287E-01
Rho =  1.7460209388E+02
DelSqRho = -1.4748071870E+04
GradDelSqRho =  5.8207660913E-11 -1.1641532183E-10  4.3655745685E-11
HessDelSqRho_EigVals = -1.4078906867E+04 -1.4064002200E+04  3.6242010758E+07
HessDelSqRho_EigVec1 = -2.1614785853E-02  4.0893297972E-03  9.9975800993E-01
HessDelSqRho_EigVec2 =  7.8997608657E-01  6.1296446654E-01  1.4572076380E-02
HessDelSqRho_EigVec3 = -6.1275654520E-01  7.9009989251E-01 -1.6479568430E-02
</CP of DelSqRho>
<CP of DelSqRho>
CP# = 10      
Type = (3,+1)
Coords = -6.55752403691830E-02 -2.22299422848077E-01  4.42677330343351E-02
DistFromNuc =  2.3592936022E-01
Rho =  4.5258143902E+01
DelSqRho =  4.6425457804E+03
GradDelSqRho = -7.2759576142E-12  2.9103830457E-11 -6.8212102633E-13
HessDelSqRho_EigVals = -2.4239225279E+06  5.6233993540E+03  5.6268658308E+03
HessDelSqRho_EigVec1 =  2.7779718700E-01  9.4216245278E-01 -1.8750636114E-01
HessDelSqRho_EigVec2 =  5.3754282656E-01  9.3133291567E-03  8.4318501618E-01
HessDelSqRho_EigVec3 =  7.9616357145E-01 -3.3502712498E-01 -5.0386545130E-01
</CP of DelSqRho>
<CP of DelSqRho>
CP# = 11      
Type = (3,+1)
Coords = -7.90230956456758E-02 -5.93700292923637E-02  9.08674986956810E-02
DistFromNuc =  1.3421498051E-01
Rho =  1.7461696548E+02
DelSqRho = -1.4763929018E+04
GradDelSqRho = -2.0372681320E-10  0.0000000000E+00  2.3283064365E-10
HessDelSqRho_EigVals = -2.1096584787E+04  1.0549534684E+04  3.6242785611E+07
HessDelSqRho_EigVec1 = -1.9578308523E-01  8.9017674411E-01  4.1140533270E-01
HessDelSqRho_EigVec2 = -7.8441795866E-01  1.0961284078E-01 -6.1046989382E-01
HessDelSqRho_EigVec3 =  5.8852140969E-01  4.4223341052E-01 -6.7681028432E-01
</CP of DelSqRho>
<CP of DelSqRho>
CP# = 12      
Type = (3,+3)
Coords =  7.44131185711723E-02 -4.25250801944911E-02 -1.03241592565529E-01
DistFromNuc =  1.3421786709E-01
Rho =  1.7466146289E+02
DelSqRho = -1.4811418523E+04
GradDelSqRho =  3.3469405025E-10 -1.2369127944E-10 -3.2741809264E-10
HessDelSqRho_EigVals =  2.1097003902E+04  2.1103153477E+04  3.6245037286E+07
HessDelSqRho_EigVec1 =  1.3037087886E-01 -8.8021921962E-01  4.5630862293E-01
HessDelSqRho_EigVec2 =  8.2178752139E-01  3.5341581777E-01  4.4694801648E-01
HessDelSqRho_EigVec3 = -5.5467891941E-01  3.1671972651E-01  7.6942830153E-01
</CP of DelSqRho>
<CP of DelSqRho>
CP# = 13      
Type = (3,-3)
Coords = -6.62079601130577E-03 -1.00092469416862E-01  2.13503520411264E-01
DistFromNuc =  2.3585998771E-01
Rho =  4.5168039854E+01
DelSqRho =  4.6947351472E+03
GradDelSqRho = -7.2759576142E-12  1.3642420527E-11  1.1141310097E-11
HessDelSqRho_EigVals = -2.4321603218E+06 -3.7548335872E+03 -3.7502198011E+03
HessDelSqRho_EigVec1 = -2.7924243657E-02 -4.2430564727E-01  9.0508836824E-01
HessDelSqRho_EigVec2 = -8.1499897619E-01  5.3392813019E-01  2.2516087714E-01
HessDelSqRho_EigVec3 =  5.7878917183E-01  7.3135864628E-01  3.6071820732E-01
</CP of DelSqRho>
<CP of DelSqRho>
CP# = 14      
Type = (3,-3)
Coords =  6.55221115188899E-03  1.00059336535711E-01 -2.13445499436968E-01
DistFromNuc =  2.3585999183E-01
Rho =  4.5168037475E+01
DelSqRho =  4.6947357968E+03
GradDelSqRho = -7.2759576142E-12  7.2759576142E-12 -2.1827872843E-11
HessDelSqRho_EigVals = -2.4321605593E+06 -3.7549789621E+03 -3.7500180201E+03
HessDelSqRho_EigVec1 = -2.7928057648E-02 -4.2429762288E-01  9.0509201235E-01
HessDelSqRho_EigVec2 = -8.0119580064E-01  5.5094267883E-01  2.3355396311E-01
HessDelSqRho_EigVec3 =  5.9775020923E-01  7.1863321094E-01  3.5533223257E-01
</CP of DelSqRho>
<CP of DelSqRho>
CP# = 15      
Type = (3,-3)
Coords =  6.90034680042365E-02  1.56454225427543E-01  1.62451130149193E-01
DistFromNuc =  2.3585992083E-01
Rho =  4.5168081336E+01
DelSqRho =  4.6947407728E+03
GradDelSqRho =  2.9558577808E-11  2.8194335755E-11  1.2278178474E-11
HessDelSqRho_EigVals = -2.4321658234E+06 -3.7555802288E+03 -3.7503284623E+03
HessDelSqRho_EigVec1 =  2.9270744576E-01  6.6340201287E-01  6.8863642113E-01
HessDelSqRho_EigVec2 =  9.2256781463E-01 -6.6044122645E-03 -3.8577844566E-01
HessDelSqRho_EigVec3 =  2.5137815855E-01 -7.4823402158E-01  6.1396650589E-01
</CP of DelSqRho>
<CP of DelSqRho>
CP# = 16      
Type = (3,-3)
Coords = -6.90783879844044E-02 -1.56481318834522E-01 -1.62393985037194E-01
DistFromNuc =  2.3585991416E-01
Rho =  4.5168084946E+01
DelSqRho =  4.6947413630E+03
GradDelSqRho = -9.0949470177E-13 -1.8189894035E-11  1.7280399334E-11
HessDelSqRho_EigVals = -2.4321663720E+06 -3.7555682395E+03 -3.7503833723E+03
HessDelSqRho_EigVec1 =  2.9273125096E-01  6.6338385268E-01  6.8864379669E-01
HessDelSqRho_EigVec2 =  9.3105012373E-01 -3.3675414460E-02 -3.6333405230E-01
HessDelSqRho_EigVec3 =  2.1783957815E-01 -7.4752112376E-01  6.2750146432E-01
</CP of DelSqRho>
<CP of DelSqRho>
CP# = 17      
Type = (3,-1)
Coords = -1.38863927899550E-01 -1.04339982522521E-01  1.59656960147335E-01
DistFromNuc =  2.3587722331E-01
Rho =  4.5190609237E+01
DelSqRho =  4.6816969587E+03
GradDelSqRho =  5.4001247918E-11  9.0949470177E-12 -3.3196556615E-11
HessDelSqRho_EigVals = -2.4301103469E+06 -5.6294211317E+03  2.8142459299E+03
HessDelSqRho_EigVec1 = -5.8856599992E-01 -4.4228150103E-01  6.7674008126E-01
HessDelSqRho_EigVec2 = -1.9586506783E-01  8.9015517797E-01  4.1141297298E-01
HessDelSqRho_EigVec3 =  7.8436403471E-01 -1.0959394590E-01  6.1054256860E-01
</CP of DelSqRho>
<CP of DelSqRho>
CP# = 18      
Type = (3,-1)
Coords =  8.44213033872784E-02 -1.75450858064549E-01  1.33175147865568E-01
DistFromNuc =  2.3587732829E-01
Rho =  4.5190577233E+01
DelSqRho =  4.6816775143E+03
GradDelSqRho =  2.2737367544E-12  1.2732925825E-11  2.2737367544E-12
HessDelSqRho_EigVals = -2.4301000613E+06 -5.6273264905E+03  2.8164492226E+03
HessDelSqRho_EigVec1 = -3.5805078248E-01  7.4375631293E-01 -5.6446982572E-01
HessDelSqRho_EigVec2 =  7.5103019906E-01  5.8860288919E-01  2.9916597222E-01
HessDelSqRho_EigVec3 = -5.5475515073E-01  3.1681727513E-01  7.6933317680E-01
</CP of DelSqRho>
<CP of DelSqRho>
CP# = 19      
Type = (3,-1)
Coords =  1.38793241385663E-01  1.04309174796586E-01 -1.59598808804475E-01
DistFromNuc =  2.3587718368E-01
Rho =  4.5190633510E+01
DelSqRho =  4.6816985322E+03
GradDelSqRho =  5.4569682106E-12  1.0913936421E-11 -1.5461409930E-11
HessDelSqRho_EigVals = -2.4301126804E+06 -5.6295656498E+03  2.8141162995E+03
HessDelSqRho_EigVec1 = -5.8856097867E-01 -4.4228364836E-01  6.7674304488E-01
HessDelSqRho_EigVec2 = -1.9586923005E-01  8.9015488059E-01  4.1141163484E-01
HessDelSqRho_EigVec3 =  7.8436676313E-01 -1.0958769529E-01  6.1054018535E-01
</CP of DelSqRho>
<CP of DelSqRho>
CP# = 20      
Type = (3,-1)
Coords = -8.44922586427033E-02  1.75419534523868E-01 -1.33115449664903E-01
DistFromNuc =  2.3587738146E-01
Rho =  4.5190544905E+01
DelSqRho =  4.6816768113E+03
GradDelSqRho =  1.0004441720E-11 -3.6379788071E-12 -5.6843418861E-12
HessDelSqRho_EigVals = -2.4300977324E+06 -5.6270885304E+03  2.8166018884E+03
HessDelSqRho_EigVec1 = -3.5805717180E-01  7.4375595308E-01 -5.6446624698E-01
HessDelSqRho_EigVec2 =  7.5103010067E-01  5.8860506999E-01  2.9916192853E-01
HessDelSqRho_EigVec3 = -5.5475116009E-01  3.1681406825E-01  7.6933737498E-01
</CP of DelSqRho>
<CP of DelSqRho>
CP# = 21      
Type = (3,+1)
Coords = -1.30922842866993E-01  7.46940628270334E-02  1.81548867758194E-01
DistFromNuc =  2.3592911902E-01
Rho =  4.5258302226E+01
DelSqRho =  4.6425548201E+03
GradDelSqRho =  3.6379788071E-12 -1.0913936421E-11 -2.1827872843E-11
HessDelSqRho_EigVals = -2.4239413060E+06  5.6257257544E+03  5.6266958878E+03
HessDelSqRho_EigVec1 = -5.5477750631E-01  3.1666208056E-01  7.6938094935E-01
HessDelSqRho_EigVec2 =  7.8876355297E-02 -9.0055529455E-01  4.2752623549E-01
HessDelSqRho_EigVec3 =  8.2825143469E-01  2.9786790393E-01  4.7463066983E-01
</CP of DelSqRho>
<CP of DelSqRho>
CP# = 22      
Type = (3,+1)
Coords =  1.30853060736817E-01 -7.47282908728815E-02 -1.81489087986348E-01
DistFromNuc =  2.3592914446E-01
Rho =  4.5258286960E+01
DelSqRho =  4.6425539525E+03
GradDelSqRho = -1.3642420527E-11 -1.1368683772E-12  2.7284841053E-12
HessDelSqRho_EigVals = -2.4239399076E+06  5.6257776260E+03  5.6268213995E+03
HessDelSqRho_EigVec1 = -5.5477613094E-01  3.1667403806E-01  7.6937701951E-01
HessDelSqRho_EigVec2 =  8.1255603602E-02 -8.9968941313E-01  4.2890148844E-01
HessDelSqRho_EigVec3 =  8.2802232543E-01  3.0046050243E-01  4.7339467156E-01
</CP of DelSqRho>
<CP of DelSqRho>
CP# = 23      
Type = (3,-1)
Coords =  3.82323011715533E-02  3.44973845783819E-02  2.30208829042243E-01
DistFromNuc =  2.3587723624E-01
Rho =  4.5190576257E+01
DelSqRho =  4.6817052351E+03
GradDelSqRho =  4.5474735089E-12 -3.5242919694E-12  5.4569682106E-12
HessDelSqRho_EigVals = -2.4301100227E+06 -5.6305396101E+03  2.8120292312E+03
HessDelSqRho_EigVec1 =  1.6223176477E-01  1.4631837518E-01  9.7584414103E-01
HessDelSqRho_EigVec2 = -9.4685148176E-01  3.0146505338E-01  1.1221003998E-01
HessDelSqRho_EigVec3 =  2.7776451533E-01  9.4218350372E-01 -1.8744897798E-01
</CP of DelSqRho>
<CP of DelSqRho>
CP# = 24      
Type = (3,-3)
Coords = -2.20202528661140E-01 -7.02348308661377E-02  4.72023371233184E-02
DistFromNuc =  2.3585987666E-01
Rho =  4.5168078907E+01
DelSqRho =  4.6947529172E+03
GradDelSqRho = -4.5474735089E-12 -4.3200998334E-12 -6.7927885539E-12
HessDelSqRho_EigVals = -2.4321696066E+06 -3.7565670930E+03 -3.7531174246E+03
HessDelSqRho_EigVec1 =  9.3346884109E-01  2.9771497130E-01 -2.0000429637E-01
HessDelSqRho_EigVec2 = -5.0188601228E-03  5.6843373354E-01  8.2271374221E-01
HessDelSqRho_EigVec3 = -3.5862338707E-01  7.6697384990E-01 -5.3210936829E-01
</CP of DelSqRho>
<CP of DelSqRho>
CP# = 25      
Type = (3,-3)
Coords =  2.20131444352848E-01  7.02054501827090E-02 -4.71482046450781E-02
DistFromNuc =  2.3585985484E-01
Rho =  4.5168092462E+01
DelSqRho =  4.6947532805E+03
GradDelSqRho = -1.4551915228E-11 -1.5461409930E-11  2.2737367544E-11
HessDelSqRho_EigVals = -2.4321706097E+06 -3.7567740950E+03 -3.7530789095E+03
HessDelSqRho_EigVec1 =  9.3346180978E-01  2.9772327683E-01 -2.0002474878E-01
HessDelSqRho_EigVec2 = -1.6938451992E-02  5.9364303831E-01  8.0455020472E-01
HessDelSqRho_EigVec3 = -3.5827662293E-01  7.4762878055E-01 -5.5918607633E-01
</CP of DelSqRho>
<CP of DelSqRho>
CP# = 26      
Type = (3,-1)
Coords = -4.74015730345672E-01 -1.51298324119837E-01  1.01524681415794E-01
DistFromNuc =  5.0778512552E-01
Rho =  7.3401505479E+00
DelSqRho = -8.6953481787E+01
GradDelSqRho =  7.9580786405E-13  5.6132876125E-13  1.1368683772E-13
HessDelSqRho_EigVals = -1.2616353014E+02 -1.2608649818E+02  2.7825496326E+04
HessDelSqRho_EigVec1 = -1.5647794472E-01  8.3943032224E-01  5.2045305929E-01
HessDelSqRho_EigVec2 = -3.2284069822E-01  4.5452907869E-01 -8.3016697127E-01
HessDelSqRho_EigVec3 =  9.3342837775E-01  2.9792625049E-01 -1.9987849529E-01
</CP of DelSqRho>
<CP of DelSqRho>
CP# = 27      
Type = (3,+3)
Coords =  1.40377393705590E-01  4.76146839227855E-01 -9.47054115672648E-02
DistFromNuc =  5.0539189533E-01
Rho =  7.4811737687E+00
DelSqRho = -9.5153415412E+01
GradDelSqRho = -2.8421709430E-14  6.2527760747E-13  4.5474735089E-13
HessDelSqRho_EigVals =  1.9440400073E+02  1.9446642385E+02  2.9273181120E+04
HessDelSqRho_EigVec1 = -1.5584483390E-01  2.3675142339E-01  9.5898965128E-01
HessDelSqRho_EigVec2 =  9.4790492332E-01 -2.3722179221E-01  2.1260780241E-01
HessDelSqRho_EigVec3 =  2.7782844363E-01  9.4216483952E-01 -1.8744804903E-01
</CP of DelSqRho>
<CP of DelSqRho>
CP# = 28      
Type = (3,+3)
Coords = -1.40428927771454E-01 -4.76181820680853E-01  9.47725863203313E-02
DistFromNuc =  5.0539194840E-01
Rho =  7.4811696491E+00
DelSqRho = -9.5153240275E+01
GradDelSqRho =  2.7000623959E-13  4.5474735089E-13  1.4210854715E-13
HessDelSqRho_EigVals =  1.9440178137E+02  1.9446372533E+02  2.9273143736E+04
HessDelSqRho_EigVec1 =  2.2967888257E-01  1.2434516007E-01  9.6529057390E-01
HessDelSqRho_EigVec2 =  9.3278009521E-01 -3.1120751803E-01 -1.8185481766E-01
HessDelSqRho_EigVec3 =  2.7779291727E-01  9.4217204474E-01 -1.8746448523E-01
</CP of DelSqRho>
<CP of DelSqRho>
CP# = 29      
Type = (3,+1)
Coords =  8.23744044114142E-02  7.42104062467359E-02  4.94933694373607E-01
DistFromNuc =  5.0717945827E-01
Rho =  7.3754060394E+00
DelSqRho = -8.8989282292E+01
GradDelSqRho =  4.9737991503E-13  2.2737367544E-13  8.8107299234E-13
HessDelSqRho_EigVals = -1.9036880081E+02  9.5251537446E+01  2.8186508073E+04
HessDelSqRho_EigVec1 =  9.4680437290E-01 -3.0152966047E-01 -1.1243372852E-01
HessDelSqRho_EigVec2 = -2.7777701097E-01 -9.4215779404E-01  1.8755965269E-01
HessDelSqRho_EigVec3 =  1.6248511203E-01  1.4635079431E-01  9.7579712716E-01
</CP of DelSqRho>
<CP of DelSqRho>
CP# = 30      
Type = (3,+1)
Coords = -8.24217521176137E-02 -7.42513363859432E-02 -4.94876861849771E-01
DistFromNuc =  5.0717925541E-01
Rho =  7.3754198960E+00
DelSqRho = -8.8989870442E+01
GradDelSqRho = -4.0856207306E-13 -3.2684965845E-13 -1.5347723092E-12
HessDelSqRho_EigVals = -1.9036221655E+02  9.5266046977E+01  2.8186638322E+04
HessDelSqRho_EigVec1 =  9.4683534741E-01 -3.0144371498E-01 -1.1240334335E-01
HessDelSqRho_EigVec2 = -2.7769675280E-01 -9.4218232589E-01  1.8755526722E-01
HessDelSqRho_EigVec3 =  1.6244179999E-01  1.4636991314E-01  9.7580147066E-01
</CP of DelSqRho>
<CP of DelSqRho>
CP# = 31      
Type = (3,-1)
Coords =  1.48738233356723E-01  3.36814050048433E-01  3.49683420816338E-01
DistFromNuc =  5.0778494693E-01
Rho =  7.3401561647E+00
DelSqRho = -8.6954390764E+01
GradDelSqRho = -2.8421709430E-13 -3.4106051316E-13 -2.3980817332E-13
HessDelSqRho_EigVals = -1.2614460603E+02 -1.2598561112E+02  2.7825592281E+04
HessDelSqRho_EigVec1 =  9.5362042727E-01 -2.5475008990E-01 -1.6034485455E-01
HessDelSqRho_EigVec2 = -6.9055745552E-02 -7.0362886786E-01  7.0720415746E-01
HessDelSqRho_EigVec3 =  2.9298359117E-01  6.6333159733E-01  6.8858681900E-01
</CP of DelSqRho>
<CP of DelSqRho>
CP# = 32      
Type = (3,+1)
Coords =  1.81602682528967E-01 -3.77257711180322E-01  2.86258308323009E-01
DistFromNuc =  5.0717914868E-01
Rho =  7.3754140469E+00
DelSqRho = -8.8990700642E+01
GradDelSqRho = -1.1368683772E-13  4.5474735089E-13 -7.8159700934E-13
HessDelSqRho_EigVals = -1.9022951595E+02  9.5327060102E+01  2.8186654748E+04
HessDelSqRho_EigVec1 =  7.5104631360E-01  5.8859260469E-01  2.9914575131E-01
HessDelSqRho_EigVec2 = -5.5468072262E-01  3.1672231471E-01  7.6942593622E-01
HessDelSqRho_EigVec3 = -3.5813228113E-01  7.4380489449E-01 -5.6435409820E-01
</CP of DelSqRho>
<CP of DelSqRho>
CP# = 33      
Type = (3,+1)
Coords = -1.81663683307203E-01  3.77229896585399E-01 -2.86200877463288E-01
DistFromNuc =  5.0717952669E-01
Rho =  7.3753921267E+00
DelSqRho = -8.8989488485E+01
GradDelSqRho =  1.0906830994E-12 -1.7621459847E-12  1.3642420527E-12
HessDelSqRho_EigVals = -1.9026673358E+02  9.5297547779E+01  2.8186421725E+04
HessDelSqRho_EigVec1 =  7.5104465342E-01  5.8858509334E-01  2.9916469790E-01
HessDelSqRho_EigVec2 = -5.5469396200E-01  3.1672162476E-01  7.6941667576E-01
HessDelSqRho_EigVec3 = -3.5811525672E-01  7.4381113215E-01 -5.6435668030E-01
</CP of DelSqRho>
<CP of DelSqRho>
CP# = 34      
Type = (3,-1)
Coords = -1.48752788272429E-01 -3.36875768441244E-01 -3.49618521197530E-01
DistFromNuc =  5.0778488797E-01
Rho =  7.3401605484E+00
DelSqRho = -8.6954547067E+01
GradDelSqRho =  5.1159076975E-13  4.5474735089E-13  9.6633812063E-13
HessDelSqRho_EigVals = -1.2614075722E+02 -1.2598627470E+02  2.7825630258E+04
HessDelSqRho_EigVec1 =  9.5137331115E-01 -1.3028714967E-01 -2.7913093964E-01
HessDelSqRho_EigVec2 =  9.5460574313E-02 -7.3684265297E-01  6.6929080639E-01
HessDelSqRho_EigVec3 =  2.9287557355E-01  6.6339141040E-01  6.8857514842E-01
</CP of DelSqRho>
<CP of DelSqRho>
CP# = 35      
Type = (3,+3)
Coords =  3.96356036558871E-01 -5.54694849124764E-02  3.08607446758464E-01
DistFromNuc =  5.0539207655E-01
Rho =  7.4811571605E+00
DelSqRho = -9.5152959105E+01
GradDelSqRho =  0.0000000000E+00  1.8474111130E-13  5.1159076975E-13
HessDelSqRho_EigVals =  1.9439753739E+02  1.9448392048E+02  2.9273054600E+04
HessDelSqRho_EigVec1 =  2.1508311342E-01  9.7128142818E-01 -1.0174301744E-01
HessDelSqRho_EigVec2 = -5.8187285563E-01  2.1112300625E-01  7.8539866062E-01
HessDelSqRho_EigVec3 =  7.8432342449E-01 -1.0972448910E-01  6.1057129173E-01
</CP of DelSqRho>
<CP of DelSqRho>
CP# = 36      
Type = (3,+3)
Coords = -2.80431948028226E-01  1.60051422379343E-01  3.88840801618498E-01
DistFromNuc =  5.0538931333E-01
Rho =  7.4813534238E+00
DelSqRho = -9.5161229376E+01
GradDelSqRho = -3.4106051316E-13 -4.9293902293E-13 -1.7053025658E-13
HessDelSqRho_EigVals =  1.9458678835E+02  1.9459080534E+02  2.9274879413E+04
HessDelSqRho_EigVec1 =  3.9382132599E-01 -7.1456679097E-01  5.7818601197E-01
HessDelSqRho_EigVec2 =  7.3286127790E-01  6.2376458413E-01  2.7172061192E-01
HessDelSqRho_EigVec3 = -5.5481448300E-01  3.1672076791E-01  7.6933012720E-01
</CP of DelSqRho>
<CP of DelSqRho>
CP# = 37      
Type = (3,+3)
Coords =  2.80371341790535E-01 -1.60059410355703E-01 -3.88785416784258E-01
DistFromNuc =  5.0538950089E-01
Rho =  7.4813411861E+00
DelSqRho = -9.5160620479E+01
GradDelSqRho = -7.9580786405E-13  5.6843418861E-13  1.4779288904E-12
HessDelSqRho_EigVals =  1.9456717769E+02  1.9458066423E+02  2.9274757607E+04
HessDelSqRho_EigVec1 =  5.3999209359E-01 -5.6640075368E-01  6.2257427275E-01
HessDelSqRho_EigVec2 =  6.3290618641E-01  7.6085978194E-01  1.4325554589E-01
HessDelSqRho_EigVec3 = -5.5483177457E-01  3.1667424658E-01  7.6933680757E-01
</CP of DelSqRho>
<CP of DelSqRho>
CP# = 38      
Type = (3,+3)
Coords = -3.96425995638136E-01  5.54080206321591E-02 -3.08552736904299E-01
DistFromNuc =  5.0539171093E-01
Rho =  7.4811825339E+00
DelSqRho = -9.5154068140E+01
GradDelSqRho =  4.5474735089E-13 -1.9895196601E-13 -5.6843418861E-14
HessDelSqRho_EigVals =  1.9442404289E+02  1.9449909617E+02  2.9273295909E+04
HessDelSqRho_EigVec1 =  1.6839294968E-01  9.8493183183E-01 -3.9409404388E-02
HessDelSqRho_EigVec2 = -5.9705784782E-01  1.3372714727E-01  7.9097343599E-01
HessDelSqRho_EigVec3 =  7.8432502246E-01 -1.0966465584E-01  6.1057998854E-01
</CP of DelSqRho>
<CP of DelSqRho>
CP# = 39      
Type = (3,+1)
Coords =  3.80831365957218E-01  2.98536991920929E-01  1.51810840818181E-01
DistFromNuc =  5.0717871724E-01
Rho =  7.3754476763E+00
DelSqRho = -8.8991864665E+01
GradDelSqRho = -3.9790393203E-13 -4.5474735089E-13  5.6843418861E-14
HessDelSqRho_EigVals = -1.9021870309E+02  9.5341360162E+01  2.8186933110E+04
HessDelSqRho_EigVec1 =  3.5818415984E-01 -7.4382135915E-01  5.6429947130E-01
HessDelSqRho_EigVec2 = -5.5477737589E-01  3.1656867065E-01  7.6941948245E-01
HessDelSqRho_EigVec3 =  7.5095017867E-01  5.8865445079E-01  2.9926537843E-01
</CP of DelSqRho>
<CP of DelSqRho>
CP# = 40      
Type = (3,-1)
Coords =  3.11038985067463E-01 -4.01271783851087E-01  8.52893088594868E-03
DistFromNuc =  5.0778496891E-01
Rho =  7.3401575620E+00
DelSqRho = -8.6954143025E+01
GradDelSqRho = -7.9580786405E-13  1.1368683772E-12  2.2737367544E-13
HessDelSqRho_EigVals = -1.2611678858E+02 -1.2606605850E+02  2.7825585572E+04
HessDelSqRho_EigVec1 =  7.2873790098E-01  5.5650159728E-01 -3.9905769495E-01
HessDelSqRho_EigVec2 = -3.0602423386E-01 -2.5666391320E-01 -9.1677303841E-01
HessDelSqRho_EigVec3 = -6.1260936979E-01  7.9020858505E-01 -1.6737746416E-02
</CP of DelSqRho>
<CP of DelSqRho>
CP# = 41      
Type = (3,+1)
Coords = -3.80871994875468E-01 -2.98600806892873E-01 -1.51759551670499E-01
DistFromNuc =  5.0717849095E-01
Rho =  7.3754628797E+00
DelSqRho = -8.8992546975E+01
GradDelSqRho =  1.5916157281E-12  1.3642420527E-12  6.2527760747E-13
HessDelSqRho_EigVals = -1.9021487019E+02  9.5365992822E+01  2.8187077050E+04
HessDelSqRho_EigVec1 =  3.5822469132E-01 -7.4378409931E-01  5.6432285453E-01
HessDelSqRho_EigVec2 = -5.5482741266E-01  3.1653692291E-01  7.6939646386E-01
HessDelSqRho_EigVec3 =  7.5089387578E-01  5.8871860005E-01  2.9928046590E-01
</CP of DelSqRho>
<CP of DelSqRho>
CP# = 42      
Type = (3,+1)
Coords = -9.92926864771441E-02  4.51470335623658E-01  2.08686840464434E-01
DistFromNuc =  5.0717812995E-01
Rho =  7.3754984579E+00
DelSqRho = -8.8993328451E+01
GradDelSqRho = -3.0248026306E-13  1.3926637621E-12  4.5474735089E-13
HessDelSqRho_EigVals = -1.9029525018E+02  9.5357736689E+01  2.8187347136E+04
HessDelSqRho_EigVec1 =  5.8882969872E-01  4.4214878502E-01 -6.7659739713E-01
HessDelSqRho_EigVec2 =  7.8420544391E-01 -1.0983505092E-01  6.1070294197E-01
HessDelSqRho_EigVec3 = -1.9570745423E-01  8.9019139150E-01  4.1140962418E-01
</CP of DelSqRho>
<CP of DelSqRho>
CP# = 43      
Type = (3,-1)
Coords = -3.11106287529699E-01  4.01241426330436E-01 -8.50853122033595E-03
DistFromNuc =  5.0778505296E-01
Rho =  7.3401537818E+00
DelSqRho = -8.6953851888E+01
GradDelSqRho =  1.7053025658E-13 -3.6948222260E-13 -4.2632564146E-14
HessDelSqRho_EigVals = -1.2613618933E+02 -1.2606758440E+02  2.7825536868E+04
HessDelSqRho_EigVec1 =  7.7783087281E-01  6.0651216413E-01  1.6468797183E-01
HessDelSqRho_EigVec2 = -1.4033545769E-01 -8.7810972688E-02  9.8620240944E-01
HessDelSqRho_EigVec3 = -6.1260516861E-01  7.9021024281E-01 -1.6813076620E-02
</CP of DelSqRho>
<CP of DelSqRho>
CP# = 44      
Type = (3,+1)
Coords =  9.92465925682059E-02 -4.51497770132259E-01 -2.08626068708150E-01
DistFromNuc =  5.0717846911E-01
Rho =  7.3754767965E+00
DelSqRho = -8.8992278137E+01
GradDelSqRho =  1.7053025658E-13 -1.0373923942E-12 -1.7053025658E-13
HessDelSqRho_EigVals = -1.9030767745E+02  9.5321667437E+01  2.8187132470E+04
HessDelSqRho_EigVec1 =  5.8881997387E-01  4.4217406015E-01 -6.7658934288E-01
HessDelSqRho_EigVec2 =  7.8420133871E-01 -1.0979927224E-01  6.1071464710E-01
HessDelSqRho_EigVec3 = -1.9575315765E-01  8.9018325099E-01  4.1140549453E-01
</CP of DelSqRho>
<CP of DelSqRho>
CP# = 45      
Type = (3,-1)
Coords =  4.73958950210507E-01  1.51249033743976E-01 -1.01432722035461E-01
DistFromNuc =  5.0778496459E-01
Rho =  7.3401595978E+00
DelSqRho = -8.6953998586E+01
GradDelSqRho = -1.2505552149E-12 -3.9790393203E-13  2.2737367544E-13
HessDelSqRho_EigVals = -1.2612747351E+02 -1.2609365261E+02  2.7825595132E+04
HessDelSqRho_EigVec1 = -1.7579591475E-01  8.6549242534E-01  4.6906146509E-01
HessDelSqRho_EigVec2 = -3.1266631738E-01  4.0272067113E-01 -8.6026497954E-01
HessDelSqRho_EigVec3 =  9.3345357160E-01  2.9789078992E-01 -1.9981368058E-01
</CP of DelSqRho>
<CP of DelSqRho>
CP# = 46      
Type = (3,+1)
Coords = -4.80258156938460E-01  1.52902286113817E-01  5.68719214379914E-02
DistFromNuc =  5.0717799214E-01
Rho =  7.3755081546E+00
DelSqRho = -8.8993671237E+01
GradDelSqRho =  3.3395508581E-13 -8.5265128291E-14  2.8421709430E-13
HessDelSqRho_EigVals = -1.9031328449E+02  9.5384857038E+01  2.8187432962E+04
HessDelSqRho_EigVec1 =  1.6214191128E-01  1.4645243440E-01  9.7583896472E-01
HessDelSqRho_EigVec2 =  2.7780894231E-01  9.4214909632E-01 -1.8755604994E-01
HessDelSqRho_EigVec3 =  9.4685383887E-01 -3.0150748706E-01 -1.1207605929E-01
</CP of DelSqRho>
<CP of DelSqRho>
CP# = 47      
Type = (3,+1)
Coords =  4.80188845833055E-01 -1.52934321454742E-01 -5.68104324351620E-02
DistFromNuc =  5.0717803670E-01
Rho =  7.3755037082E+00
DelSqRho = -8.8993550000E+01
GradDelSqRho =  3.6948222260E-13  3.4106051316E-13  1.4210854715E-13
HessDelSqRho_EigVals = -1.9029736983E+02  9.5369620797E+01  2.8187401387E+04
HessDelSqRho_EigVec1 =  1.6212192253E-01  1.4640189787E-01  9.7584986885E-01
HessDelSqRho_EigVec2 =  2.7781989029E-01  9.4215654499E-01 -1.8750240877E-01
HessDelSqRho_EigVec3 =  9.4685404936E-01 -3.0150875449E-01 -1.1207087119E-01
</CP of DelSqRho>
<CP of DelSqRho>
CP# = 48      
Type = (3,-1)
Coords = -1.41210517205249E-02 -2.15538093394163E-01  4.59592031154281E-01
DistFromNuc =  5.0778551916E-01
Rho =  7.3401117226E+00
DelSqRho = -8.6952807280E+01
GradDelSqRho =  1.1368683772E-13 -4.2632564146E-13 -2.2737367544E-13
HessDelSqRho_EigVals = -1.2614047497E+02 -1.2601532119E+02  2.7825220563E+04
HessDelSqRho_EigVec1 =  9.0333646634E-01 -3.9832820695E-01 -1.5911589525E-01
HessDelSqRho_EigVec2 =  4.2803465167E-01  8.1313535797E-01  3.9445814300E-01
HessDelSqRho_EigVec3 = -2.7741044376E-02 -4.2443554182E-01  9.0503309624E-01
</CP of DelSqRho>
<CP of DelSqRho>
CP# = 49      
Type = (3,-1)
Coords =  1.40311920427271E-02  2.15533599520053E-01 -4.59521229394602E-01
DistFromNuc =  5.0778552231E-01
Rho =  7.3401127010E+00
DelSqRho = -8.6952760058E+01
GradDelSqRho = -1.1368683772E-13 -9.3436369752E-13  9.0949470177E-13
HessDelSqRho_EigVals = -1.2613473110E+02 -1.2602944856E+02  2.7825221738E+04
HessDelSqRho_EigVec1 =  9.9409535547E-01 -1.0671990993E-01 -1.9628679464E-02
HessDelSqRho_EigVec2 =  1.0491468312E-01  8.9912204826E-01  4.2493817385E-01
HessDelSqRho_EigVec3 = -2.7700785155E-02 -4.2448840167E-01  9.0500953771E-01
</CP of DelSqRho>
<CP of DelSqRho>
CP# = 50      
Type = (3,+1)
Coords = -2.98577291383813E-01 -2.24399775530301E-01  3.43183023707733E-01
DistFromNuc =  5.0717875868E-01
Rho =  7.3754543842E+00
DelSqRho = -8.8991589280E+01
GradDelSqRho = -3.9790393203E-13 -3.1263880373E-13  5.6843418861E-13
HessDelSqRho_EigVals = -1.9032435452E+02  9.5340811588E+01  2.8186943360E+04
HessDelSqRho_EigVec1 = -1.9599080123E-01  8.9008575859E-01  4.1150327848E-01
HessDelSqRho_EigVec2 = -7.8428128128E-01  1.0961893027E-01 -6.1064438257E-01
HessDelSqRho_EigVec3 =  5.8863441768E-01  4.4241500030E-01 -6.7659329721E-01
</CP of DelSqRho>
<CP of DelSqRho>
CP# = 51      
Type = (3,+1)
Coords =  2.98527673592223E-01  2.24363722430460E-01 -3.43109562097684E-01
DistFromNuc =  5.0717844185E-01
Rho =  7.3754743528E+00
DelSqRho = -8.8992559353E+01
GradDelSqRho = -5.6843418861E-14 -2.2737367544E-13  4.2632564146E-13
HessDelSqRho_EigVals = -1.9029991965E+02  9.5360918233E+01  2.8187143577E+04
HessDelSqRho_EigVec1 = -1.9595695041E-01  8.9008324907E-01  4.1152482710E-01
HessDelSqRho_EigVec2 = -7.8426007553E-01  1.0967634398E-01 -6.1066130833E-01
HessDelSqRho_EigVec3 =  5.8867393990E-01  4.4240581969E-01 -6.7656491424E-01
</CP of DelSqRho>
<CP of DelSqRho>
CP# = 52      
Type = (3,-3)
Coords =  7.60316304246189E-01  2.42362683909788E-01 -1.63033913203786E-01
DistFromNuc =  8.1453703877E-01
Rho =  2.1796128734E+00
DelSqRho =  1.7948356430E+01
GradDelSqRho = -9.5923269328E-14 -1.7763568394E-14 -7.1054273576E-15
HessDelSqRho_EigVals = -8.0208982494E+02 -2.3404936243E+00 -2.3374858707E+00
HessDelSqRho_EigVec1 =  9.3347582414E-01  2.9757263787E-01 -2.0018344323E-01
HessDelSqRho_EigVec2 =  7.4875651001E-02  3.8416988736E-01  9.2022124217E-01
HessDelSqRho_EigVec3 = -3.5073711329E-01  8.7399314805E-01 -3.3633235723E-01
</CP of DelSqRho>
<CP of DelSqRho>
CP# = 53      
Type = (3,-3)
Coords = -7.60396745772973E-01 -2.42444689680253E-01  1.62964524332039E-01
DistFromNuc =  8.1453673807E-01
Rho =  2.1796152224E+00
DelSqRho =  1.7948349246E+01
GradDelSqRho = -1.9984014443E-13 -1.4210854715E-14  3.0198066270E-14
HessDelSqRho_EigVals = -8.0209078248E+02 -2.3400164014E+00 -2.3377388558E+00
HessDelSqRho_EigVec1 =  9.3348882807E-01  2.9763451280E-01 -2.0003075929E-01
HessDelSqRho_EigVec2 =  1.2406671663E-01  2.5530646192E-01  9.5886707125E-01
HessDelSqRho_EigVec3 = -3.3646107902E-01  9.1990885814E-01 -2.0139919318E-01
</CP of DelSqRho>
<CP of DelSqRho>
CP# = 54      
Type = (3,+1)
Coords =  2.27723049932999E-01  7.72695314179856E-01 -1.53816911886102E-01
DistFromNuc =  8.2013689868E-01
Rho =  2.1441265835E+00
DelSqRho =  1.7588275674E+01
GradDelSqRho = -2.3980817332E-14  3.3750779949E-14  1.0658141036E-14
HessDelSqRho_EigVals = -7.6408541122E+02  3.0026946669E+00  3.0237162682E+00
HessDelSqRho_EigVec1 =  2.7770324071E-01  9.4217337872E-01 -1.8759060352E-01
HessDelSqRho_EigVec2 = -5.2656227725E-01  3.1260948207E-01  7.9057414573E-01
HessDelSqRho_EigVec3 =  8.0350051542E-01 -1.2076686691E-01  5.8292562611E-01
</CP of DelSqRho>
<CP of DelSqRho>
CP# = 55      
Type = (3,+1)
Coords = -2.27819278350191E-01 -7.72718751973207E-01  1.53875286298584E-01
DistFromNuc =  8.2013684016E-01
Rho =  2.1441266635E+00
DelSqRho =  1.7588261030E+01
GradDelSqRho = -2.6822988275E-13 -3.6948222260E-13  1.7874590696E-13
HessDelSqRho_EigVals = -7.6408518902E+02  3.0026877489E+00  3.0239648149E+00
HessDelSqRho_EigVec1 =  2.7773828009E-01  9.4216329354E-01 -1.8758938155E-01
HessDelSqRho_EigVec2 = -5.0446051361E-01  3.0922031794E-01  8.0616523442E-01
HessDelSqRho_EigVec3 =  8.1754574060E-01 -1.2927150991E-01  5.6116649824E-01
</CP of DelSqRho>
<CP of DelSqRho>
CP# = 56      
Type = (3,-1)
Coords =  1.32795218350661E-01  1.19190797853805E-01  7.96194684413386E-01
DistFromNuc =  8.1592467994E-01
Rho =  2.1709308739E+00
DelSqRho =  1.7850730213E+01
GradDelSqRho =  8.8817841970E-16 -4.2632564146E-14 -2.0250467969E-13
HessDelSqRho_EigVals = -7.9257492709E+02 -3.2602714854E+00  1.7523414691E+00
HessDelSqRho_EigVec1 =  1.6277087538E-01  1.4610573678E-01  9.7578622444E-01
HessDelSqRho_EigVec2 = -9.4677018108E-01  3.0150549710E-01  1.1278590085E-01
HessDelSqRho_EigVec3 =  2.7772624352E-01  9.4220356022E-01 -1.8740486856E-01
</CP of DelSqRho>
<CP of DelSqRho>
CP# = 57      
Type = (3,-1)
Coords = -1.32889372188504E-01 -1.19139662464191E-01 -7.96144163148293E-01
DistFromNuc =  8.1592479930E-01
Rho =  2.1709304169E+00
DelSqRho =  1.7850778225E+01
GradDelSqRho =  3.3750779949E-14  2.5313084961E-14  1.4210854715E-14
HessDelSqRho_EigVals = -7.9257677793E+02 -3.2601442894E+00  1.7520213481E+00
HessDelSqRho_EigVec1 =  1.6279744743E-01  1.4600431035E-01  9.7579697298E-01
HessDelSqRho_EigVec2 = -9.4676491730E-01  3.0150120653E-01  1.1284154304E-01
HessDelSqRho_EigVec3 =  2.7772861301E-01  9.4222065559E-01 -1.8731538564E-01
</CP of DelSqRho>
<CP of DelSqRho>
CP# = 58      
Type = (3,-3)
Coords =  2.38228821574404E-01  5.40416668416361E-01  5.60953163594180E-01
DistFromNuc =  8.1453793148E-01
Rho =  2.1796072141E+00
DelSqRho =  1.7948145861E+01
GradDelSqRho =  1.9078072455E-12  2.1707080577E-12  1.6591172880E-12
HessDelSqRho_EigVals = -8.0207805958E+02 -2.3382273942E+00 -2.3356021364E+00
HessDelSqRho_EigVec1 =  2.9252347339E-01  6.6348007428E-01  6.8863938934E-01
HessDelSqRho_EigVec2 = -8.6525977618E-01 -1.2295495832E-01  4.8601193190E-01
HessDelSqRho_EigVec3 =  4.0713086009E-01 -7.3802186232E-01  5.3811540910E-01
</CP of DelSqRho>
<CP of DelSqRho>
CP# = 59      
Type = (3,-3)
Coords = -4.99207932564320E-01  6.43510112731207E-01 -1.30674602402909E-02
DistFromNuc =  8.1453719059E-01
Rho =  2.1796127593E+00
DelSqRho =  1.7948265093E+01
GradDelSqRho =  9.6367358537E-14 -8.5265128291E-14  1.1102230246E-15
HessDelSqRho_EigVals = -8.0208594339E+02 -2.3400860087E+00 -2.3356922304E+00
HessDelSqRho_EigVec1 = -6.1282585420E-01  7.9005408378E-01 -1.6094009162E-02
HessDelSqRho_EigVec2 = -2.5765344018E-01 -1.8051910782E-01  9.4922471337E-01
HessDelSqRho_EigVec3 =  7.4703358505E-01  5.8585612262E-01  3.1418692906E-01
</CP of DelSqRho>
<CP of DelSqRho>
CP# = 60      
Type = (3,-1)
Coords =  2.91525076511192E-01 -6.07210713873561E-01  4.60511106851437E-01
DistFromNuc =  8.1592667208E-01
Rho =  2.1709161021E+00
DelSqRho =  1.7850422957E+01
GradDelSqRho =  1.0658141036E-14 -3.1974423109E-14  7.4606987255E-14
HessDelSqRho_EigVals = -7.9255376263E+02 -3.2590778296E+00  1.7561115785E+00
HessDelSqRho_EigVec1 = -3.5736349112E-01  7.4415291720E-01 -5.6438264594E-01
HessDelSqRho_EigVec2 =  7.5130718465E-01  5.8802608211E-01  2.9960447437E-01
HessDelSqRho_EigVec3 = -5.5482325971E-01  3.1695703587E-01  7.6922648674E-01
</CP of DelSqRho>
<CP of DelSqRho>
CP# = 61      
Type = (3,-1)
Coords = -4.80279840238769E-01 -3.60187029616521E-01  5.52638389837227E-01
DistFromNuc =  8.1592613843E-01
Rho =  2.1709226575E+00
DelSqRho =  1.7850689630E+01
GradDelSqRho =  1.1102230246E-13  4.0856207306E-14 -7.8159700934E-14
HessDelSqRho_EigVals = -7.9256640271E+02 -3.2590251135E+00  1.7541959801E+00
HessDelSqRho_EigVec1 = -5.8857481442E-01 -4.4147284502E-01  6.7726022690E-01
HessDelSqRho_EigVec2 = -1.9537341118E-01  8.9057680625E-01  4.1073371223E-01
HessDelSqRho_EigVec3 = -7.8448003036E-01  1.0942887767E-01 -6.1042313414E-01
</CP of DelSqRho>
<CP of DelSqRho>
CP# = 62      
Type = (3,-1)
Coords =  4.80183898752668E-01  3.60138219716959E-01 -5.52614522425683E-01
DistFromNuc =  8.1592650842E-01
Rho =  2.1709202248E+00
DelSqRho =  1.7850737272E+01
